           0     15.3379
           1      15.332
           2     14.5214
           3     12.6698
           4     12.0041
           5      11.973
           6     11.5202
           7     10.9221
           8     10.7752
           9      10.623
          10     10.4557
          11     9.65065
          12     9.44988
          13     9.44988
          14     9.44988
          15     9.44988
          16     9.26908
          17     9.24559
          18     9.24559
          19     9.22516
          20     9.07769
          21     8.95114
          22     8.95114
          23     8.34619
          24     8.34619
          25     8.34619
          26     8.27445
          27       8.051
          28       8.051
          29     7.84163
          30     7.84163
          31     7.84163
          32     7.48683
          33     7.48683
          34     7.48683
          35     7.48683
          36     7.48683
          37     7.44092
          38      7.3868
          39     7.18738
          40     7.18738
          41     7.18738
          42     7.18738
          43     7.18738
          44     7.18738
          45     7.15886
          46     7.12565
          47     7.12565
          48     7.12565
          49     7.10535
          50     7.09714
          51     7.09714
          52     7.02703
          53     7.02703
          54      7.0249
          55     7.00962
          56     7.00962
          57     7.00962
          58     7.00962
          59     6.95469
          60     6.95127
          61     6.89634
          62     6.89634
          63     6.89634
          64     6.89634
          65     6.89634
          66     6.89634
          67     6.63221
          68     6.63221
          69     6.57728
          70     6.57728
          71     6.57728
          72     6.57728
          73     6.57728
          74     6.57728
          75     6.57728
          76     6.57728
          77     6.57728
          78     6.57256
          79     6.57256
          80     6.57256
          81     6.57256
          82     6.57256
          83     6.57256
          84     6.57256
          85     6.57256
          86     6.55393
          87     6.55393
          88     6.55393
          89     6.55393
          90     6.52524
          91     6.52524
          92     6.52524
          93      6.4047
          94      6.4047
          95     5.98018
          96     5.98018
          97     5.98018
          98     5.98018
          99     5.98018
         100     5.98018
         101     5.98018
         102     5.98018
         103     5.98018
         104     5.98018
         105     5.98018
         106     5.98018
         107     5.98018
         108     5.98018
         109     5.98018
         110     5.98018
         111     5.98018
         112     5.98018
         113     5.98018
         114     5.98018
         115     5.98018
         116     5.98018
         117     5.98018
         118     5.98018
         119     5.98018
         120     5.98018
         121     5.98018
         122     5.98018
         123     5.98018
         124     5.98018
         125     5.98018
         126     5.98018
         127     5.98018
         128     5.98018
         129     5.98018
         130     5.98018
         131     5.98018
         132     5.98018
         133     5.98018
         134     5.98018
         135     5.98018
         136     5.98018
         137     5.98018
         138     5.98018
         139     5.98018
         140     5.98018
         141     5.98018
         142     5.98018
         143     5.98018
         144     5.98018
         145     5.98018
         146     5.98018
         147     5.98018
         148     5.98018
         149     5.98018
         150     5.98018
         151     5.98018
         152     5.98018
         153     5.98018
         154     5.98018
         155     5.98018
         156     5.98018
         157     5.98018
         158     5.98018
         159     5.98018
         160     5.98018
         161     5.98018
         162     5.98018
         163     5.98018
         164     5.98018
         165     5.98018
         166     5.98018
         167     5.98018
         168     5.98018
         169     5.98018
         170     5.98018
         171     5.98018
         172     5.98018
         173     5.98018
         174     5.98018
         175     5.98018
         176     5.98018
         177     5.98018
         178     5.98018
         179     5.98018
         180     5.98018
         181     5.98018
         182     5.98018
         183     5.98018
         184     5.98018
         185     5.98018
         186     5.98018
         187     5.98018
         188     5.98018
         189     5.98018
         190     5.98018
         191     5.98018
         192     5.98018
         193     5.98018
         194     5.98018
         195     5.98018
         196     5.98018
         197     5.98018
         198     5.98018
         199     5.98018
         200     5.98018
         201     5.98018
         202     5.98018
         203     5.98018
         204     5.98018
         205     5.98018
         206     5.98018
         207     5.98018
         208     5.98018
         209     5.98018
         210     5.98018
         211     5.98018
         212     5.98018
         213     5.98018
         214     5.98018
         215     5.98018
         216     5.98018
         217     5.98018
         218     5.98018
         219     5.98018
         220     5.98018
         221     5.98018
         222     5.98018
         223     5.98018
         224     5.98018
         225     5.98018
         226     5.98018
         227     5.98018
         228     5.98018
         229     5.98018
         230     5.98018
         231     5.98018
         232     5.98018
         233     5.87361
         234     5.87361
         235     5.87361
         236     5.87361
         237     5.87361
         238     5.87361
         239     5.87361
         240     5.86622
         241     5.86622
         242     5.86622
         243     5.86622
         244     5.86622
         245     5.86622
         246     5.86622
         247     5.86622
         248     5.86622
         249     5.86622
         250     5.86622
         251     5.86622
         252     5.86622
         253     5.86622
         254     5.86622
         255     5.86622
         256     5.86622
         257     5.86622
         258     5.86622
         259     5.86622
         260     5.86622
         261     5.86622
         262     5.86622
         263     5.86622
         264     5.86622
         265     5.86622
         266     5.86622
         267     5.86622
         268     5.86622
         269     5.86622
         270     5.86622
         271     5.86622
         272     5.86622
         273     5.86622
         274     5.86622
         275     5.86622
         276     5.86622
         277     5.86622
         278     5.86622
         279     5.86622
         280     5.86622
         281     5.86622
         282     5.86622
         283     5.86622
         284     5.86622
         285     5.86622
         286     5.86622
         287     5.86622
         288     5.86622
         289     5.86622
         290     5.86622
         291     5.86622
         292     5.86622
         293     5.86622
         294     5.86622
         295     5.86622
         296     5.86622
         297     5.86622
         298     5.86622
         299     5.86622
         300     5.86622
         301     5.86622
         302     5.86622
         303     5.86622
         304     5.86622
         305     5.86622
         306     5.86622
         307     5.86622
         308     5.86622
         309     5.86622
         310     5.86622
         311     5.86622
         312     5.86622
         313     5.86622
         314     5.86622
         315     5.86622
         316     5.86622
         317     5.86622
         318     5.86622
         319     5.86622
         320     5.86622
         321     5.86622
         322     5.86622
         323     5.86622
         324     5.86622
         325     5.86622
         326     5.86622
         327     5.86622
         328     5.86622
         329     5.86622
         330     5.86622
         331     5.86622
         332     5.86622
         333     5.86622
         334     5.86622
         335     5.86622
         336     5.86622
         337     5.86622
         338     5.86622
         339     5.86622
         340     5.86622
         341     5.86622
         342     5.86622
         343     5.86622
         344     5.86622
         345     5.86622
         346     5.86622
         347     5.86622
         348     5.86622
         349     5.86622
         350     5.86622
         351     5.86622
         352     5.86622
         353     5.86622
         354     5.86622
         355     5.86622
         356     5.86622
         357     5.86622
         358     5.86622
         359     5.86622
         360     5.86622
         361     5.86622
         362     5.86622
         363     5.86622
         364     5.86622
         365     5.86622
         366     5.86622
         367     5.86622
         368     5.86622
         369     5.86622
         370     5.86622
         371     5.86622
         372     5.86622
         373     5.86622
         374     5.86622
         375     5.86622
         376     5.86622
         377     5.86622
         378     5.86622
         379     5.86622
         380     5.86622
         381     5.86622
         382     5.86622
         383     5.86622
         384     5.86622
         385     5.86622
         386     5.86622
         387     5.86622
         388     5.86622
         389     5.86622
         390     5.86622
         391     5.86622
         392     5.86622
         393     5.86622
         394     5.86622
         395     5.86622
         396     5.86622
         397     5.86622
         398     5.86622
         399     5.86622
         400     5.86622
         401     5.86622
         402     5.86622
         403     5.86622
         404     5.86622
         405     5.86622
         406     5.86622
         407     5.86622
         408     5.86622
         409     5.86622
         410     5.86622
         411     5.86622
         412     5.86622
         413     5.86622
         414     5.86622
         415     5.86622
         416     5.86622
         417     5.86622
         418     5.86622
         419     5.86622
         420     5.86622
         421     5.86622
         422     5.86622
         423     5.86622
         424     5.86622
         425     5.86622
         426     5.86622
         427     5.86622
         428     5.86622
         429     5.86622
         430     5.86622
         431     5.86622
         432     5.86622
         433     5.86622
         434     5.86622
         435     5.86622
         436     5.86622
         437     5.86622
         438     5.86622
         439     5.86622
         440     5.86622
         441     5.86622
         442     5.86622
         443     5.86622
         444     5.86622
         445     5.86622
         446     5.86622
         447     5.86622
         448     5.86622
         449     5.86622
         450     5.86622
         451     5.86622
         452     5.86622
         453     5.86622
         454     5.86622
         455     5.86622
         456     5.86622
         457     5.86622
         458     5.86622
         459     5.86622
         460     5.86622
         461     5.86622
         462     5.86622
         463     5.86622
         464     5.86622
         465     5.86622
         466     5.86622
         467     5.86622
         468     5.86622
         469     5.86622
         470     5.86622
         471     5.86622
         472     5.86622
         473     5.86622
         474     5.86622
         475     5.86622
         476     5.86622
         477     5.86622
         478     5.86622
         479     5.86622
         480     5.86622
         481     5.86622
         482     5.86622
         483     5.86622
         484     5.86622
         485     5.86622
         486     5.86622
         487     5.86622
         488     5.86622
         489     5.86622
         490     5.86622
         491     5.86622
         492     5.86622
         493     5.86622
         494     5.86622
         495     5.86622
         496     5.86622
         497     5.86622
         498     5.86622
         499     5.86622
         500     5.86622
         501     5.86622
         502     5.86622
         503     5.86622
         504     5.86622
         505     5.86622
         506     5.86622
         507     5.86622
         508     5.86622
         509     5.86622
         510     5.86622
         511     5.86622
         512     5.86622
         513     5.86622
         514     5.86622
         515     5.86622
         516     5.86622
         517     5.86622
         518     5.86622
         519     5.86622
         520     5.86622
         521     5.86622
         522     5.86622
         523     5.86622
         524     5.86622
         525     5.86622
         526     5.86622
         527     5.86622
         528     5.86622
         529     5.86622
         530     5.86622
         531     5.86622
         532     5.86622
         533     5.86622
         534     5.86622
         535     5.86622
         536     5.86622
         537     5.86622
         538     5.86622
         539     5.86622
         540     5.86622
         541     5.86622
         542     5.86622
         543     5.86622
         544     5.86622
         545     5.86622
         546     5.86622
         547     5.86622
         548     5.86622
         549     5.86622
         550     5.86622
         551     5.86622
         552     5.86622
         553     5.86622
         554     5.86622
         555     5.86622
         556     5.86622
         557     5.86622
         558     5.86622
         559     5.86622
         560     5.86622
         561     5.86622
         562     5.86622
         563     5.86622
         564     5.86622
         565     5.86622
         566     5.86622
         567     5.86622
         568     5.86622
         569     5.86622
         570     5.86622
         571     5.86622
         572     5.86622
         573     5.86622
         574     5.86622
         575     5.86622
         576     5.86622
         577     5.86622
         578     5.86622
         579     5.86622
         580     5.86622
         581     5.86622
         582     5.86622
         583     5.86622
         584     5.86622
         585     5.86622
         586     5.86622
         587     5.86622
         588     5.86622
         589     5.86622
         590     5.86622
         591     5.86622
         592     5.86622
         593     5.86622
         594     5.86622
         595     5.86622
         596     5.86622
         597     5.86622
         598     5.86622
         599     5.86622
         600     5.86622
         601     5.86622
         602     5.86622
         603     5.86622
         604     5.86622
         605     5.86622
         606     5.86622
         607     5.86622
         608     5.86622
         609     5.86622
         610     5.86622
         611     5.86622
         612     5.86622
         613     5.86622
         614     5.86622
         615     5.86622
         616     5.86622
         617     5.86622
         618     5.86622
         619     5.86622
         620     5.86622
         621     5.86622
         622     5.86622
         623     5.86622
         624     5.86622
         625     5.86622
         626     5.86622
         627     5.86622
         628     5.86622
         629     5.86622
         630     5.86622
         631     5.86622
         632     5.86622
         633     5.86622
         634     5.86622
         635     5.86622
         636     5.86622
         637     5.86622
         638     5.86622
         639     5.86622
         640     5.86622
         641     5.86622
         642     5.86622
         643     5.86622
         644     5.86622
         645     5.86622
         646     5.86622
         647     5.86622
         648     5.86622
         649     5.86622
         650     5.86622
         651     5.86622
         652     5.86622
         653     5.86622
         654     5.86622
         655     5.86622
         656     5.86622
         657     5.86622
         658     5.86622
         659     5.86622
         660     5.86622
         661     5.86622
         662     5.86622
         663     5.86622
         664     5.86622
         665     5.86622
         666     5.86622
         667     5.86622
         668     5.86622
         669     5.86622
         670     5.86622
         671     5.86622
         672     5.86622
         673     5.86622
         674     5.86622
         675     5.86622
         676     5.86622
         677     5.86622
         678     5.86622
         679     5.86622
         680     5.86622
         681     5.86622
         682     5.86622
         683     5.86622
         684     5.86622
         685     5.86622
         686     5.86622
         687     5.86622
         688     5.86622
         689     5.86622
         690     5.86622
         691     5.86622
         692     5.86622
         693     5.86622
         694     5.86622
         695     5.86622
         696     5.86622
         697     5.86622
         698     5.86622
         699     5.86622
         700     5.86622
         701     5.86622
         702     5.86622
         703     5.86622
         704     5.86622
         705     5.86622
         706     5.86622
         707     5.86622
         708     5.86622
         709     5.86622
         710     5.86622
         711     5.86622
         712     5.86622
         713     5.86622
         714     5.86622
         715     5.86622
         716     5.86622
         717     5.86622
         718     5.86622
         719     5.86622
         720     5.86622
         721     5.86622
         722     5.86622
         723     5.86622
         724     5.86622
         725     5.86622
         726     5.86622
         727     5.86622
         728     5.86622
         729     5.86622
         730     5.86622
         731     5.86622
         732     5.86622
         733     5.86622
         734     5.86622
         735     5.86622
         736     5.86622
         737     5.86622
         738     5.86622
         739     5.86622
         740     5.86622
         741     5.86622
         742     5.86622
         743     5.86622
         744     5.86622
         745     5.86622
         746     5.86622
         747     5.86622
         748     5.86622
         749     5.86622
         750     5.86622
         751     5.86622
         752     5.86622
         753     5.86622
         754     5.86622
         755     5.86622
         756     5.86622
         757     5.86622
         758     5.86622
         759     5.86622
         760     5.86622
         761     5.86622
         762     5.86622
         763     5.86622
         764     5.86622
         765     5.86622
         766     5.86622
         767     5.86622
         768     5.86622
         769     5.86622
         770     5.86622
         771     5.86622
         772     5.86622
         773     5.86622
         774     5.86622
         775     5.86622
         776     5.86622
         777     5.86622
         778     5.86622
         779     5.86622
         780     5.86622
         781     5.86622
         782     5.86622
         783     5.86622
         784     5.86622
         785     5.86622
         786     5.86622
         787     5.86622
         788     5.86622
         789     5.86622
         790     5.86622
         791     5.86622
         792     5.86622
         793     5.86622
         794     5.86622
         795     5.86622
         796     5.86622
         797     5.86622
         798     5.86622
         799     5.86622
         800     5.86622
         801     5.86622
         802     5.86622
         803     5.86622
         804     5.86622
         805     5.86622
         806     5.86622
         807     5.86622
         808     5.86622
         809     5.86622
         810     5.86622
         811     5.86622
         812     5.86622
         813     5.86622
         814     5.86622
         815     5.86622
         816     5.86622
         817     5.86622
         818     5.86622
         819     5.86622
         820     5.86622
         821     5.86622
         822     5.86622
         823     5.86622
         824     5.86622
         825     5.86622
         826     5.86622
         827     5.86622
         828     5.86622
         829     5.86622
         830     5.86622
         831     5.86622
         832     5.86622
         833     5.86622
         834     5.86622
         835     5.86622
         836     5.86622
         837     5.86622
         838     5.86622
         839     5.86622
         840     5.86622
         841     5.86622
         842     5.86622
         843     5.86622
         844     5.86622
         845     5.86622
         846     5.86622
         847     5.86622
         848     5.86622
         849     5.86622
         850     5.86622
         851     5.86622
         852     5.86622
         853     5.86622
         854     5.86622
         855     5.86622
         856     5.86622
         857     5.86622
         858     5.86622
         859     5.86622
         860     5.86622
         861     5.86622
         862     5.86622
         863     5.86622
         864     5.86622
         865     5.86622
         866     5.86622
         867     5.86622
         868     5.86622
         869     5.86622
         870     5.86622
         871     5.86622
         872     5.86622
         873     5.86622
         874     5.86622
         875     5.86622
         876     5.86622
         877     5.86622
         878     5.86622
         879     5.86622
         880     5.86622
         881     5.86622
         882     5.86622
         883     5.86622
         884     5.86622
         885     5.86622
         886     5.86622
         887     5.86622
         888     5.86622
         889     5.86622
         890     5.86622
         891     5.86622
         892     5.86622
         893     5.86622
         894     5.86622
         895     5.86622
         896     5.86622
         897     5.86622
         898     5.86622
         899     5.86622
         900     5.86622
         901     5.86622
         902     5.86622
         903     5.86622
         904     5.86622
         905     5.86622
         906     5.86622
         907     5.86622
         908     5.86622
         909     5.86622
         910     5.86622
         911     5.86622
         912     5.86622
         913     5.86622
         914     5.86622
         915     5.86622
         916     5.86622
         917     5.86622
         918     5.86622
         919     5.86622
         920     5.86622
         921     5.86622
         922     5.86622
         923     5.86622
         924     5.86622
         925     5.86622
         926     5.86622
         927     5.86622
         928     5.86622
         929     5.86622
         930     5.86622
         931     5.86622
         932     5.86622
         933     5.86622
         934     5.86622
         935     5.86622
         936     5.86622
         937     5.86622
         938     5.86622
         939     5.86622
         940     5.86622
         941     5.86622
         942     5.86622
         943     5.86622
         944     5.86622
         945     5.86622
         946     5.86622
         947     5.86622
         948     5.86622
         949     5.86622
         950     5.86622
         951     5.86622
         952     5.86622
         953     5.86622
         954     5.86622
         955     5.86622
         956     5.86622
         957     5.86622
         958     5.86622
         959     5.86622
         960     5.86622
         961     5.86622
         962     5.86622
         963     5.86622
         964     5.86622
         965     5.86622
         966     5.86622
         967     5.86622
         968     5.86622
         969     5.86622
         970     5.86622
         971     5.86622
         972     5.86622
         973     5.86622
         974     5.86622
         975     5.86622
         976     5.86622
         977     5.86622
         978     5.86622
         979     5.86622
         980     5.86622
         981     5.86622
         982     5.86622
         983     5.86622
         984     5.86622
         985     5.86622
         986     5.86622
         987     5.86622
         988     5.86622
         989     5.86622
         990     5.86622
         991     5.86622
         992     5.86622
         993     5.86622
         994     5.86622
         995     5.86622
         996     5.86622
         997     5.86622
         998     5.86622
         999     5.86622
        1000     5.86622
        1001     5.86622
        1002     5.86622
        1003     5.86622
        1004     5.86622
        1005     5.86622
        1006     5.86622
        1007     5.86622
        1008     5.86622
        1009     5.86622
        1010     5.86622
        1011     5.86622
        1012     5.86622
        1013     5.86622
        1014     5.86622
        1015     5.86622
        1016     5.86622
        1017     5.86622
        1018     5.86622
        1019     5.86622
        1020     5.86622
        1021     5.86622
        1022     5.86622
        1023     5.86622
        1024     5.86622
        1025     5.86622
        1026     5.86622
        1027     5.86622
        1028     5.86622
        1029     5.86622
        1030     5.86622
        1031     5.86622
        1032     5.86622
        1033     5.86622
        1034     5.86622
        1035     5.86622
        1036     5.86622
        1037     5.86622
        1038     5.86622
        1039     5.86622
        1040     5.86622
        1041     5.86622
        1042     5.86622
        1043     5.86622
        1044     5.86622
        1045     5.86622
        1046     5.86622
        1047     5.86622
        1048     5.86622
        1049     5.86622
        1050     5.86622
        1051     5.86622
        1052     5.86622
        1053     5.86622
        1054     5.86622
        1055     5.86622
        1056     5.86622
        1057     5.86622
        1058     5.86622
        1059     5.86622
        1060     5.86622
        1061     5.86622
        1062     5.86622
        1063     5.86622
        1064     5.86622
        1065     5.86622
        1066     5.86622
        1067     5.86622
        1068     5.86622
        1069     5.86622
        1070     5.86622
        1071     5.86622
        1072     5.86622
        1073     5.86622
        1074     5.86622
        1075     5.86622
        1076     5.86622
        1077     5.86622
        1078     5.86622
        1079     5.86622
        1080     5.86622
        1081     5.86622
        1082     5.86622
        1083     5.86622
        1084     5.86622
        1085     5.86622
        1086     5.86622
        1087     5.86622
        1088     5.86622
        1089     5.86622
        1090     5.86622
        1091     5.86622
        1092     5.86622
        1093     5.86622
        1094     5.86622
        1095     5.86622
        1096     5.86622
        1097     5.86622
        1098     5.86622
        1099     5.86622
        1100     5.86622
        1101     5.86622
        1102     5.86622
        1103     5.86622
        1104     5.86622
        1105     5.86622
        1106     5.86622
        1107     5.86622
        1108     5.86622
        1109     5.86622
        1110     5.86622
        1111     5.86622
        1112     5.86622
        1113     5.86622
        1114     5.86622
        1115     5.86622
        1116     5.86622
        1117     5.86622
        1118     5.86622
        1119     5.86622
        1120     5.86622
        1121     5.86622
        1122     5.86622
        1123     5.86622
        1124     5.86622
        1125     5.86622
        1126     5.86622
        1127     5.86622
        1128     5.86622
        1129     5.86622
        1130     5.86622
        1131     5.86622
        1132     5.86622
        1133     5.86622
        1134     5.86622
        1135     5.86622
        1136     5.86622
        1137     5.86622
        1138     5.86622
        1139     5.86622
        1140     5.86622
        1141     5.86622
        1142     5.86622
        1143     5.86622
        1144     5.86622
        1145     5.86622
        1146     5.86622
        1147     5.86622
        1148     5.86622
        1149     5.86622
        1150     5.86622
        1151     5.86622
        1152     5.86622
        1153     5.86622
        1154     5.86622
        1155     5.86622
        1156     5.86622
        1157     5.86622
        1158     5.86622
        1159     5.86622
        1160     5.86622
        1161     5.86622
        1162     5.86622
        1163     5.86622
        1164     5.86622
        1165     5.86622
        1166     5.86622
        1167     5.86622
        1168     5.86622
        1169     5.86622
        1170     5.86622
        1171     5.86622
        1172     5.86622
        1173     5.86622
        1174     5.86622
        1175     5.86622
        1176     5.86622
        1177     5.86622
        1178     5.86622
        1179     5.86622
        1180     5.86622
        1181     5.86622
        1182     5.86622
        1183     5.86622
        1184     5.86622
        1185     5.86622
        1186     5.86622
        1187     5.86622
        1188     5.86622
        1189     5.86622
        1190     5.86622
        1191     5.86622
        1192     5.86622
        1193     5.86622
        1194     5.86622
        1195     5.86622
        1196     5.86622
        1197     5.86622
        1198     5.86622
        1199     5.86622
        1200     5.86622
        1201     5.86622
        1202     5.86622
        1203     5.86622
        1204     5.86622
        1205     5.86622
        1206     5.86622
        1207     5.86622
        1208     5.86622
        1209     5.86622
        1210     5.86622
        1211     5.86622
        1212     5.86622
        1213     5.86622
        1214     5.86622
        1215     5.86622
        1216     5.86622
        1217     5.86622
        1218     5.86622
        1219     5.86622
        1220     5.86622
        1221     5.86622
        1222     5.86622
        1223     5.86622
        1224     5.86622
        1225     5.86622
        1226     5.86622
        1227     5.86622
        1228     5.86622
        1229     5.86622
        1230     5.86622
        1231     5.86622
        1232     5.86622
        1233     5.86622
        1234     5.86622
        1235     5.86622
        1236     5.86622
        1237     5.86622
        1238     5.86622
        1239     5.86622
        1240     5.86622
        1241     5.86622
        1242     5.86622
        1243     5.86622
        1244     5.86622
        1245     5.86622
        1246     5.86622
        1247     5.86622
        1248     5.86622
        1249     5.86622
        1250     5.86622
        1251     5.86622
        1252     5.86622
        1253     5.86622
        1254     5.86622
        1255     5.86622
        1256     5.86622
        1257     5.86622
        1258     5.86622
        1259     5.86622
        1260     5.86622
        1261     5.86622
        1262     5.86622
        1263     5.86622
        1264     5.86622
        1265     5.86622
        1266     5.86622
        1267     5.86622
        1268     5.86622
        1269     5.86622
        1270     5.86622
        1271     5.86622
        1272     5.86622
        1273     5.86622
        1274     5.86622
        1275     5.86622
        1276     5.86622
        1277     5.86622
        1278     5.86622
        1279     5.86622
        1280     5.86622
        1281     5.86622
        1282     5.86622
        1283     5.86622
        1284     5.86622
        1285     5.86622
        1286     5.86622
        1287     5.86622
        1288     5.86622
        1289     5.86622
        1290     5.86622
        1291     5.86622
        1292     5.86622
        1293     5.86622
        1294     5.86622
        1295     5.86622
        1296     5.86622
        1297     5.86622
        1298     5.86622
        1299     5.86622
        1300     5.86622
        1301     5.86622
        1302     5.86622
        1303     5.86622
        1304     5.86622
        1305     5.86622
        1306     5.86622
        1307     5.86622
        1308     5.86622
        1309     5.86622
        1310     5.86622
        1311     5.86622
        1312     5.86622
        1313     5.86622
        1314     5.86622
        1315     5.86622
        1316     5.86622
        1317     5.86622
        1318     5.86622
        1319     5.86622
        1320     5.86622
        1321     5.86622
        1322     5.86622
        1323     5.86622
        1324     5.86622
        1325     5.86622
        1326     5.86622
        1327     5.86622
        1328     5.86622
        1329     5.86622
        1330     5.86622
        1331     5.86622
        1332     5.86622
        1333     5.86622
        1334     5.86622
        1335     5.86622
        1336     5.86622
        1337     5.86622
        1338     5.86622
        1339     5.86622
        1340     5.86622
        1341     5.86622
        1342     5.86622
        1343     5.86622
        1344     5.86622
        1345     5.86622
        1346     5.86622
        1347     5.86622
        1348     5.86622
        1349     5.86622
        1350     5.86622
        1351     5.86622
        1352     5.86622
        1353     5.86622
        1354     5.86622
        1355     5.86622
        1356     5.86622
        1357     5.86622
        1358     5.86622
        1359     5.86622
        1360     5.86622
        1361     5.86622
        1362     5.86622
        1363     5.86622
        1364     5.86622
        1365     5.86622
        1366     5.86622
        1367     5.86622
        1368     5.86622
        1369     5.86622
        1370     5.86622
        1371     5.86622
        1372     5.86622
        1373     5.86622
        1374     5.86622
        1375     5.86622
        1376     5.86622
        1377     5.86622
        1378     5.86622
        1379     5.86622
        1380     5.86622
        1381     5.86622
        1382     5.86622
        1383     5.86622
        1384     5.86622
        1385     5.86622
        1386     5.86622
        1387     5.86622
        1388     5.86622
        1389     5.86622
        1390     5.86622
        1391     5.86622
        1392     5.86622
        1393     5.86622
        1394     5.86622
        1395     5.86622
        1396     5.86622
        1397     5.86622
        1398     5.86622
        1399     5.86622
        1400     5.86622
        1401     5.86622
        1402     5.86622
        1403     5.86622
        1404     5.86622
        1405     5.86622
        1406     5.86622
        1407     5.86622
        1408     5.86622
        1409     5.86622
        1410     5.86622
        1411     5.86622
        1412     5.86622
        1413     5.86622
        1414     5.86622
        1415     5.86622
        1416     5.86622
        1417     5.86622
        1418     5.86622
        1419     5.86622
        1420     5.86622
        1421     5.86622
        1422     5.86622
        1423     5.86622
        1424     5.86622
        1425     5.86622
        1426     5.86622
        1427     5.86622
        1428     5.86622
        1429     5.86622
        1430     5.86622
        1431     5.86622
        1432     5.86622
        1433     5.86622
        1434     5.86622
        1435     5.86622
        1436     5.86622
        1437     5.86622
        1438     5.86622
        1439     5.86622
        1440     5.86622
        1441     5.86622
        1442     5.86622
        1443     5.86622
        1444     5.86622
        1445     5.86622
        1446     5.86622
        1447     5.86622
        1448     5.86622
        1449     5.86622
        1450     5.86622
        1451     5.86622
        1452     5.86622
        1453     5.86622
        1454     5.86622
        1455     5.86622
        1456     5.86622
        1457     5.86622
        1458     5.86622
        1459     5.86622
        1460     5.86622
        1461     5.86622
        1462     5.86622
        1463     5.86622
        1464     5.86622
        1465     5.86622
        1466     5.86622
        1467     5.86622
        1468     5.86622
        1469     5.86622
        1470     5.86622
        1471     5.86622
        1472     5.86622
        1473     5.86622
        1474     5.86622
        1475     5.86622
        1476     5.86622
        1477     5.86622
        1478     5.86622
        1479     5.86622
        1480     5.86622
        1481     5.86622
        1482     5.86622
        1483     5.86622
        1484     5.86622
        1485     5.86622
        1486     5.86622
        1487     5.86622
        1488     5.86622
        1489     5.86622
        1490     5.86622
        1491     5.86622
        1492     5.86622
        1493     5.86622
        1494     5.86622
        1495     5.86622
        1496     5.86622
        1497     5.86622
        1498     5.86622
        1499     5.86622
        1500     5.86622
        1501     5.86622
        1502     5.86622
        1503     5.86622
        1504     5.86622
        1505     5.86622
        1506     5.86622
        1507     5.86622
        1508     5.86622
        1509     5.86622
        1510     5.86622
        1511     5.86622
        1512     5.86622
        1513     5.86622
        1514     5.86622
        1515     5.86622
        1516     5.86622
        1517     5.86622
        1518     5.86622
        1519     5.86622
        1520     5.86622
        1521     5.86622
        1522     5.86622
        1523     5.86622
        1524     5.86622
        1525     5.86622
        1526     5.86622
        1527     5.86622
        1528     5.86622
        1529     5.86622
        1530     5.86622
        1531     5.86622
        1532     5.86622
        1533     5.86622
        1534     5.86622
        1535     5.86622
        1536     5.86622
        1537     5.86622
        1538     5.86622
        1539     5.86622
        1540     5.86622
        1541     5.86622
        1542     5.86622
        1543     5.86622
        1544     5.86622
        1545     5.86622
        1546     5.86622
        1547     5.86622
        1548     5.86622
        1549     5.86622
        1550     5.86622
        1551     5.86622
        1552     5.86622
        1553     5.86622
        1554     5.86622
        1555     5.86622
        1556     5.86622
        1557     5.86622
        1558     5.86622
        1559     5.86622
        1560     5.86622
        1561     5.86622
        1562     5.86622
        1563     5.86622
        1564     5.86622
        1565     5.86622
        1566     5.86622
        1567     5.86622
        1568     5.86622
        1569     5.86622
        1570     5.86622
        1571     5.86622
        1572     5.86622
        1573     5.86622
        1574     5.86622
        1575     5.86622
        1576     5.86622
        1577     5.86622
        1578     5.86622
        1579     5.86622
        1580     5.86622
        1581     5.86622
        1582     5.86622
        1583     5.86622
        1584     5.86622
        1585     5.86622
        1586     5.86622
        1587     5.86622
        1588     5.86622
        1589     5.86622
        1590     5.86622
        1591     5.86622
        1592     5.86622
        1593     5.86622
        1594     5.86622
        1595     5.86622
        1596     5.86622
        1597     5.86622
        1598     5.86622
        1599     5.86622
        1600     5.86622
        1601     5.86622
        1602     5.86622
        1603     5.86622
        1604     5.86622
        1605     5.86622
        1606     5.86622
        1607     5.86622
        1608     5.86622
        1609     5.86622
        1610     5.86622
        1611     5.86622
        1612     5.86622
        1613     5.86622
        1614     5.86622
        1615     5.86622
        1616     5.86622
        1617     5.86622
        1618     5.86622
        1619     5.84815
        1620     5.84815
        1621     5.84815
        1622     5.84815
        1623      5.8263
        1624      5.8263
        1625      5.8263
        1626      5.8263
        1627      5.8263
        1628      5.8263
        1629      5.8263
        1630      5.8263
        1631      5.8263
        1632      5.8263
        1633      5.8263
        1634      5.8263
        1635     5.82355
        1636     5.82355
        1637     5.82355
        1638     5.82355
        1639     5.82355
        1640     5.82355
        1641     5.82355
        1642     5.82355
        1643     5.82355
        1644     5.82355
        1645     5.82355
        1646     5.82355
        1647     5.82355
        1648     5.82355
        1649     5.82355
        1650     5.82355
        1651     5.82355
        1652     5.82355
        1653     5.82355
        1654     5.82355
        1655     5.82355
        1656     5.82355
        1657     5.82355
        1658     5.82355
        1659     5.82355
        1660     5.82355
        1661     5.82355
        1662     5.82355
        1663     5.82355
        1664     5.82355
        1665     5.82355
        1666     5.82355
        1667     5.82355
        1668     5.82355
        1669     5.82355
        1670     5.82355
        1671     5.82355
        1672     5.82355
        1673     5.82355
        1674     5.82355
        1675     5.82355
        1676     5.82355
        1677     5.82355
        1678     5.82355
        1679     5.82355
        1680     5.82355
        1681     5.82355
        1682     5.82355
        1683     5.82355
        1684     5.82355
        1685     5.82355
        1686     5.82355
        1687     5.63748
        1688     5.45229
        1689     5.45229
        1690     5.26914
        1691     5.26914
        1692     5.26914
        1693     5.26914
        1694     5.26914
        1695     5.26914
        1696      5.2517
        1697      5.2517
        1698      5.2517
        1699      5.2517
        1700      5.2517
        1701      5.2517
        1702      5.2517
        1703      5.2517
        1704      5.2517
        1705      5.2517
        1706      5.2517
        1707      5.2517
        1708      5.2517
        1709      5.2517
        1710      5.2517
        1711      5.2517
        1712      5.2517
        1713      5.2517
        1714      5.2517
        1715      5.2517
        1716      5.2517
        1717      5.2517
        1718      5.2517
        1719      5.2517
        1720      5.2517
        1721      5.2517
        1722      5.2517
        1723      5.2517
        1724      5.2517
        1725      5.2517
        1726      5.2517
        1727      5.2517
        1728      5.2517
        1729      5.2517
        1730      5.2517
        1731      5.2517
        1732      5.2517
        1733      5.2517
        1734      5.2517
        1735      5.2517
        1736      5.2517
        1737      5.2517
        1738      5.2517
        1739      5.2517
        1740      5.2517
        1741      5.2517
        1742      5.2517
        1743      5.2517
        1744      5.2517
        1745      5.2517
        1746      5.2517
        1747      5.2517
        1748      5.2517
        1749      5.2517
        1750      5.2517
        1751      5.2517
        1752      5.2517
        1753      5.2517
        1754      5.2517
        1755      5.2517
        1756      5.2517
        1757      5.2517
        1758      5.2517
        1759      5.2517
        1760      5.2517
        1761      5.2517
        1762      5.2517
        1763      5.2517
        1764      5.2517
        1765      5.2517
        1766      5.2517
        1767      5.2517
        1768      5.2517
        1769      5.2517
        1770      5.2517
        1771      5.2517
        1772      5.2517
        1773      5.2517
        1774      5.2517
        1775      5.2517
        1776      5.2517
        1777      5.2517
        1778      5.2517
        1779      5.2517
        1780      5.2517
        1781      5.2517
        1782      5.2517
        1783      5.2517
        1784      5.2517
        1785      5.2517
        1786      5.2517
        1787      5.2517
        1788      5.2517
        1789      5.2517
        1790      5.2517
        1791      5.2517
        1792      5.2517
        1793      5.2517
        1794      5.2517
        1795      5.2517
        1796      5.2517
        1797      5.2517
        1798      5.2517
        1799      5.2517
        1800      5.2517
        1801      5.2517
        1802      5.2517
        1803      5.2517
        1804      5.2517
        1805      5.2517
        1806      5.2517
        1807      5.2517
        1808      5.2517
        1809      5.2517
        1810      5.2517
        1811      5.2517
        1812      5.2517
        1813      5.2517
        1814      5.2517
        1815      5.2517
        1816      5.2517
        1817      5.2517
        1818      5.2517
        1819      5.2517
        1820      5.2517
        1821      5.2517
        1822      5.2517
        1823      5.2517
        1824      5.2517
        1825      5.2517
        1826      5.2517
        1827      5.2517
        1828      5.2517
        1829      5.2517
        1830      5.2517
        1831      5.2517
        1832      5.2517
        1833      5.2517
        1834      5.2517
        1835      5.2517
        1836      5.2517
        1837      5.2517
        1838      5.2517
        1839      5.2517
        1840      5.2517
        1841      5.2517
        1842      5.2517
        1843      5.2517
        1844      5.2517
        1845      5.2517
        1846      5.2517
        1847      5.2517
        1848      5.2517
        1849      5.2517
        1850      5.2517
        1851      5.2517
        1852      5.2517
        1853      5.2517
        1854      5.2517
        1855      5.2517
        1856      5.2517
        1857      5.2517
        1858      5.2517
        1859      5.2517
        1860      5.2517
        1861      5.2517
        1862      5.2517
        1863      5.2517
        1864      5.2517
        1865      5.2517
        1866      5.2517
        1867      5.2517
        1868      5.2517
        1869      5.2517
        1870      5.2517
        1871      5.2517
        1872      5.2517
        1873      5.2517
        1874      5.2517
        1875      5.2517
        1876      5.2517
        1877      5.2517
        1878      5.2517
        1879      5.2517
        1880      5.2517
        1881      5.2517
        1882      5.2517
        1883      5.2517
        1884      5.2517
        1885      5.2517
        1886      5.2517
        1887      5.2517
        1888      5.2517
        1889      5.2517
        1890      5.2517
        1891      5.2517
        1892      5.2517
        1893      5.2517
        1894      5.2517
        1895      5.2517
        1896      5.2517
        1897      5.2517
        1898      5.2517
        1899      5.2517
        1900      5.2517
        1901      5.2517
        1902      5.2517
        1903      5.2517
        1904      5.2517
        1905      5.2517
        1906      5.2517
        1907      5.2517
        1908      5.2517
        1909      5.2517
        1910      5.2517
        1911      5.2517
        1912      5.2517
        1913      5.2517
        1914      5.2517
        1915      5.2517
        1916      5.2517
        1917      5.2517
        1918      5.2517
        1919      5.2517
        1920      5.2517
        1921      5.2517
        1922      5.2517
        1923      5.2517
        1924      5.2517
        1925      5.2517
        1926      5.2517
        1927      5.2517
        1928      5.2517
        1929      5.2517
        1930      5.2517
        1931      5.2517
        1932      5.2517
        1933      5.2517
        1934      5.2517
        1935      5.2517
        1936      5.2517
        1937      5.2517
        1938      5.2517
        1939      5.2517
        1940      5.2517
        1941      5.2517
        1942      5.2517
        1943      5.2517
        1944      5.2517
        1945      5.2517
        1946      5.2517
        1947      5.2517
        1948      5.2517
        1949      5.2517
        1950      5.2517
        1951      5.2517
        1952      5.2517
        1953      5.2517
        1954      5.2517
        1955      5.2517
        1956      5.2517
        1957      5.2517
        1958      5.2517
        1959      5.2517
        1960      5.2517
        1961      5.2517
        1962      5.2517
        1963      5.2517
        1964      5.2517
        1965      5.2517
        1966      5.2517
        1967      5.2517
        1968      5.2517
        1969      5.2517
        1970      5.2517
        1971      5.2517
        1972      5.2517
        1973      5.2517
        1974      5.2517
        1975      5.2517
        1976      5.2517
        1977      5.2517
        1978      5.2517
        1979      5.2517
        1980      5.2517
        1981      5.2517
        1982      5.2517
        1983      5.2517
        1984      5.2517
        1985      5.2517
        1986      5.2517
        1987      5.2517
        1988      5.2517
        1989      5.2517
        1990      5.2517
        1991      5.2517
        1992      5.2517
        1993      5.2517
        1994      5.2517
        1995      5.2517
        1996      5.2517
        1997      5.2517
        1998      5.2517
        1999      5.2517
        2000      5.2517
        2001      5.2517
        2002      5.2517
        2003      5.2517
        2004      5.2517
        2005      5.2517
        2006      5.2517
        2007      5.2517
        2008      5.2517
        2009      5.2517
        2010      5.2517
        2011      5.2517
        2012      5.2517
        2013      5.2517
        2014      5.2517
        2015      5.2517
        2016      5.2517
        2017      5.2517
        2018      5.2517
        2019      5.2517
        2020      5.2517
        2021      5.2517
        2022      5.2517
        2023      5.2517
        2024      5.2517
        2025      5.2517
        2026      5.2517
        2027      5.2517
        2028      5.2517
        2029      5.2517
        2030      5.2517
        2031      5.2517
        2032      5.2517
        2033      5.2517
        2034      5.2517
        2035      5.2517
        2036      5.2517
        2037      5.2517
        2038      5.2517
        2039      5.2517
        2040      5.2517
        2041      5.2517
        2042      5.2517
        2043      5.2517
        2044      5.2517
        2045      5.2517
        2046      5.2517
        2047      5.2517
        2048      5.2517
        2049      5.2517
        2050      5.2517
        2051      5.2517
        2052      5.2517
        2053      5.2517
        2054      5.2517
        2055      5.2517
        2056      5.2517
        2057      5.2517
        2058      5.2517
        2059      5.2517
        2060      5.2517
        2061      5.2517
        2062      5.2517
        2063      5.2517
        2064      5.2517
        2065      5.2517
        2066      5.2517
        2067      5.2517
        2068      5.2517
        2069      5.2517
        2070      5.2517
        2071      5.2517
        2072      5.2517
        2073      5.2517
        2074      5.2517
        2075      5.2517
        2076      5.2517
        2077      5.2517
        2078      5.2517
        2079      5.2517
        2080      5.2517
        2081      5.2517
        2082      5.2517
        2083      5.2517
        2084      5.2517
        2085      5.2517
        2086      5.2517
        2087      5.2517
        2088      5.2517
        2089      5.2517
        2090      5.2517
        2091      5.2517
        2092      5.2517
        2093      5.2517
        2094      5.2517
        2095      5.2517
        2096      5.2517
        2097      5.2517
        2098      5.2517
        2099      5.2517
        2100      5.2517
        2101      5.2517
        2102      5.2517
        2103      5.2517
        2104      5.2517
        2105      5.2517
        2106      5.2517
        2107      5.2517
        2108      5.2517
        2109      5.2517
        2110      5.2517
        2111      5.2517
        2112      5.2517
        2113      5.2517
        2114      5.2517
        2115      5.2517
        2116      5.2517
        2117      5.2517
        2118      5.2517
        2119      5.2517
        2120      5.2517
        2121      5.2517
        2122      5.2517
        2123      5.2517
        2124      5.2517
        2125      5.2517
        2126      5.2517
        2127      5.2517
        2128      5.2517
        2129      5.2517
        2130      5.2517
        2131      5.2517
        2132      5.2517
        2133      5.2517
        2134      5.2517
        2135      5.2517
        2136      5.2517
        2137      5.2517
        2138      5.2517
        2139      5.2517
        2140      5.2517
        2141      5.2517
        2142      5.2517
        2143      5.2517
        2144      5.2517
        2145      5.2517
        2146      5.2517
        2147      5.2517
        2148      5.2517
        2149      5.2517
        2150      5.2517
        2151      5.2517
        2152      5.2517
        2153      5.2517
        2154      5.2517
        2155      5.2517
        2156      5.2517
        2157      5.2517
        2158      5.2517
        2159      5.2517
        2160      5.2517
        2161      5.2517
        2162      5.2517
        2163      5.2517
        2164      5.2517
        2165      5.2517
        2166      5.2517
        2167      5.2517
        2168      5.2517
        2169      5.2517
        2170      5.2517
        2171      5.2517
        2172      5.2517
        2173      5.2517
        2174      5.2517
        2175      5.2517
        2176      5.2517
        2177      5.2517
        2178      5.2517
        2179      5.2517
        2180      5.2517
        2181      5.2517
        2182      5.2517
        2183      5.2517
        2184      5.2517
        2185      5.2517
        2186      5.2517
        2187      5.2517
        2188      5.2517
        2189      5.2517
        2190      5.2517
        2191      5.2517
        2192      5.2517
        2193      5.2517
        2194      5.2517
        2195      5.2517
        2196      5.2517
        2197      5.2517
        2198      5.2517
        2199      5.2517
        2200      5.2517
        2201      5.2517
        2202      5.2517
        2203      5.2517
        2204      5.2517
        2205      5.2517
        2206      5.2517
        2207      5.2517
        2208      5.2517
        2209      5.2517
        2210      5.2517
        2211      5.2517
        2212      5.2517
        2213      5.2517
        2214      5.2517
        2215      5.2517
        2216      5.2517
        2217      5.2517
        2218      5.2517
        2219     5.15044
        2220     5.15044
        2221     5.15044
        2222     5.15044
        2223     5.15044
        2224       5.102
        2225       5.102
        2226       5.102
        2227     5.09403
        2228     5.09403
        2229     5.09081
        2230     5.09081
        2231     5.09081
        2232     5.09081
        2233     5.09081
        2234     5.09081
        2235     5.09081
        2236     5.09081
        2237     5.09081
        2238     5.09081
        2239     5.09081
        2240     5.09081
        2241     5.09081
        2242     5.09081
        2243     5.07302
        2244     5.07302
        2245     5.07302
        2246     5.07302
        2247     5.07302
        2248     5.07302
        2249     5.07302
        2250     5.07302
        2251     5.07302
        2252     5.07302
        2253     5.07302
        2254     5.07302
        2255     5.07302
        2256     5.07302
        2257     5.07302
        2258     5.07302
        2259     5.07302
        2260     5.07302
        2261     5.07302
        2262     5.07302
        2263     5.07302
        2264     5.07302
        2265     5.07302
        2266     5.07302
        2267     5.07302
        2268     5.07302
        2269     5.07302
        2270     5.07302
        2271     5.07302
        2272     5.07302
        2273     5.07302
        2274     5.07302
        2275     5.07302
        2276     5.07302
        2277     5.00479
        2278     5.00479
        2279     5.00479
        2280     5.00479
        2281     5.00479
        2282     5.00479
        2283     4.99658
        2284     4.99658
        2285     4.99658
        2286     4.99658
        2287     4.99658
        2288     4.99658
        2289     4.99658
        2290     4.99658
        2291     4.99658
        2292     4.99658
        2293     4.99658
        2294     4.99658
        2295     4.99658
        2296     4.99658
        2297     4.99658
        2298     4.99658
        2299     4.99658
        2300     4.99658
        2301     4.99658
        2302     4.99658
        2303     4.99658
        2304     4.99658
        2305     4.99658
        2306     4.99658
        2307     4.99658
        2308     4.99658
        2309     4.99658
        2310     4.99658
        2311     4.99658
        2312     4.99658
        2313     4.99658
        2314     4.99658
        2315     4.99658
        2316     4.99658
        2317     4.99658
        2318     4.99658
        2319     4.99658
        2320     4.99658
        2321     4.99658
        2322     4.99658
        2323     4.99658
        2324     4.99658
        2325     4.99658
        2326     4.99658
        2327     4.99658
        2328     4.99658
        2329     4.99658
        2330     4.99658
        2331     4.99658
        2332     4.99658
        2333     4.99658
        2334     4.99658
        2335     4.99658
        2336     4.99658
        2337     4.99658
        2338     4.99658
        2339     4.99658
        2340     4.99658
        2341     4.99658
        2342     4.99658
        2343     4.99658
        2344     4.99658
        2345     4.99658
        2346     4.99658
        2347     4.99658
        2348     4.99658
        2349     4.99658
        2350     4.99658
        2351     4.99658
        2352     4.99658
        2353     4.99658
        2354     4.99658
        2355     4.99658
        2356     4.99658
        2357     4.99658
        2358     4.99658
        2359     4.99658
        2360     4.99658
        2361     4.99658
        2362     4.99658
        2363     4.99658
        2364     4.99658
        2365     4.99658
        2366     4.99658
        2367     4.99658
        2368     4.99658
        2369     4.99658
        2370     4.99658
        2371     4.99658
        2372     4.99658
        2373     4.99658
        2374     4.99658
        2375     4.99658
        2376     4.99658
        2377     4.99658
        2378     4.99658
        2379     4.99658
        2380     4.99658
        2381     4.99658
        2382     4.99658
        2383     4.99658
        2384     4.99658
        2385     4.99658
        2386     4.99658
        2387     4.99658
        2388     4.99658
        2389     4.99658
        2390     4.99658
        2391     4.99658
        2392     4.99658
        2393     4.99658
        2394     4.99658
        2395     4.99658
        2396     4.99658
        2397     4.99658
        2398     4.99658
        2399     4.99658
        2400     4.99658
        2401     4.99658
        2402     4.99658
        2403     4.99658
        2404     4.99658
        2405     4.99658
        2406     4.99658
        2407     4.99658
        2408     4.99658
        2409     4.99658
        2410     4.99658
        2411     4.99658
        2412     4.99658
        2413     4.99658
        2414     4.99658
        2415     4.99658
        2416     4.99658
        2417     4.99658
        2418     4.99658
        2419     4.99658
        2420     4.99658
        2421     4.99658
        2422     4.99658
        2423     4.99658
        2424     4.99658
        2425     4.99658
        2426     4.99658
        2427     4.99658
        2428     4.99658
        2429     4.99658
        2430     4.99658
        2431     4.99658
        2432     4.99658
        2433     4.99658
        2434     4.99658
        2435     4.99658
        2436     4.99658
        2437     4.99658
        2438     4.99658
        2439     4.99658
        2440     4.99658
        2441     4.99658
        2442     4.99658
        2443     4.99658
        2444     4.99658
        2445     4.99658
        2446     4.99658
        2447     4.99658
        2448     4.99658
        2449     4.99658
        2450     4.99658
        2451     4.99658
        2452     4.99658
        2453     4.99658
        2454     4.99658
        2455     4.99658
        2456     4.99658
        2457     4.99658
        2458     4.99658
        2459     4.99658
        2460     4.99658
        2461     4.99658
        2462     4.99658
        2463     4.99658
        2464     4.99658
        2465     4.99658
        2466     4.99658
        2467     4.99658
        2468     4.99658
        2469     4.99658
        2470     4.99658
        2471     4.99658
        2472     4.99658
        2473     4.99658
        2474     4.99658
        2475     4.99658
        2476     4.99658
        2477     4.99658
        2478     4.99658
        2479     4.99658
        2480     4.99658
        2481     4.99658
        2482     4.99658
        2483     4.99658
        2484     4.99658
        2485     4.99658
        2486     4.99658
        2487     4.99658
        2488     4.99658
        2489     4.99658
        2490     4.99658
        2491     4.99658
        2492     4.99658
        2493     4.99658
        2494     4.99658
        2495     4.99658
        2496     4.99658
        2497     4.99658
        2498     4.99658
        2499     4.99658
