#gen      BHL
           0     17.0492
           1     16.6275
           2     16.0319
           3      15.329
           4     14.3654
           5     13.3628
           6      12.625
           7      12.404
           8     12.0262
           9     11.7446
          10     11.3725
          11     11.1698
          12     11.0018
          13     10.6575
          14     10.3368
          15     9.98312
          16     9.77713
          17     9.83434
          18     9.74238
          19     9.79348
          20      9.8685
          21     9.83759
          22     9.59266
          23     9.47089
          24     9.29124
          25     8.99241
          26     9.02176
          27     8.99063
          28     8.78136
          29     8.76908
          30     8.77792
          31     8.65056
          32     8.70482
          33     8.41198
          34     8.33954
          35     8.20345
          36      8.2658
          37     8.10771
          38       8.039
          39     7.91541
          40     7.76825
          41     7.81708
          42     7.83551
          43     7.94169
          44     7.83102
          45     7.65896
          46     7.58392
          47      7.5883
          48     7.49889
          49     7.67245
          50      7.5246
          51     7.60295
          52     7.57991
          53     7.52627
          54     7.62043
          55     7.51589
          56     7.42761
          57     7.34635
          58     7.40286
          59     7.30378
          60     7.47455
          61     7.32336
          62     7.33097
          63     7.43065
          64     7.51159
          65     7.45721
          66     7.31995
          67     7.33349
          68     7.33067
          69     7.41602
          70     7.36238
          71     7.20115
          72     7.10405
          73     7.11139
          74     6.92555
          75     6.93859
          76     7.01705
          77     6.97523
          78      6.9384
          79     7.17049
          80     7.03721
          81      7.0821
          82      7.1999
          83     6.98619
          84     7.03393
          85     6.97426
          86     6.85567
          87     7.01914
          88     7.12113
          89     7.14712
          90     7.06876
          91     7.18685
          92     6.94317
          93     7.00014
          94     7.03236
          95     6.94972
          96     6.74515
          97     6.61408
          98     6.58064
          99     6.38676
         100     6.64752
         101     6.44892
         102     6.51425
         103     6.53817
         104     6.51518
         105     6.58194
         106     6.64249
         107     6.50237
         108     6.53521
         109     6.37624
         110     6.61404
         111     6.52729
         112      6.5531
         113     6.51753
         114     6.50005
         115     6.49878
         116      6.6049
         117     6.70774
         118      6.8107
         119     6.68107
         120     6.61721
         121     6.48336
         122     6.39274
         123     6.56241
         124     6.65514
         125     6.62905
         126     6.75752
         127     6.64359
         128     6.70182
         129     6.61017
         130     6.48663
         131     6.45963
         132     6.62026
         133     6.40055
         134      6.4522
         135     6.31135
         136      6.4879
         137     6.49507
         138     6.41493
         139     6.28237
         140     6.39485
         141     6.62285
         142     6.66869
         143     6.69829
         144     6.66494
         145     6.65207
         146     6.66133
         147     6.84408
         148      6.5254
         149     6.58174
         150     6.26388
         151     6.42417
         152     6.51789
         153     6.55061
         154     6.64615
         155     6.63178
         156     6.66868
         157     6.60043
         158     6.51412
         159     6.57389
         160     6.75523
         161     6.59093
         162     6.52332
         163     6.34629
         164     6.58022
         165     6.49055
         166     6.49505
         167     6.65531
         168     6.78394
         169     6.62072
         170       6.565
         171     6.39456
         172      6.6003
         173     6.48967
         174      6.4981
         175     6.74882
         176     6.65825
         177     6.60917
         178     6.59148
         179     6.62619
         180       6.673
         181     6.41908
         182     6.28617
         183     6.34807
         184     6.39928
         185     6.54681
         186     6.50952
         187     6.34936
         188     6.36362
         189     6.41417
         190     6.45131
         191     6.59468
         192     6.59196
         193     6.47697
         194     6.34605
         195     6.49771
         196     6.42454
         197     6.59707
         198     6.65455
         199     6.46245
         200     6.48507
         201     6.64642
         202     6.56836
         203     6.56258
         204     6.55064
         205     6.51777
         206      6.4442
         207     6.45997
         208     6.55108
         209     6.45703
         210     6.42603
         211     6.66293
         212     6.61907
         213     6.59509
         214     6.50436
         215     6.50232
         216     6.92416
         217     6.93506
         218     6.79759
         219     6.94665
         220     6.79135
         221     6.61473
         222     6.52044
         223     6.63707
         224     6.64209
         225     6.69352
         226     6.61256
         227     6.49469
         228     6.59269
         229     6.69913
         230     6.74536
         231     6.68483
         232     6.74618
         233     6.64909
         234     6.59782
         235     6.56823
         236     6.49516
         237     6.55547
         238     6.33435
         239     6.37604
         240     6.35657
         241      6.2936
         242     6.17065
         243     6.22001
         244     6.33721
         245     6.30958
         246     6.33043
         247     6.22362
         248     6.18575
         249     6.11107
         250     6.18226
         251     6.20795
         252     6.36011
         253     6.40672
         254     6.46327
         255     6.32678
         256     6.30545
         257     6.27345
         258     6.47301
         259     6.45171
         260     6.53468
         261     6.44155
         262     6.30851
         263     6.22127
         264     6.34603
         265      6.3095
         266     6.35725
         267      6.3581
         268     6.34943
         269     6.33552
         270     6.44798
         271     6.53493
         272     6.47741
         273      6.4218
         274     6.33862
         275     6.28617
         276     6.29468
         277     6.32647
         278     6.47384
         279     6.38669
         280     6.48504
         281     6.26871
         282      6.3569
         283     6.18685
         284     6.26014
         285     6.22597
         286     6.26696
         287     6.30732
         288     6.23029
         289     6.31196
         290     6.32632
         291     6.21896
         292     6.33062
         293      6.2863
         294     6.28249
         295     6.38938
         296     6.20195
         297     6.18754
         298     6.38682
         299     6.59462
         300     6.41153
         301     6.43505
         302     6.11047
         303     6.24658
         304      6.4159
         305     6.28125
         306     6.36573
         307     6.48695
         308     6.29232
         309     6.38941
         310      6.3514
         311     6.37264
         312     6.46001
         313     6.39236
         314     6.43024
         315     6.27148
         316     6.33005
         317     6.34387
         318     6.30673
         319     6.18661
         320      6.2278
         321     6.22659
         322     6.05629
         323     6.16649
         324     6.17252
         325     6.30141
         326      6.3342
         327      6.3052
         328     6.35377
         329     6.30911
         330     6.17344
         331     6.33527
         332     6.34113
         333     6.41605
         334      6.3577
         335      6.4258
         336     6.37677
         337      6.2814
         338     6.47188
         339     6.35407
         340     6.30454
         341     6.42405
         342     6.46554
         343      6.5099
         344     6.42931
         345     6.42945
         346     6.42552
         347     6.46532
         348     6.46662
         349     6.49055
         350     6.41596
         351     6.51586
         352     6.39186
         353      6.3665
         354     6.29146
         355     6.33855
         356     6.36507
         357     6.31625
         358     6.15414
         359     6.25813
         360     6.13423
         361     6.24658
         362     6.31558
         363     6.23271
         364      6.2866
         365     6.46882
         366     6.43811
         367      6.3817
         368      6.4079
         369     6.28085
         370     6.38485
         371     6.30948
         372     6.40003
         373     6.50307
         374     6.53078
         375      6.3481
         376     6.22631
         377      6.3305
         378       6.269
         379     6.30012
         380     6.54365
         381     6.34159
         382     6.28056
         383     6.45477
         384     6.51778
         385     6.35578
         386     6.23575
         387     6.38519
         388     6.14086
         389     6.07429
         390     6.27616
         391     6.27878
         392     6.31312
         393     6.40942
         394     6.44277
         395     6.40902
         396     6.39757
         397      6.4731
         398      6.5598
         399     6.36534
         400     6.19956
         401     6.21558
         402     6.31056
         403     6.39374
         404     6.19463
         405     6.32241
         406     6.43559
         407     6.59802
         408      6.4937
         409     6.49566
         410     6.53742
         411      6.4346
         412     6.26483
         413     6.42966
         414     6.29578
         415     6.40885
         416      6.5966
         417     6.46687
         418     6.38784
         419     6.46834
         420     6.34542
         421     6.24645
         422     6.23064
         423     6.34939
         424     6.34386
         425     6.36113
         426     6.40697
         427     6.44322
         428     6.30187
         429     6.33593
         430     6.35695
         431     6.10385
         432     6.14645
         433     6.26142
         434     6.20967
         435     6.40004
         436     6.35053
         437     6.30404
         438     6.22104
         439     6.30011
         440      6.2633
         441     6.33919
         442     6.24623
         443      6.3585
         444     6.35282
         445     6.52382
         446     6.69474
         447      6.5884
         448     6.51401
         449     6.39592
         450       6.417
         451     6.44991
         452     6.27509
         453     6.39531
         454     6.31868
         455     6.36573
         456     6.43867
         457     6.42514
         458     6.22401
         459     6.31196
         460     6.17596
         461     6.26135
         462     6.23631
         463     6.34171
         464      6.3285
         465     6.35757
         466     6.35835
         467     6.38485
         468     6.28709
         469     6.45285
         470     6.40499
         471      6.4565
         472     6.39069
         473     6.41461
         474     6.43179
         475     6.44398
         476     6.60511
         477     6.40885
         478      6.4154
         479     6.43859
         480      6.4752
         481      6.4102
         482     6.30901
         483      6.3268
         484     6.36442
         485     6.53093
         486      6.4578
         487     6.43729
         488     6.37268
         489     6.34205
         490     6.18748
         491     6.28401
         492     6.26699
         493     6.42001
         494     6.46458
         495     6.50026
         496     6.58773
         497     6.38043
         498     6.41815
         499     6.39549
         500      6.4302
         501     6.34884
         502     6.45286
         503     6.43899
         504     6.31639
         505     6.23901
         506     6.53045
         507     6.51467
         508     6.47977
         509     6.48962
         510     6.42401
         511     6.27929
         512     6.26258
         513      6.3483
         514     6.41766
         515     6.55704
         516     6.49496
         517     6.27161
         518     6.12946
         519     6.21922
         520     6.22991
         521      6.2838
         522     6.21569
         523     6.15539
         524     6.28446
         525     6.25257
         526     6.31159
         527     6.23384
         528     6.32285
         529     6.40772
         530     6.40862
         531     6.39922
         532     6.38025
         533     6.37628
         534      6.5249
         535     6.45275
         536      6.3514
         537     6.36396
         538     6.45087
         539      6.4426
         540     6.43628
         541     6.51239
         542     6.32372
         543      6.3059
         544     6.15914
         545     6.21002
         546      6.4111
         547     6.25891
         548     6.34843
         549     6.51142
         550     6.41522
         551     6.34276
         552     6.41066
         553     6.38645
         554     6.51222
         555     6.45379
         556     6.24901
         557     6.35925
         558     6.47148
         559     6.45979
         560     6.38972
         561     6.40857
         562     6.48097
         563     6.43811
         564     6.36127
         565     6.25356
         566     6.27645
         567      6.3163
         568     6.26877
         569     6.30322
         570     6.28954
         571      6.4134
         572     6.33134
         573     6.51038
         574     6.36373
         575     6.29005
         576     6.34336
         577     6.41656
         578     6.33546
         579     6.31884
         580     6.46948
         581     6.49489
         582     6.46656
         583     6.37861
         584     6.49128
         585     6.45488
         586     6.39749
         587     6.26396
         588      6.3949
         589     6.29414
         590     6.24291
         591     6.24678
         592     6.36165
         593     6.42037
         594     6.33494
         595     6.39394
         596     6.47456
         597     6.39417
         598     6.32908
         599     6.29729
         600     6.49823
         601     6.43163
         602     6.38619
         603     6.21166
         604     6.17885
         605     6.30694
         606     6.36881
         607     6.37941
         608     6.33696
         609     6.44415
         610     6.45115
         611       6.416
         612     6.39156
         613      6.3679
         614     6.54597
         615     6.38501
         616     6.26462
         617     6.18022
         618     6.19751
         619     6.25073
         620     6.19815
         621     6.33489
         622     6.29495
         623     6.43101
         624     6.24355
         625     6.29617
         626     6.42335
         627     6.43158
         628     6.58481
         629      6.5045
         630     6.54656
         631     6.49956
         632     6.43733
         633     6.48523
         634     6.48927
         635     6.44771
         636      6.3899
         637      6.3127
         638     6.23954
         639     6.20564
         640     6.45679
         641     6.25457
         642     6.18086
         643     6.46444
         644     6.32622
         645     6.32345
         646     6.39402
         647     6.34774
         648      6.3304
         649     6.28065
         650     6.37577
         651     6.34547
         652     6.16971
         653     6.23567
         654     6.32059
         655      6.5934
         656     6.43179
         657     6.48377
         658     6.42117
         659     6.64002
         660     6.54037
         661     6.38879
         662      6.4978
         663     6.64741
         664     6.53627
         665     6.64775
         666     6.59045
         667     6.51022
         668      6.4707
         669     6.51692
         670      6.4352
         671     6.49191
         672     6.42889
         673     6.36182
         674     6.40192
         675     6.45905
         676     6.38258
         677     6.45632
         678     6.45281
         679     6.51814
         680     6.45793
         681     6.30738
         682     6.31126
         683     6.32416
         684     6.42313
         685     6.48162
         686     6.40365
         687     6.44423
         688     6.31396
         689     6.22834
         690     6.13297
         691     6.15857
         692     6.25453
         693     6.19962
         694     6.34094
         695     6.30363
         696     6.32379
         697     6.43954
         698     6.54531
         699     6.50158
         700     6.45223
         701      6.3851
         702     6.43668
         703     6.38927
         704     6.44366
         705     6.39284
         706      6.4673
         707     6.44999
         708     6.45709
         709     6.39425
         710     6.46452
         711     6.65312
         712     6.45119
         713      6.3618
         714     6.29877
         715      6.3678
         716     6.39103
         717     6.51058
         718     6.37983
         719      6.3508
         720      6.4286
         721     6.44808
         722      6.3519
         723       6.476
         724     6.48998
         725     6.53638
         726     6.55924
         727       6.435
         728     6.48695
         729     6.29193
         730     6.39751
         731     6.44935
         732      6.4269
         733     6.38953
         734     6.33834
         735     6.44956
         736     6.56197
         737     6.45263
         738     6.50282
         739      6.5671
         740     6.38772
         741     6.36834
         742     6.24304
         743      6.3551
         744      6.3255
         745     6.36992
         746     6.22257
         747     6.37392
         748     6.46498
         749     6.37166
         750     6.29934
         751     6.27337
         752      6.3948
         753     6.41322
         754     6.33282
         755     6.28407
         756     6.33868
         757      6.4133
         758     6.30324
         759     6.44108
         760     6.35065
         761     6.42622
         762     6.54593
         763      6.4053
         764     6.32102
         765       6.359
         766     6.29241
         767     6.28205
         768     6.40367
         769     6.34694
         770     6.41318
         771     6.43579
         772     6.41668
         773     6.43596
         774     6.38882
         775     6.42879
         776     6.43609
         777     6.61079
         778     6.66354
         779     6.58791
         780     6.49824
         781      6.4524
         782     6.34413
         783      6.4935
         784     6.35405
         785     6.32767
         786     6.29645
         787     6.41984
         788     6.50551
         789     6.42071
         790     6.41432
         791     6.40417
         792      6.4826
         793     6.38801
         794     6.28675
         795     6.43731
         796      6.3064
         797     6.41845
         798     6.35642
         799     6.39952
         800     6.25906
         801     6.32371
         802     6.39065
         803     6.44953
         804     6.37936
         805     6.23086
         806     6.39689
         807     6.29111
         808      6.2738
         809     6.37733
         810     6.31951
         811     6.36107
         812     6.22688
         813     6.22132
         814     6.20494
         815     6.46683
         816     6.43376
         817     6.48261
         818     6.42712
         819     6.44523
         820     6.40782
         821     6.44573
         822     6.34682
         823     6.46712
         824     6.40373
         825      6.3545
         826     6.29636
         827      6.5137
         828      6.3716
         829     6.24794
         830     6.42702
         831     6.34994
         832     6.35769
         833     6.35312
         834     6.38418
         835     6.43775
         836     6.42525
         837     6.45411
         838      6.4076
         839     6.24379
         840     6.22147
         841       6.369
         842     6.43423
         843     6.31684
         844     6.50786
         845      6.4429
         846     6.36857
         847      6.4717
         848     6.43974
         849     6.37498
         850     6.38086
         851     6.46635
         852     6.38693
         853     6.26791
         854     6.35008
         855     6.43101
         856     6.50584
         857     6.42066
         858      6.3533
         859     6.29817
         860     6.31716
         861     6.30902
         862     6.25587
         863     6.43318
         864     6.52786
         865     6.55589
         866      6.6047
         867     6.54462
         868     6.38315
         869     6.54384
         870     6.48738
         871     6.38405
         872     6.48194
         873      6.2803
         874     6.35857
         875     6.30901
         876     6.43269
         877     6.49199
         878     6.38422
         879     6.42543
         880     6.33903
         881     6.30119
         882     6.28395
         883     6.30081
         884     6.27261
         885     6.29874
         886     6.36214
         887     6.41952
         888     6.46653
         889     6.54549
         890     6.59222
         891     6.55548
         892     6.32773
         893     6.46924
         894     6.39622
         895     6.34289
         896     6.38482
         897     6.34346
         898     6.38827
         899      6.2196
         900     6.13202
         901     6.24996
         902      6.2151
         903     6.33662
         904      6.3068
         905     6.30051
         906     6.21565
         907     6.48889
         908     6.41205
         909     6.48296
         910     6.60183
         911     6.58744
         912     6.43623
         913     6.29668
         914     6.37325
         915      6.3312
         916     6.34269
         917     6.36319
         918     6.35355
         919     6.46614
         920     6.45666
         921     6.47538
         922     6.46248
         923     6.55222
         924     6.55719
         925     6.66944
         926     6.41005
         927     6.41929
         928     6.47482
         929     6.41684
         930     6.34331
         931      6.4649
         932     6.44201
         933     6.37872
         934     6.42131
         935     6.39401
         936     6.44782
         937     6.41549
         938     6.46997
         939      6.4124
         940     6.45967
         941     6.45475
         942     6.50594
         943     6.42469
         944     6.42312
         945     6.26623
         946     6.27595
         947     6.30029
         948     6.29125
         949     6.19253
         950      6.2767
         951     6.31489
         952     6.43248
         953     6.32594
         954     6.41574
         955     6.38456
         956     6.30925
         957     6.19316
         958     6.26293
         959     6.33657
         960     6.45709
         961     6.46924
         962     6.26333
         963     6.33956
         964     6.24592
         965     6.20368
         966     6.39664
         967     6.34303
         968     6.30147
         969     6.35317
         970     6.50906
         971     6.43727
         972     6.47833
         973     6.28466
         974     6.28632
         975     6.26736
         976     6.51488
         977       6.445
         978     6.41147
         979     6.39114
         980     6.48128
         981     6.39317
         982     6.36884
         983     6.27261
         984     6.48075
         985      6.5269
         986     6.25721
         987      6.1052
         988     6.23829
         989     6.23185
         990     6.11551
         991      6.4165
         992      6.3302
         993     6.07144
         994     6.37432
         995        6.38
         996     6.48854
         997     6.50126
         998     6.44307
         999     6.35216
        1000     6.34401
        1001     6.38662
        1002     6.33657
        1003     6.41141
        1004     6.34151
        1005     6.29199
        1006     6.40973
        1007     6.36037
        1008     6.42494
        1009     6.33632
        1010     6.37261
        1011     6.43765
        1012     6.32034
        1013     6.38015
        1014     6.35278
        1015     6.38025
        1016     6.38449
        1017     6.50136
        1018     6.43955
        1019     6.32644
        1020     6.16384
        1021     6.15754
        1022     6.12254
        1023      6.2163
        1024     6.34157
        1025      6.3186
        1026     6.32799
        1027     6.22331
        1028     6.41904
        1029     6.43148
        1030     6.36186
        1031     6.34481
        1032     6.40414
        1033     6.34604
        1034     6.33185
        1035     6.49058
        1036     6.52443
        1037     6.60001
        1038     6.53444
        1039      6.5178
        1040     6.52943
        1041     6.45713
        1042     6.55502
        1043     6.40269
        1044     6.36172
        1045      6.4694
        1046     6.60288
        1047     6.39666
        1048     6.32598
        1049     6.57746
        1050     6.56935
        1051     6.51064
        1052     6.58125
        1053     6.43845
        1054     6.38341
        1055     6.42318
        1056     6.21428
        1057     6.36143
        1058     6.29732
        1059     6.42472
        1060     6.52118
        1061      6.4844
        1062     6.40207
        1063     6.23883
        1064     6.29731
        1065     6.30607
        1066     6.41171
        1067     6.41236
        1068     6.36396
        1069     6.33464
        1070     6.47073
        1071      6.5366
        1072     6.38008
        1073     6.45846
        1074     6.31215
        1075     6.44294
        1076     6.47158
        1077     6.42412
        1078      6.3847
        1079      6.4751
        1080     6.35684
        1081     6.39131
        1082      6.4298
        1083     6.36039
        1084     6.47566
        1085     6.58788
        1086     6.50372
        1087     6.35263
        1088       6.545
        1089      6.5865
        1090     6.46448
        1091     6.56266
        1092     6.38601
        1093     6.30734
        1094      6.4563
        1095     6.43239
        1096     6.22832
        1097      6.4374
        1098     6.38807
        1099     6.43362
        1100     6.39213
        1101     6.51139
        1102     6.58726
        1103     6.47808
        1104       6.329
        1105     6.25614
        1106     6.19931
        1107     6.28919
        1108     6.12199
        1109     6.30865
        1110     6.42683
        1111      6.4993
        1112     6.57805
        1113     6.52381
        1114     6.54006
        1115     6.35749
        1116     6.40647
        1117     6.49719
        1118     6.39205
        1119     6.26461
        1120     6.15892
        1121     6.12799
        1122     6.25703
        1123     6.26893
        1124     6.29865
        1125     6.47996
        1126     6.42331
        1127     6.31295
        1128     6.32653
        1129     6.26478
        1130     6.26769
        1131     6.35434
        1132     6.49106
        1133     6.67732
        1134     6.65397
        1135     6.57865
        1136     6.58707
        1137     6.57675
        1138     6.45872
        1139     6.47741
        1140     6.44533
        1141     6.47719
        1142      6.5596
        1143     6.56934
        1144     6.50791
        1145     6.35285
        1146     6.39481
        1147     6.42619
        1148     6.40059
        1149     6.31481
        1150     6.56409
        1151     6.56114
        1152     6.71694
        1153     6.57928
        1154     6.53348
        1155     6.50908
        1156     6.45808
        1157     6.24561
        1158     6.24855
        1159     6.20795
        1160      6.5327
        1161      6.5595
        1162     6.56766
        1163     6.49133
        1164      6.4265
        1165     6.49099
        1166     6.34018
        1167     6.38138
        1168     6.59284
        1169     6.56751
        1170     6.42123
        1171     6.47772
        1172     6.60704
        1173     6.50619
        1174     6.50983
        1175     6.50861
        1176     6.52853
        1177     6.20882
        1178     6.40288
        1179     6.40655
        1180     6.37592
        1181     6.44284
        1182     6.35172
        1183     6.34586
        1184     6.53896
        1185      6.4357
        1186     6.39243
        1187     6.42725
        1188     6.35783
        1189     6.32931
        1190     6.37127
        1191      6.3063
        1192      6.3443
        1193     6.40382
        1194     6.36281
        1195     6.36333
        1196     6.55486
        1197     6.50719
        1198     6.50969
        1199     6.46456
        1200     6.50493
        1201     6.55589
        1202     6.42501
        1203     6.46553
        1204     6.35239
        1205     6.30038
        1206     6.42099
        1207     6.53191
        1208     6.43388
        1209     6.42461
        1210     6.60467
        1211     6.62968
        1212     6.69144
        1213     6.54809
        1214     6.57865
        1215     6.46652
        1216     6.33237
        1217     6.45958
        1218     6.52288
        1219     6.28322
        1220     6.23186
        1221     6.38024
        1222     6.35454
        1223     6.35711
        1224     6.31954
        1225     6.41917
        1226     6.31065
        1227     6.30793
        1228     6.18538
        1229     6.22539
        1230     6.17882
        1231     6.16093
        1232     6.31598
        1233     6.36903
        1234     6.63156
        1235     6.40066
        1236     6.53312
        1237     6.58393
        1238     6.41651
        1239     6.58318
        1240     6.44805
        1241     6.68353
        1242     6.47802
        1243     6.39184
        1244     6.48091
        1245     6.39184
        1246     6.34399
        1247     6.34845
        1248     6.28923
        1249     6.35954
        1250     6.40917
        1251     6.45105
        1252     6.30586
        1253     6.30927
        1254     6.41997
        1255     6.24887
        1256     6.24716
        1257     6.46308
        1258     6.40467
        1259     6.31684
        1260     6.25499
        1261     6.32553
        1262     6.29267
        1263     6.38985
        1264     6.44552
        1265     6.29381
        1266     6.30742
        1267     6.40507
        1268     6.32519
        1269     6.41598
        1270      6.3697
        1271     6.44534
        1272     6.43106
        1273     6.28249
        1274     6.28216
        1275     6.18543
        1276     6.23497
        1277     6.23258
        1278     6.24529
        1279     6.28022
        1280     6.31838
        1281     6.36845
        1282     6.47689
        1283     6.44506
        1284      6.2928
        1285     6.33623
        1286     6.30866
        1287      6.2497
        1288     6.29585
        1289     6.38855
        1290      6.2855
        1291     6.22958
        1292     6.34423
        1293     6.40009
        1294     6.48516
        1295     6.63524
        1296     6.59771
        1297     6.54901
        1298     6.45051
        1299     6.44412
        1300     6.48728
        1301     6.47872
        1302     6.42543
        1303     6.46572
        1304     6.38264
        1305     6.35611
        1306     6.36961
        1307     6.34867
        1308     6.27925
        1309     6.24803
        1310     6.15442
        1311     6.19046
        1312     6.37821
        1313     6.46865
        1314      6.4974
        1315     6.56045
        1316     6.50636
        1317     6.53231
        1318     6.37945
        1319     6.45502
        1320     6.50242
        1321     6.64586
        1322     6.53943
        1323     6.58356
        1324     6.41254
        1325     6.42851
        1326     6.46301
        1327     6.54954
        1328      6.5167
        1329     6.40954
        1330     6.27204
        1331      6.1748
        1332     6.25643
        1333     6.19699
        1334      6.2578
        1335     6.33855
        1336      6.3112
        1337      6.4588
        1338     6.52315
        1339     6.54101
        1340     6.32534
        1341     6.30542
        1342     6.21006
        1343     6.26095
        1344     6.29085
        1345     6.42015
        1346     6.36036
        1347     6.14339
        1348     6.12974
        1349     6.28727
        1350     6.30657
        1351     6.34246
        1352     6.53553
        1353      6.5303
        1354     6.48882
        1355     6.31953
        1356     6.36886
        1357     6.35382
        1358     6.37081
        1359     6.34556
        1360     6.37513
        1361     6.35702
        1362     6.39726
        1363     6.54833
        1364     6.52342
        1365     6.55959
        1366     6.39951
        1367     6.35878
        1368     6.64084
        1369     6.59135
        1370     6.50378
        1371      6.4655
        1372     6.53208
        1373     6.47664
        1374      6.4249
        1375     6.37175
        1376     6.27568
        1377     6.42216
        1378     6.35473
        1379     6.24162
        1380     6.24003
        1381     6.46062
        1382     6.44995
        1383      6.4685
        1384      6.2253
        1385     6.12564
        1386     6.21694
        1387     6.30724
        1388     6.27777
        1389       6.368
        1390     6.32573
        1391      6.3435
        1392     6.44587
        1393     6.47906
        1394     6.37105
        1395      6.4201
        1396       6.367
        1397     6.32656
        1398     6.20414
        1399     6.25127
        1400     6.30736
        1401     6.44054
        1402     6.37389
        1403     6.38468
        1404     6.53698
        1405     6.41326
        1406     6.47516
        1407     6.35058
        1408     6.36076
        1409     6.26696
        1410     6.54359
        1411     6.59309
        1412     6.52004
        1413     6.43507
        1414     6.43656
        1415     6.48927
        1416     6.39089
        1417     6.35803
        1418     6.39049
        1419     6.31551
        1420     6.37462
        1421     6.35682
        1422     6.33325
        1423     6.24399
        1424     6.21316
        1425     6.23575
        1426     6.35659
        1427     6.33948
        1428     6.35089
        1429     6.32367
        1430     6.40755
        1431     6.42625
        1432      6.3448
        1433     6.30505
        1434     6.30863
        1435     6.49844
        1436     6.38342
        1437     6.43875
        1438     6.12764
        1439     6.28676
        1440     6.26137
        1441     6.23447
        1442     6.32931
        1443     6.45995
        1444     6.52565
        1445     6.40773
        1446       6.436
        1447     6.35265
        1448     6.26135
        1449     6.29552
        1450     6.20672
        1451     6.21719
        1452      6.2718
        1453     6.31055
        1454      6.4121
        1455     6.29649
        1456     6.18039
        1457     6.10342
        1458     6.34187
        1459     6.33214
        1460     6.44188
        1461      6.3574
        1462      6.3537
        1463     6.27953
        1464      6.3499
        1465     6.42055
        1466     6.32975
        1467     6.35066
        1468      6.3504
        1469     6.46926
        1470     6.44973
        1471     6.50996
        1472     6.41673
        1473     6.48322
        1474     6.38655
        1475     6.45784
        1476     6.38945
        1477      6.5143
        1478     6.38479
        1479     6.35801
        1480     6.31375
        1481     6.39393
        1482     6.34329
        1483     6.40281
        1484     6.28077
        1485     6.29408
        1486      6.3824
        1487     6.33343
        1488     6.37292
        1489     6.35902
        1490     6.56756
        1491     6.42438
        1492     6.31268
        1493     6.33339
        1494     6.24374
        1495     6.35499
        1496     6.60697
        1497     6.47939
        1498     6.37468
        1499     6.39071
        1500     6.50565
        1501     6.42163
        1502      6.5414
        1503     6.33029
        1504      6.3768
        1505     6.46812
        1506     6.65554
        1507     6.46926
        1508     6.38627
        1509     6.35112
        1510     6.59365
        1511     6.48191
        1512     6.41788
        1513     6.30997
        1514     6.47075
        1515     6.31975
        1516      6.3708
        1517     6.28616
        1518     6.33929
        1519     6.40648
        1520     6.55923
        1521     6.32904
        1522     6.20222
        1523     6.35594
        1524     6.42471
        1525     6.23783
        1526     6.40152
        1527     6.36134
        1528      6.4232
        1529     6.46433
        1530      6.4098
        1531     6.24085
        1532     6.39625
        1533     6.41759
        1534     6.44009
        1535     6.48357
        1536     6.18918
        1537     6.22341
        1538     6.48148
        1539     6.51395
        1540     6.37664
        1541     6.39667
        1542     6.37079
        1543     6.46937
        1544     6.36422
        1545     6.40712
        1546     6.48962
        1547     6.40966
        1548      6.4168
        1549     6.52306
        1550     6.42458
        1551     6.47145
        1552     6.48274
        1553     6.40538
        1554     6.29441
        1555     6.49814
        1556      6.4487
        1557     6.30194
        1558     6.38437
        1559     6.41891
        1560     6.38181
        1561     6.40061
        1562     6.46305
        1563     6.46898
        1564     6.41026
        1565     6.29201
        1566     6.13216
        1567     6.32377
        1568      6.3819
        1569     6.21634
        1570     6.27552
        1571     6.23254
        1572     6.29207
        1573     6.27707
        1574      6.3684
        1575     6.40985
        1576     6.42976
        1577     6.43865
        1578     6.32632
        1579     6.29005
        1580     6.45057
        1581     6.35285
        1582     6.38281
        1583     6.33778
        1584     6.29365
        1585     6.37424
        1586     6.34718
        1587     6.35715
        1588     6.45006
        1589     6.51225
        1590     6.29323
        1591     6.39325
        1592     6.36002
        1593     6.41045
        1594     6.36333
        1595     6.49927
        1596     6.41478
        1597     6.31073
        1598     6.20286
        1599     6.14216
        1600     6.29866
        1601     6.29025
        1602     6.30263
        1603     6.50059
        1604     6.41989
        1605     6.33737
        1606     6.31715
        1607     6.35762
        1608     6.39143
        1609     6.50806
        1610     6.38222
        1611     6.41147
        1612     6.26722
        1613     6.55426
        1614      6.4357
        1615      6.5022
        1616     6.47378
        1617     6.50494
        1618     6.55922
        1619     6.47866
        1620      6.4502
        1621     6.40413
        1622     6.45475
        1623     6.32926
        1624     6.36681
        1625     6.42831
        1626     6.48512
        1627      6.3833
        1628     6.21676
        1629     6.21524
        1630     6.24059
        1631     6.47488
        1632     6.32482
        1633     6.25942
        1634     6.11249
        1635     6.09787
        1636     6.22025
        1637     6.22945
        1638     6.22757
        1639     6.22667
        1640      6.2034
        1641      6.2449
        1642     6.38356
        1643     6.53787
        1644     6.51778
        1645     6.65866
        1646     6.63718
        1647     6.60263
        1648     6.77049
        1649     6.53061
        1650     6.49532
        1651     6.44468
        1652     6.26084
        1653     6.23904
        1654     6.16798
        1655     6.14034
        1656     6.08144
        1657     6.11906
        1658      6.2548
        1659       6.492
        1660     6.42035
        1661     6.40024
        1662     6.43384
        1663      6.5466
        1664     6.54226
        1665     6.35365
        1666     6.29421
        1667      6.3131
        1668     6.35819
        1669     6.20627
        1670     6.18912
        1671     6.41419
        1672     6.42487
        1673     6.31437
        1674     6.34525
        1675     6.27758
        1676     6.15637
        1677     6.25743
        1678     6.22532
        1679     6.31475
        1680     6.25947
        1681     6.23472
        1682      6.2326
        1683     6.29099
        1684     6.38727
        1685     6.10072
        1686     6.27186
        1687     6.33489
        1688     6.17581
        1689     6.00819
        1690     5.99855
        1691     5.90997
        1692     5.88993
        1693     5.90688
        1694     6.05397
        1695     5.84613
        1696     5.95088
        1697     5.76403
        1698      5.6572
        1699     5.68171
        1700     5.69361
        1701     5.59284
        1702     5.73278
        1703     5.85399
        1704     5.91699
        1705     5.89906
        1706     5.90317
        1707     5.96921
        1708     6.02726
        1709     5.92738
        1710     5.69438
        1711     5.71803
        1712     5.61053
        1713     5.61331
        1714     5.62661
        1715     5.60442
        1716     5.77364
        1717     5.78657
        1718     5.61697
        1719     5.78007
        1720     5.84122
        1721     5.84257
        1722     5.91413
        1723     5.82323
        1724     5.64201
        1725     5.68644
        1726      5.7536
        1727     5.60504
        1728     5.49777
        1729     5.63899
        1730     5.65328
        1731     5.80473
        1732     5.82778
        1733     5.66149
        1734     5.71716
        1735     5.51529
        1736      5.5561
        1737     5.55395
        1738     5.57482
        1739     5.47103
        1740     5.59317
        1741     5.75456
        1742     5.86228
        1743     5.77856
        1744     5.67784
        1745     5.64009
        1746     5.71646
        1747     5.65996
        1748     5.76152
        1749     5.61274
        1750     5.71788
        1751     5.57028
        1752     5.53964
        1753      5.7185
        1754     5.90961
        1755     5.89174
        1756      5.8299
        1757     5.76659
        1758     5.78091
        1759     5.98572
        1760     5.90785
        1761       5.945
        1762     6.00243
        1763     6.05182
        1764     6.03822
        1765      5.8194
        1766     5.88694
        1767     5.80921
        1768     5.86654
        1769      5.7263
        1770     5.89715
        1771     5.87826
        1772     5.89929
        1773     5.78015
        1774     5.75299
        1775     5.69866
        1776      5.6392
        1777     5.48258
        1778     5.47829
        1779     5.59996
        1780     5.68502
        1781     5.66987
        1782     5.85293
        1783     5.87331
        1784     5.91746
        1785     5.87639
        1786     5.84236
        1787     5.86919
        1788     5.70942
        1789     5.72656
        1790     5.74708
        1791      5.8489
        1792     5.86471
        1793     5.69941
        1794     5.64155
        1795     5.59767
        1796      5.7583
        1797     5.61803
        1798      5.7347
        1799     5.86151
        1800     5.78626
        1801     5.89534
        1802      5.7046
        1803     5.69804
        1804     5.77552
        1805     5.69356
        1806     5.76728
        1807     5.63021
        1808     5.61991
        1809     5.77313
        1810     5.69927
        1811     5.63867
        1812     5.61706
        1813     5.54144
        1814     5.73067
        1815     5.70625
        1816     5.66689
        1817     5.81073
        1818     5.69822
        1819     5.81236
        1820     5.74228
        1821      5.7063
        1822     5.87841
        1823     5.89865
        1824     5.92403
        1825      5.9455
        1826     5.86452
        1827     5.75342
        1828     5.74459
        1829     5.96154
        1830     5.84281
        1831     5.68005
        1832     5.75413
        1833     5.80279
        1834     5.76864
        1835     5.80146
        1836     5.80733
        1837     5.65198
        1838     5.80208
        1839      5.6878
        1840     5.64527
        1841     5.74934
        1842     5.90223
        1843     5.95002
        1844     5.86863
        1845     5.98935
        1846     5.76947
        1847     5.84217
        1848     5.86512
        1849     5.81585
        1850      5.7815
        1851     5.70767
        1852      5.7291
        1853     5.77845
        1854     5.76502
        1855     6.02311
        1856     6.07195
        1857     5.98458
        1858     5.71421
        1859     5.70547
        1860     5.91853
        1861     5.64284
        1862     5.80145
        1863     5.77776
        1864     5.90578
        1865      5.9474
        1866     5.94421
        1867     5.90134
        1868     5.78898
        1869     5.54777
        1870     5.50476
        1871     5.70815
        1872     5.69745
        1873     5.63002
        1874     5.64508
        1875     5.68765
        1876      5.7253
        1877     5.70823
        1878     5.64715
        1879     5.53449
        1880     5.64962
        1881     5.67493
        1882     5.67396
        1883     5.78773
        1884     5.83238
        1885     5.82722
        1886     5.61887
        1887     5.65457
        1888      5.6757
        1889     5.65939
        1890     5.70773
        1891     5.81697
        1892      6.0142
        1893     5.99123
        1894      5.9725
        1895      6.0025
        1896     5.98294
        1897     5.89285
        1898     5.75481
        1899      5.8075
        1900     5.60201
        1901     5.54168
        1902     5.72875
        1903     5.70598
        1904     5.92036
        1905     5.86124
        1906     5.65956
        1907     5.66709
        1908     5.84106
        1909     5.86555
        1910     5.74896
        1911     5.65044
        1912     5.81017
        1913     5.77335
        1914     5.90423
        1915     5.68796
        1916     5.62787
        1917     5.67998
        1918     5.84227
        1919     5.74081
        1920     5.74974
        1921     5.75091
        1922     5.75391
        1923     5.88415
        1924     6.08719
        1925     5.95224
        1926     5.86794
        1927      5.8556
        1928     5.87151
        1929     5.89495
        1930     5.81787
        1931     5.89613
        1932     5.75569
        1933     5.70907
        1934     5.76117
        1935     5.75715
        1936     5.57929
        1937     5.78513
        1938     5.90398
        1939     5.96165
        1940     5.78123
        1941     5.73497
        1942     5.59541
        1943     5.63797
        1944     5.51659
        1945     5.55265
        1946     5.50391
        1947     5.65804
        1948     5.82103
        1949      5.9585
        1950     5.91883
        1951     5.77117
        1952     5.74717
        1953     5.69934
        1954     5.75201
        1955     5.71283
        1956     5.62368
        1957     5.75148
        1958      5.7946
        1959      5.7826
        1960     5.75203
        1961     5.64877
        1962     5.63051
        1963     5.61901
        1964     5.64367
        1965     5.58624
        1966     5.63296
        1967     5.68225
        1968      5.6454
        1969     5.66485
        1970     5.92846
        1971     6.08481
        1972     6.03226
        1973     5.85356
        1974     5.55504
        1975     5.53137
        1976     5.51216
        1977     5.54592
        1978     5.78579
        1979      5.7012
        1980     5.60027
        1981     5.72655
        1982     5.74708
        1983     5.78589
        1984     5.74907
        1985      5.8631
        1986     5.69017
        1987     5.83351
        1988     5.95375
        1989     5.83491
        1990     5.71667
        1991     5.80773
        1992     5.65801
        1993     5.54251
        1994       5.652
        1995     5.70816
        1996     5.78976
        1997     5.85231
        1998     5.90576
        1999     5.89387
        2000     5.81293
        2001     5.77837
        2002      5.7969
        2003     5.74433
        2004      5.7555
        2005     5.85354
        2006     5.76129
        2007     5.69101
        2008     5.66392
        2009     5.76821
        2010     5.71249
        2011     6.00186
        2012     5.88302
        2013     5.84134
        2014     5.73203
        2015     5.89653
        2016     6.07737
        2017     5.87553
        2018     5.93311
        2019      5.6738
        2020     5.70853
        2021     5.69736
        2022     5.67164
        2023     5.75767
        2024     5.72642
        2025      5.7605
        2026     5.62787
        2027     5.60013
        2028     5.56386
        2029      5.6579
        2030     5.61758
        2031      5.5359
        2032     5.53645
        2033     5.54852
        2034     5.62571
        2035     5.71467
        2036     5.75276
        2037     5.67271
        2038     5.81963
        2039     5.78137
        2040     5.73766
        2041     5.80758
        2042     5.74134
        2043     5.69692
        2044     5.71639
        2045     5.79995
        2046     5.77217
        2047     5.78466
        2048     5.89229
        2049     5.67403
        2050     5.75058
        2051     5.66974
        2052     5.64407
        2053     5.61777
        2054     5.80264
        2055     5.73607
        2056     5.76191
        2057     5.74113
        2058     5.99619
        2059     6.00176
        2060     5.96491
        2061     5.88657
        2062     5.84354
        2063     5.82546
        2064     6.00519
        2065     5.72303
        2066     5.51417
        2067     5.58777
        2068     5.70781
        2069     5.78418
        2070     5.63938
        2071     5.69638
        2072      5.8901
        2073     5.78245
        2074     5.90652
        2075     5.93096
        2076     5.89546
        2077     5.78633
        2078     5.81422
        2079     5.93938
        2080     5.62739
        2081     5.57685
        2082     5.49277
        2083     5.60723
        2084     5.62046
        2085     5.76007
        2086      5.7559
        2087     5.83653
        2088     5.75712
        2089     5.66492
        2090     5.68768
        2091     5.59233
        2092     5.64738
        2093     5.79117
        2094       5.788
        2095      5.7084
        2096     5.66249
        2097     5.59797
        2098     5.73521
        2099     5.75396
        2100     5.83952
        2101     5.87303
        2102     5.87196
        2103     5.74439
        2104     5.75329
        2105     5.70801
        2106     5.74383
        2107      5.7642
        2108     5.76183
        2109     5.79219
        2110     5.70477
        2111     5.80866
        2112     5.60853
        2113     5.61511
        2114     5.70596
        2115     5.82732
        2116     5.92083
        2117     5.95514
        2118      5.9546
        2119     5.72156
        2120     5.78481
        2121     5.74121
        2122     5.68334
        2123     5.78312
        2124     5.81316
        2125     5.72881
        2126     5.80192
        2127      5.7923
        2128      5.8362
        2129     5.71943
        2130     5.67431
        2131     5.69306
        2132     5.85246
        2133     5.88569
        2134     5.73529
        2135     5.53953
        2136     5.63748
        2137      5.7458
        2138     5.85655
        2139     5.80938
        2140     5.72404
        2141     5.69744
        2142     5.94017
        2143     5.87974
        2144     5.75543
        2145     5.65978
        2146     5.83145
        2147     5.61426
        2148     5.83318
        2149     5.70752
        2150     5.71383
        2151     5.80153
        2152     5.75776
        2153     5.83242
        2154     5.50348
        2155     5.53653
        2156     5.63241
        2157     5.75514
        2158     5.74225
        2159     5.80829
        2160     5.90989
        2161     5.75906
        2162     5.69858
        2163     5.66673
        2164     5.57322
        2165     5.51198
        2166      5.6831
        2167     5.58559
        2168     5.54261
        2169     5.48482
        2170     5.63319
        2171     5.67229
        2172     5.68962
        2173     5.71853
        2174     5.80139
        2175     5.72783
        2176     5.74207
        2177     5.82535
        2178     5.85408
        2179     5.90074
        2180     5.93176
        2181     5.88663
        2182     6.08193
        2183     6.19405
        2184      5.8833
        2185     5.64983
        2186     5.65177
        2187     5.79745
        2188     5.81615
        2189     5.91805
        2190     5.80849
        2191     5.84017
        2192     5.71318
        2193     5.71605
        2194     5.69438
        2195     5.72264
        2196     5.82358
        2197     5.72993
        2198     5.75472
        2199     5.67329
        2200     5.59421
        2201     5.55514
        2202     5.62003
        2203     5.67743
        2204     5.72811
        2205     5.82356
        2206     5.80962
        2207     5.85306
        2208     5.73617
        2209     5.68515
        2210     5.69852
        2211     5.73179
        2212      5.8141
        2213     5.71717
        2214     5.67519
        2215     5.76511
        2216     5.83112
        2217     5.90051
        2218     5.93785
        2219     5.99666
        2220     5.88127
        2221     5.89921
        2222     5.75136
        2223     5.69285
        2224     5.55795
        2225     5.51979
        2226     5.41288
        2227     5.43417
        2228     5.50735
        2229     5.50834
        2230     5.53774
        2231     5.43614
        2232     5.62129
        2233      5.5769
        2234     5.56921
        2235     5.55486
        2236     5.64675
        2237     5.64596
        2238     5.65242
        2239     5.55468
        2240      5.5267
        2241     5.64221
        2242     5.81805
        2243     5.65407
        2244     5.83303
        2245     5.88062
        2246     5.79043
        2247     5.61171
        2248     5.47409
        2249      5.3957
        2250      5.3907
        2251     5.52303
        2252     5.71806
        2253     5.55047
        2254     5.49252
        2255      5.5651
        2256     5.56036
        2257     5.49416
        2258      5.4965
        2259     5.48684
        2260      5.3788
        2261     5.65818
        2262     5.69208
        2263     5.60733
        2264     5.54099
        2265      5.4985
        2266     5.43202
        2267     5.38694
        2268     5.29908
        2269     5.37537
        2270     5.45477
        2271     5.44862
        2272     5.53293
        2273     5.58516
        2274     5.48268
        2275      5.5397
        2276     5.40082
        2277     5.46817
        2278     5.42144
        2279     5.49104
        2280     5.43435
        2281      5.4399
        2282     5.58122
        2283     5.55506
        2284     5.58253
        2285     5.59315
        2286     5.51914
        2287     5.42137
        2288     5.54529
        2289     5.59023
        2290     5.47454
        2291     5.50041
        2292     5.30902
        2293     5.42758
        2294     5.51981
        2295     5.67601
        2296     5.65765
        2297     5.48509
        2298     5.52292
        2299     5.45864
        2300     5.48073
        2301      5.4776
        2302     5.50068
        2303     5.50201
        2304     5.39763
        2305     5.46572
        2306     5.39062
        2307     5.38606
        2308       5.529
        2309     5.48326
        2310     5.33633
        2311     5.29502
        2312     5.43568
        2313      5.3348
        2314     5.38911
        2315     5.56108
        2316     5.50773
        2317     5.62955
        2318     5.50582
        2319     5.50477
        2320     5.44026
        2321     5.49085
        2322      5.4182
        2323     5.38903
        2324     5.41122
        2325     5.33542
        2326     5.46442
        2327      5.7382
        2328     5.68796
        2329     5.69459
        2330     5.55112
        2331     5.48039
        2332     5.39158
        2333     5.30253
        2334     5.50318
        2335     5.46465
        2336     5.45589
        2337      5.4147
        2338      5.2732
        2339     5.27248
        2340     5.42031
        2341     5.39633
        2342     5.44681
        2343     5.25627
        2344     5.31401
        2345     5.33542
        2346     5.42872
        2347     5.54026
        2348     5.44278
        2349       5.287
        2350     5.36267
        2351      5.3241
        2352     5.41816
        2353     5.36554
        2354     5.37688
        2355     5.58174
        2356     5.46649
        2357     5.45205
        2358     5.41066
        2359     5.44332
        2360     5.56945
        2361        5.74
        2362     5.48283
        2363     5.50744
        2364      5.4203
        2365      5.4684
        2366     5.47399
        2367     5.60677
        2368     5.63156
        2369     5.57228
        2370     5.37651
        2371     5.60168
        2372     5.66041
        2373      5.6435
        2374     5.51856
        2375     5.41238
        2376     5.44783
        2377     5.53625
        2378     5.66087
        2379      5.5634
        2380     5.49021
        2381     5.54042
        2382     5.69516
        2383     5.70331
        2384     5.62694
        2385     5.82771
        2386     5.78557
        2387     5.73294
        2388     5.69793
        2389     5.65811
        2390     5.61953
        2391     5.64897
        2392     5.65936
        2393     5.56786
        2394     5.57247
        2395     5.63949
        2396     5.55449
        2397     5.47091
        2398     5.40045
        2399     5.35402
        2400     5.57573
        2401     5.74713
        2402     5.75428
        2403     5.76716
        2404      5.8151
        2405     5.81267
        2406     5.74623
        2407     5.91156
        2408     5.48445
        2409     5.48345
        2410     5.60797
        2411     5.73926
        2412     5.65721
        2413     5.58234
        2414     5.49975
        2415     5.60313
        2416     5.80037
        2417     5.68116
        2418     5.51038
        2419      5.4515
        2420     5.58612
        2421     5.54555
        2422     5.46013
        2423     5.38475
        2424     5.37125
        2425     5.57384
        2426     5.54846
        2427     5.43389
        2428     5.45027
        2429     5.39345
        2430     5.49807
        2431     5.55445
        2432     5.61001
        2433     5.37834
        2434     5.31442
        2435     5.45661
        2436     5.42268
        2437     5.48307
        2438     5.47246
        2439     5.37201
        2440      5.3183
        2441     5.50012
        2442     5.47995
        2443     5.39005
        2444     5.42485
        2445     5.43753
        2446      5.4604
        2447     5.57661
        2448     5.40568
        2449     5.40274
        2450     5.58042
        2451      5.5659
        2452     5.38395
        2453     5.30375
        2454     5.47687
        2455     5.42111
        2456     5.40192
        2457     5.43311
        2458     5.30143
        2459     5.32466
        2460     5.22472
        2461     5.42447
        2462     5.49429
        2463     5.50503
        2464     5.48252
        2465     5.46178
        2466      5.5011
        2467     5.36718
        2468     5.35843
        2469     5.43511
        2470     5.36792
        2471     5.48414
        2472     5.42871
        2473     5.53898
        2474     5.43244
        2475     5.57569
        2476     5.57767
        2477     5.43704
        2478     5.53579
        2479     5.46204
        2480     5.42477
        2481     5.44653
        2482     5.35508
        2483     5.31685
        2484     5.63228
        2485     5.46979
        2486     5.44821
        2487     5.43613
        2488      5.5258
        2489     5.48568
        2490     5.51286
        2491     5.53905
        2492     5.57404
        2493     5.52591
        2494     5.42668
        2495     5.56904
        2496     5.57825
        2497     5.52384
        2498     5.48082
        2499     5.39231
