#gen      BHL
           0     42.7678
           1     41.2973
           2     39.7879
           3     38.2281
           4     36.7927
           5     35.6757
           6     34.7926
           7      34.165
           8     33.3067
           9     32.6622
          10     31.5063
          11     30.5955
          12     29.5944
          13     28.2745
          14     27.2348
          15     26.1743
          16     25.4523
          17     25.0297
          18     24.7174
          19     24.3548
          20     23.7933
          21      22.906
          22       22.11
          23     21.2549
          24     20.6458
          25     19.7306
          26     19.5701
          27     19.4521
          28     19.0676
          29     19.1752
          30     18.9546
          31     18.5098
          32     18.5557
          33     17.9637
          34     18.1017
          35     17.7935
          36     17.7977
          37     17.5209
          38     17.4473
          39     17.0592
          40     16.5523
          41     16.3832
          42       16.32
          43      16.354
          44     15.9942
          45     15.5586
          46     15.1898
          47     15.1188
          48     14.6928
          49      14.842
          50     14.4347
          51     14.3374
          52     14.1928
          53     14.0324
          54     14.0432
          55     13.6287
          56     13.4739
          57     13.3358
          58     13.3914
          59     13.3172
          60     13.5024
          61     13.2248
          62     13.3421
          63     13.6837
          64     13.7655
          65     13.6279
          66     13.4248
          67     13.5462
          68     13.6288
          69      13.765
          70     13.8439
          71     13.4378
          72     13.1537
          73     12.9479
          74     12.4992
          75     12.2459
          76     12.0754
          77      11.985
          78      11.782
          79     12.3046
          80     12.1078
          81      12.166
          82      12.207
          83     11.8634
          84     11.9112
          85     12.0069
          86     11.8786
          87      12.446
          88     12.4314
          89     12.4118
          90     12.2456
          91     12.5238
          92     12.1594
          93     12.1408
          94     12.4012
          95     11.9653
          96     11.7657
          97     11.7194
          98     11.8872
          99     11.5193
         100     12.3518
         101     11.9309
         102     12.0518
         103     12.1249
         104     12.0309
         105     12.3003
         106     12.3073
         107     11.9462
         108     12.1226
         109     11.8709
         110     12.3773
         111     12.3072
         112     12.4055
         113     12.3752
         114     12.2816
         115     12.3427
         116     12.5042
         117     12.7578
         118     12.8292
         119     12.5562
         120     12.4111
         121     12.1529
         122     12.0282
         123     12.5228
         124     12.4989
         125     12.4432
         126     12.7716
         127     12.4734
         128     12.8566
         129     12.5508
         130     12.1033
         131     11.9051
         132     12.4112
         133     11.8759
         134     11.8839
         135     11.7532
         136     12.1572
         137     12.1539
         138     12.0416
         139     11.7076
         140     11.9423
         141     12.6824
         142     12.7365
         143     12.9694
         144     12.7155
         145     12.8233
         146     12.6348
         147     13.1073
         148     12.3034
         149     12.4856
         150     11.5965
         151     11.9574
         152     12.3803
         153      12.504
         154     12.7844
         155     12.6744
         156     12.8089
         157     12.4592
         158     12.2611
         159     12.4351
         160     12.7022
         161     12.2053
         162      12.039
         163     11.7264
         164     12.1602
         165     12.1429
         166     12.1737
         167     12.4981
         168     12.8036
         169     12.6393
         170     12.5068
         171     11.9387
         172     12.3812
         173      11.926
         174     11.7639
         175     11.9943
         176     11.6469
         177     11.5015
         178     11.3227
         179      11.406
         180     11.2899
         181     10.9452
         182     10.8311
         183     10.9274
         184     11.2059
         185     11.4231
         186      11.333
         187      11.062
         188     11.1685
         189     11.1587
         190     11.2601
         191     11.2452
         192     11.1237
         193     10.9822
         194     10.9006
         195     11.0131
         196     10.9791
         197     11.1633
         198     11.2001
         199     10.9733
         200     11.0572
         201     11.2539
         202     11.1607
         203     11.1771
         204     11.1989
         205     11.2653
         206      11.204
         207     11.1693
         208     11.2376
         209     11.2572
         210     11.2486
         211     11.4603
         212      11.325
         213     11.4957
         214     11.2572
         215     11.3265
         216     12.0689
         217     11.8538
         218       11.42
         219     11.6133
         220     11.4047
         221     11.1068
         222     10.9885
         223     11.1323
         224     11.2075
         225     11.3639
         226     11.0989
         227     11.0006
         228     11.1548
         229     11.1101
         230     11.2465
         231     10.8358
         232     10.7822
         233     10.5643
         234     10.3685
         235     10.3848
         236     10.2298
         237     10.2384
         238     10.1515
         239     9.90803
         240     9.99345
         241      9.8944
         242     9.85263
         243      9.8851
         244     9.98197
         245     9.98551
         246     9.97883
         247     9.88666
         248     9.73005
         249     9.55713
         250      9.5907
         251      9.6194
         252     9.94431
         253     9.84835
         254     9.91014
         255     9.30303
         256     8.95962
         257     8.63737
         258     8.66279
         259     8.33249
         260      8.4183
         261     8.37804
         262     7.97909
         263     7.89268
         264     8.04038
         265     7.79061
         266     7.82026
         267     8.22568
         268     8.23922
         269     7.96435
         270     7.92344
         271     8.09445
         272     8.07805
         273     8.06828
         274     7.92936
         275     7.75412
         276     7.78837
         277     8.04275
         278     8.25079
         279     8.10767
         280     8.14866
         281      7.9031
         282      8.1337
         283     7.77633
         284     7.74157
         285     7.64415
         286      7.7404
         287     7.84096
         288     7.88504
         289     7.93642
         290     7.80719
         291     7.68822
         292     7.80756
         293     7.76623
         294     7.79479
         295     7.80387
         296     7.69755
         297     7.67213
         298     8.02166
         299     8.19073
         300     8.00894
         301      8.0823
         302     7.72417
         303     7.72787
         304     7.95661
         305     7.75744
         306     7.88313
         307     7.94414
         308     7.80808
         309     7.90857
         310     7.88935
         311     7.85425
         312     8.19387
         313     8.12194
         314     7.94563
         315     7.74174
         316     7.87417
         317     7.87607
         318     7.75324
         319     7.73142
         320     7.72424
         321     7.48278
         322     7.15549
         323     7.08775
         324     7.01783
         325     7.19118
         326     7.24105
         327     7.38691
         328     7.42287
         329     7.31126
         330      7.0956
         331     7.20785
         332     7.19805
         333     7.56095
         334     7.48545
         335     7.55558
         336     7.35955
         337     7.25335
         338     7.38978
         339     7.12152
         340      7.1226
         341     7.28813
         342     7.33839
         343     7.57988
         344     7.28822
         345     7.17419
         346     7.19382
         347     7.30423
         348     7.47159
         349     7.42151
         350     7.35898
         351     7.50791
         352     6.97402
         353     6.79654
         354     6.64111
         355      6.7133
         356     6.86775
         357     6.80376
         358     6.53731
         359     6.68705
         360     6.55742
         361     6.54233
         362       6.677
         363     6.75113
         364     6.62227
         365     6.92451
         366     6.86174
         367     6.72954
         368     6.65746
         369     6.64827
         370     6.66519
         371     6.54459
         372     6.69759
         373     6.88285
         374     7.18184
         375     6.57024
         376     6.52274
         377     6.67157
         378      6.6902
         379     6.70884
         380     6.89896
         381     6.54583
         382     6.58481
         383     6.73106
         384     6.78037
         385     6.64842
         386     6.61652
         387     6.80418
         388     6.48397
         389     6.42768
         390     6.63187
         391     6.69481
         392     6.65492
         393     7.00574
         394     6.95399
         395     6.81121
         396      6.8192
         397     6.91577
         398     7.23935
         399     6.79624
         400     6.52835
         401     6.57831
         402     6.62583
         403     6.77253
         404     6.48649
         405      6.9399
         406     7.03991
         407     7.09762
         408     7.11574
         409     6.88214
         410     7.12078
         411     6.67827
         412     6.53883
         413     6.73751
         414     6.59048
         415     6.80195
         416     6.96851
         417     7.03837
         418     6.95601
         419     7.20769
         420     6.92462
         421     6.65114
         422     6.63595
         423     6.86478
         424     6.72893
         425     6.85059
         426     6.95053
         427     7.27674
         428     6.75292
         429     6.80537
         430     6.63231
         431     6.45179
         432     6.54489
         433     6.61285
         434     6.52528
         435     6.73901
         436     6.61997
         437     6.46738
         438     6.45916
         439     6.56553
         440     6.53203
         441     6.71423
         442     6.69866
         443     7.15026
         444     6.90284
         445     7.10212
         446      7.4781
         447     7.27196
         448     6.99082
         449     6.80779
         450     6.91708
         451     6.88781
         452      6.5991
         453     6.76359
         454     6.66326
         455     6.79698
         456     6.99581
         457     7.12985
         458     6.54358
         459     6.59178
         460     6.54443
         461     6.61409
         462     6.64343
         463     6.63995
         464      6.7837
         465     6.69236
         466     6.53586
         467     6.67478
         468     6.51742
         469     6.79812
         470     6.93384
         471     7.01216
         472     6.67667
         473     6.76724
         474     6.89832
         475     6.77091
         476     6.95998
         477     6.68385
         478     6.68654
         479     6.72443
         480        6.68
         481     6.72161
         482      6.6373
         483     6.62761
         484     6.69924
         485     6.99509
         486     6.83896
         487     6.96602
         488      6.6862
         489     6.59831
         490     6.49594
         491     6.55727
         492     6.56072
         493     6.59338
         494     6.67918
         495     6.71464
         496     7.13695
         497     6.85677
         498     6.76951
         499     7.07788
         500     7.03937
         501     6.80817
         502     6.92299
         503     6.73581
         504     6.65236
         505     6.44518
         506      7.0245
         507     6.91194
         508     6.92741
         509     6.97601
         510     6.90097
         511     6.74838
         512     6.74112
         513     6.81815
         514     6.85859
         515     7.41767
         516     7.11318
         517     6.89191
         518     6.50033
         519     6.52433
         520     6.54579
         521     6.57863
         522     6.44342
         523     6.40943
         524     6.55504
         525     6.57042
         526     6.54628
         527      6.4726
         528     6.55476
         529     6.73876
         530     7.04211
         531     6.80729
         532     6.64449
         533     6.79352
         534        7.13
         535     6.70634
         536     6.68425
         537     6.63436
         538     6.75001
         539     6.91441
         540     6.86991
         541     7.06606
         542     6.67305
         543     6.63483
         544     6.46594
         545     6.55947
         546     6.80881
         547     6.53663
         548     6.62288
         549     6.72319
         550     6.60299
         551       6.534
         552     6.58988
         553     6.58424
         554     6.74402
         555     6.53337
         556     6.39622
         557     6.61646
         558     6.71438
         559     6.87601
         560     6.94275
         561     6.81209
         562     6.81094
         563      6.8161
         564     6.57842
         565     6.49763
         566     6.57359
         567     6.72256
         568     6.67372
         569     6.65199
         570     6.68277
         571     6.68099
         572     6.71185
         573     6.76332
         574     6.57493
         575     6.52816
         576     6.62428
         577     6.61187
         578     6.57366
         579     6.74953
         580     7.21344
         581     7.17468
         582     6.94346
         583     6.80519
         584     7.06695
         585     6.81229
         586     6.86882
         587     6.65802
         588     7.03435
         589     6.69997
         590     6.71929
         591     6.69069
         592     6.74701
         593     6.82507
         594      6.5798
         595     6.65647
         596     6.88422
         597     6.90533
         598     6.82187
         599     6.69052
         600     6.85025
         601     6.89676
         602     6.70922
         603     6.46895
         604        6.43
         605     6.77848
         606     6.71084
         607     6.71347
         608     6.68083
         609     6.92231
         610     6.81928
         611     6.73565
         612     6.73399
         613      6.7044
         614     6.77063
         615     6.62279
         616      6.6023
         617     6.50112
         618     6.52878
         619     6.56638
         620     6.51456
         621     6.51771
         622     6.54786
         623      6.6393
         624     6.49654
         625     6.55432
         626     6.86919
         627     6.71999
         628     6.85615
         629     6.89213
         630     6.87176
         631       6.797
         632     6.77269
         633     6.74293
         634     6.88766
         635     6.80968
         636     6.69204
         637     6.62882
         638     6.58392
         639     6.47929
         640     6.99777
         641     6.74332
         642     6.59037
         643     6.99644
         644     6.62343
         645     6.62266
         646     6.86835
         647      6.8111
         648     6.73947
         649     6.63536
         650     6.60323
         651     6.76229
         652     6.51347
         653     6.69235
         654     6.78647
         655     7.36855
         656     7.03025
         657     6.92046
         658      6.8232
         659     7.10864
         660     7.03065
         661     6.78668
         662     7.12561
         663     7.17284
         664     7.19907
         665     7.16459
         666     7.28161
         667     6.92912
         668     7.09108
         669     7.28008
         670     7.07671
         671     7.01652
         672     6.96822
         673     6.77438
         674     6.73003
         675     6.71833
         676     6.63221
         677     6.86074
         678     7.10763
         679     7.19571
         680     6.93488
         681      6.6698
         682     6.67333
         683     6.59271
         684     6.72755
         685     6.75565
         686     6.65762
         687     6.99395
         688      6.8028
         689     6.71083
         690     6.66888
         691     6.51586
         692     6.56289
         693     6.44428
         694     6.60812
         695     6.58164
         696     6.59638
         697     6.77972
         698     6.88427
         699     6.87143
         700     6.77358
         701     6.84312
         702     6.88052
         703     6.80579
         704     6.92096
         705     6.60255
         706     6.71924
         707     6.70511
         708      6.9063
         709     6.95226
         710     7.01013
         711     7.37591
         712     7.13332
         713     6.95536
         714     6.71559
         715     6.83504
         716     6.67964
         717     6.62157
         718     6.45947
         719     6.53581
         720     6.72721
         721     6.82562
         722     6.80529
         723     6.98344
         724     6.98517
         725     7.34798
         726     7.39711
         727     7.06689
         728     6.87408
         729     6.55094
         730     6.56843
         731     6.80008
         732     6.78348
         733     6.75098
         734     6.62312
         735     6.79774
         736     6.95522
         737      6.8038
         738     7.02314
         739     7.15623
         740     6.73927
         741     6.83485
         742     6.55739
         743     6.68712
         744     6.58814
         745     6.72815
         746     6.57717
         747     6.70939
         748     6.88623
         749     6.66457
         750     6.63316
         751     6.64197
         752     6.69342
         753     6.65092
         754     6.64549
         755     6.72221
         756     6.99707
         757     7.01842
         758     6.76465
         759     6.83036
         760      6.7102
         761     6.74551
         762     7.00063
         763     6.94541
         764     6.72228
         765     6.71585
         766     6.63278
         767     6.65125
         768     6.93807
         769     6.83193
         770     6.71912
         771     6.92902
         772     6.61703
         773      6.5804
         774     6.49799
         775     6.61805
         776     6.72203
         777     6.91224
         778     6.94311
         779     6.94198
         780      6.8123
         781     6.84153
         782     6.58666
         783     6.64712
         784     6.46037
         785      6.5988
         786     6.62675
         787      6.6735
         788     6.88487
         789     6.91344
         790     6.99643
         791     6.87095
         792     7.11622
         793     6.82716
         794      6.6591
         795     6.99391
         796      6.6811
         797     6.73052
         798     6.66583
         799     6.75035
         800     6.48871
         801      6.6279
         802     6.73675
         803     6.76539
         804     6.63106
         805     6.53087
         806     6.78562
         807      6.7032
         808     6.60853
         809     6.71904
         810     6.71152
         811     6.82844
         812     6.64977
         813     6.57335
         814     6.64708
         815     6.71234
         816     6.77633
         817      6.9414
         818     6.97543
         819     6.85625
         820     6.68849
         821     6.78162
         822     6.67218
         823     6.83239
         824     6.70929
         825      6.5777
         826     6.60193
         827     6.88005
         828     6.58981
         829      6.5963
         830     6.75509
         831     6.60548
         832     6.68449
         833      6.6098
         834     6.78882
         835     6.81526
         836     6.74628
         837     6.72163
         838      6.6611
         839     6.48605
         840     6.50038
         841     6.74159
         842     6.78414
         843     6.73839
         844      6.9441
         845     6.79711
         846     6.71401
         847     6.69897
         848     6.62502
         849     6.70825
         850     6.64784
         851     6.73436
         852     6.62614
         853     6.48765
         854     6.47529
         855     6.73851
         856     7.05848
         857     7.07274
         858     6.94871
         859     6.69553
         860     6.56098
         861     6.61491
         862     6.60204
         863     6.96616
         864     7.29088
         865     7.50577
         866     7.47064
         867     6.97507
         868     6.71266
         869     7.12508
         870     6.90624
         871     6.72686
         872     6.77192
         873     6.52338
         874     6.62804
         875     6.55588
         876      6.7012
         877      6.7838
         878      6.7218
         879     6.66924
         880     6.53166
         881     6.60196
         882     6.59827
         883     6.49473
         884     6.51797
         885     6.60203
         886     6.68701
         887     6.82618
         888     6.76128
         889     6.95524
         890     7.12667
         891     7.25186
         892      6.7999
         893     6.94809
         894     6.88134
         895     6.74634
         896     6.90725
         897     6.82113
         898     6.71361
         899     6.52959
         900     6.41216
         901     6.68832
         902     6.58705
         903     6.70541
         904      6.6269
         905     6.64882
         906     6.61691
         907     6.87292
         908     6.96505
         909     7.15701
         910     7.14717
         911     7.26796
         912     6.76291
         913     6.49536
         914     6.62844
         915     6.74395
         916     6.61079
         917     6.63913
         918     6.64937
         919      6.9034
         920     7.03943
         921     6.88955
         922     6.89334
         923      7.2417
         924     7.15179
         925     7.21993
         926     6.75523
         927     6.61695
         928     6.65433
         929     6.78664
         930     6.51596
         931     6.81378
         932     6.68062
         933     6.70382
         934     6.74119
         935     6.74545
         936     7.18888
         937     6.95688
         938     6.89637
         939     6.76124
         940     6.68572
         941     6.75025
         942     6.78715
         943     6.89546
         944      6.8103
         945     6.62852
         946     6.76144
         947     6.72385
         948     6.75556
         949     6.52289
         950     6.49732
         951     6.60968
         952     6.74274
         953     6.55003
         954     6.72026
         955     6.69863
         956     6.58373
         957      6.4665
         958     6.51496
         959      6.7659
         960     6.79584
         961     6.68925
         962     6.55008
         963     6.61277
         964     6.52751
         965     6.44817
         966     6.59077
         967     6.48017
         968     6.47072
         969     6.64898
         970     7.15773
         971     7.09785
         972      7.2713
         973     6.71926
         974     6.61824
         975     6.66848
         976     7.09495
         977     6.84213
         978     6.80683
         979      6.7361
         980     6.83565
         981     6.65786
         982      6.7016
         983     6.71159
         984     7.31556
         985     7.14782
         986     6.70804
         987     6.43809
         988     6.54332
         989     6.67177
         990     6.48677
         991     6.81063
         992     6.53428
         993     6.37319
         994     6.57706
         995     6.57252
         996     6.86649
         997     6.99611
         998     6.78214
         999      6.5079
        1000     6.54609
        1001      6.7542
        1002     6.71467
        1003      6.7759
        1004     6.69985
        1005     6.64156
        1006     6.86606
        1007     6.73958
        1008     6.87666
        1009     6.66607
        1010     6.60236
        1011     6.75864
        1012     6.67485
        1013     6.64113
        1014     6.60105
        1015     6.67531
        1016     6.74903
        1017     6.75532
        1018     6.53889
        1019      6.5503
        1020     6.41511
        1021     6.46213
        1022     6.40732
        1023     6.47181
        1024     6.69001
        1025     6.62542
        1026     6.62827
        1027     6.58664
        1028     6.74885
        1029     6.76831
        1030     6.73366
        1031     6.86257
        1032     6.73659
        1033      6.5791
        1034     6.82968
        1035     7.01265
        1036     7.00391
        1037     7.08894
        1038     6.84283
        1039     7.01029
        1040     6.88942
        1041     6.68726
        1042     7.01736
        1043     6.82918
        1044     6.72696
        1045     6.94796
        1046      7.4024
        1047     6.85959
        1048       6.857
        1049     7.15945
        1050     6.98503
        1051     6.90204
        1052     7.29254
        1053     6.92035
        1054     6.99031
        1055     7.03736
        1056      6.6342
        1057     6.77542
        1058     6.59276
        1059     6.88927
        1060     6.80874
        1061     6.87916
        1062     6.77829
        1063     6.53579
        1064      6.5319
        1065     6.54447
        1066      6.8742
        1067     6.85943
        1068     6.88783
        1069     6.66931
        1070     6.92363
        1071     7.12942
        1072     6.91166
        1073     6.93561
        1074     6.75024
        1075     6.95926
        1076     7.03759
        1077     6.85618
        1078     6.73613
        1079     6.95409
        1080       6.861
        1081     6.65172
        1082     6.75725
        1083     6.61173
        1084     6.86096
        1085     7.02277
        1086     7.03386
        1087     6.75472
        1088     7.06024
        1089     7.15021
        1090     6.76153
        1091     6.99723
        1092      6.9874
        1093     6.86452
        1094     7.18771
        1095     6.97459
        1096     6.55435
        1097     6.73406
        1098     6.75165
        1099     6.79361
        1100     6.87299
        1101     6.93619
        1102     7.50619
        1103     7.14541
        1104     6.73066
        1105     6.61692
        1106     6.45447
        1107     6.50722
        1108      6.4706
        1109     6.53932
        1110     6.96823
        1111     7.21891
        1112     7.19619
        1113     7.10748
        1114     7.14202
        1115     6.85602
        1116      7.0045
        1117     6.96972
        1118     6.79837
        1119     6.65388
        1120     6.44871
        1121      6.4716
        1122     6.54758
        1123     6.72953
        1124     6.76484
        1125      6.7915
        1126     6.73304
        1127     6.64644
        1128     6.58986
        1129     6.49934
        1130     6.49231
        1131     6.69698
        1132     6.76149
        1133      7.1562
        1134     6.84128
        1135     6.80662
        1136     6.90375
        1137     7.02519
        1138     6.80766
        1139     7.05408
        1140      7.2365
        1141     7.29298
        1142     7.35675
        1143     7.05549
        1144     7.16179
        1145     6.74831
        1146     7.06689
        1147     6.97341
        1148     6.97726
        1149     6.67656
        1150     7.28572
        1151     7.12702
        1152     7.44286
        1153     7.10466
        1154     6.89603
        1155     6.99208
        1156     6.76951
        1157     6.50091
        1158     6.59488
        1159     6.46138
        1160      6.8082
        1161     6.78486
        1162     6.99029
        1163      6.8839
        1164     6.94176
        1165     6.91793
        1166     6.64872
        1167     6.64019
        1168     7.35669
        1169     7.12868
        1170      7.0177
        1171     6.89361
        1172     7.29832
        1173     7.11759
        1174     7.14345
        1175     6.96601
        1176     6.92826
        1177     6.53158
        1178      6.7086
        1179       6.749
        1180     6.63029
        1181     6.93704
        1182     6.75969
        1183     6.63553
        1184     7.02112
        1185     6.94397
        1186     6.83409
        1187     7.17674
        1188     6.92265
        1189     6.67164
        1190     6.67402
        1191     6.59568
        1192     6.69213
        1193     6.67974
        1194     6.49057
        1195     6.66271
        1196      6.8349
        1197     6.87196
        1198     6.88391
        1199     6.86755
        1200     6.96882
        1201      6.9895
        1202     6.79177
        1203     6.96236
        1204     6.60213
        1205     6.53164
        1206     6.77644
        1207     7.12906
        1208      6.9628
        1209      6.6466
        1210     6.89298
        1211     7.17428
        1212     7.39512
        1213     6.99587
        1214     7.09969
        1215     6.95825
        1216     6.92085
        1217     7.21666
        1218     7.37334
        1219     6.92035
        1220     6.64164
        1221      6.8824
        1222     6.87872
        1223     6.93404
        1224      6.6333
        1225     6.69688
        1226     6.46447
        1227     6.52827
        1228     6.39784
        1229     6.45716
        1230     6.53303
        1231     6.48264
        1232     6.55546
        1233     6.65384
        1234     7.07724
        1235     6.77366
        1236     7.31671
        1237     7.06162
        1238      6.7514
        1239     7.04691
        1240     6.85752
        1241     7.14939
        1242     6.62129
        1243     6.56921
        1244     6.77822
        1245     6.78591
        1246      6.6695
        1247     6.81768
        1248     6.65272
        1249     6.65327
        1250     6.75503
        1251      6.9409
        1252     6.71499
        1253     6.62237
        1254     6.80014
        1255     6.54074
        1256     6.52274
        1257     6.95226
        1258     7.03074
        1259     6.72488
        1260      6.5884
        1261     6.57588
        1262     6.67364
        1263      6.7003
        1264     6.91062
        1265     6.71163
        1266     6.63334
        1267     7.01859
        1268     6.82902
        1269     6.91393
        1270     6.60802
        1271     6.93419
        1272     7.10496
        1273     6.58785
        1274       6.578
        1275      6.4887
        1276     6.52872
        1277     6.54005
        1278     6.55895
        1279     6.71942
        1280     6.69856
        1281     6.75794
        1282     7.16291
        1283     7.14137
        1284     6.63832
        1285     6.74111
        1286      6.6506
        1287     6.59841
        1288     6.58762
        1289      6.6587
        1290     6.59292
        1291     6.64032
        1292     6.92679
        1293     6.89153
        1294     7.09919
        1295     7.20522
        1296     7.19947
        1297     7.13835
        1298     6.93724
        1299     6.76207
        1300     6.73992
        1301     6.83395
        1302     6.74748
        1303     7.01082
        1304     6.77752
        1305     6.71808
        1306     6.72954
        1307     6.86382
        1308     6.63052
        1309     6.72947
        1310      6.4818
        1311     6.51777
        1312      6.8071
        1313     6.70592
        1314     7.03947
        1315     7.43653
        1316     7.18967
        1317     7.13418
        1318     6.57012
        1319     6.53631
        1320     6.56314
        1321     6.87686
        1322     6.91784
        1323     6.81546
        1324     6.67769
        1325     6.77937
        1326     6.98548
        1327     7.18649
        1328     7.20867
        1329     6.97286
        1330     6.57205
        1331     6.44745
        1332     6.52042
        1333      6.4892
        1334     6.53755
        1335     6.58556
        1336     6.66377
        1337     6.96003
        1338     7.01216
        1339     6.86809
        1340     6.60438
        1341     6.55825
        1342     6.46521
        1343      6.6422
        1344     6.76803
        1345     6.91104
        1346     6.76171
        1347     6.51908
        1348     6.41329
        1349     6.61598
        1350     6.52551
        1351     6.65836
        1352     6.89031
        1353     6.99679
        1354     7.12676
        1355     6.84197
        1356     6.60122
        1357     6.66498
        1358     6.74659
        1359     6.76844
        1360      7.0337
        1361     6.93554
        1362     6.81256
        1363     6.96534
        1364     6.96188
        1365     7.19169
        1366     6.95042
        1367     6.94131
        1368     7.18016
        1369     7.21933
        1370     7.08721
        1371     6.92429
        1372     6.90745
        1373     6.79524
        1374     6.84522
        1375     6.73544
        1376     6.55487
        1377     6.82661
        1378     6.76411
        1379     6.53874
        1380     6.81011
        1381     7.15498
        1382     6.91692
        1383     6.95543
        1384     6.55891
        1385     6.38895
        1386     6.47088
        1387     6.70448
        1388     6.60821
        1389     6.69994
        1390     6.63137
        1391     6.66787
        1392     6.69156
        1393     6.76331
        1394     6.52859
        1395     6.62462
        1396     6.62593
        1397     6.54559
        1398     6.55563
        1399     6.68016
        1400     6.85184
        1401     6.78979
        1402     6.79715
        1403     6.72022
        1404     6.86679
        1405     6.66797
        1406     6.91042
        1407     6.73008
        1408     6.63711
        1409     6.79728
        1410     7.18918
        1411     7.49137
        1412     7.11801
        1413      6.8678
        1414     7.02699
        1415     7.23374
        1416     6.91724
        1417     6.73445
        1418     6.84037
        1419     6.64631
        1420     6.58885
        1421     6.50099
        1422      6.5845
        1423     6.43521
        1424     6.40787
        1425     6.50375
        1426     6.62697
        1427     6.59003
        1428     6.62267
        1429     6.59385
        1430      6.6721
        1431     6.79452
        1432     6.68012
        1433       6.519
        1434     6.61349
        1435     6.89119
        1436     6.68957
        1437     6.81535
        1438     6.47695
        1439     6.59446
        1440     6.71331
        1441     6.71118
        1442     6.93682
        1443     6.98334
        1444     7.13661
        1445     6.96554
        1446     6.81991
        1447     6.73584
        1448     6.58453
        1449     6.54696
        1450     6.49507
        1451     6.51684
        1452     6.47527
        1453     6.50667
        1454     6.82254
        1455     6.53792
        1456     6.40013
        1457     6.39957
        1458     6.58841
        1459     6.68482
        1460     6.78507
        1461     6.59579
        1462     6.54753
        1463      6.6194
        1464     6.60071
        1465     6.74581
        1466     6.84299
        1467     6.79492
        1468     6.83271
        1469     7.05135
        1470     6.84161
        1471     6.77136
        1472     6.76455
        1473     6.89644
        1474     6.73393
        1475     6.75201
        1476     6.65244
        1477     6.81638
        1478     6.59733
        1479     6.68909
        1480     6.61233
        1481     6.73727
        1482     6.83917
        1483     6.93173
        1484     6.82215
        1485     6.70758
        1486     6.76047
        1487     6.68324
        1488     6.83921
        1489     6.70589
        1490     6.98579
        1491     6.93006
        1492     6.78948
        1493     6.68582
        1494     6.52417
        1495     6.71485
        1496      6.9633
        1497     6.68524
        1498     6.76809
        1499     6.71157
        1500     6.86869
        1501     6.67337
        1502     6.96745
        1503     6.74131
        1504     6.86923
        1505     7.02822
        1506      7.1159
        1507     6.75404
        1508      6.7917
        1509     6.83414
        1510     6.98454
        1511     6.92154
        1512     6.75574
        1513     6.63877
        1514     6.80877
        1515      6.5093
        1516     6.63176
        1517     6.59631
        1518     6.67018
        1519     6.85417
        1520     7.02755
        1521     6.56579
        1522     6.48317
        1523     6.72248
        1524     6.93433
        1525     6.52852
        1526     6.88315
        1527     6.68475
        1528      6.7629
        1529     6.92471
        1530     6.88778
        1531     6.52743
        1532     6.76983
        1533     6.87581
        1534       6.797
        1535     6.87942
        1536     6.49407
        1537     6.52331
        1538     6.93141
        1539     6.96835
        1540      6.7571
        1541     6.82687
        1542      6.7647
        1543     6.93891
        1544     7.03734
        1545     6.99925
        1546     7.15667
        1547     7.03008
        1548     7.04324
        1549     6.95031
        1550     6.90134
        1551     6.70201
        1552     6.74313
        1553     6.83607
        1554     6.47852
        1555     6.84839
        1556     6.98334
        1557     6.58065
        1558     6.71547
        1559     6.81003
        1560      6.8564
        1561     6.81354
        1562     6.91263
        1563     6.72092
        1564     6.61382
        1565     6.54185
        1566     6.50219
        1567     6.64142
        1568     6.53857
        1569      6.4824
        1570     6.51907
        1571     6.56345
        1572     6.49489
        1573     6.64744
        1574     6.72259
        1575     6.73257
        1576     6.68087
        1577     6.61577
        1578     6.56366
        1579     6.46653
        1580     6.81542
        1581     6.75928
        1582     6.67187
        1583     6.70063
        1584     6.58894
        1585        6.49
        1586     6.55904
        1587     6.63742
        1588     6.83875
        1589     6.87478
        1590     6.68511
        1591     6.96544
        1592     6.80149
        1593     7.05447
        1594     6.89548
        1595     7.06848
        1596      6.9247
        1597     6.78359
        1598     6.60109
        1599     6.54809
        1600     6.77164
        1601     6.69499
        1602     6.58624
        1603     6.86652
        1604     6.79514
        1605     6.58441
        1606     6.63062
        1607      6.6168
        1608     6.62436
        1609      6.8261
        1610     6.80704
        1611     6.68705
        1612     6.66974
        1613     7.22058
        1614     6.82867
        1615     6.99469
        1616     6.82694
        1617     6.93219
        1618     6.91147
        1619     6.71116
        1620     6.57476
        1621     6.77483
        1622     6.90311
        1623     6.51624
        1624     6.61579
        1625     6.64152
        1626     6.85611
        1627     6.72619
        1628     6.46959
        1629     6.52414
        1630     6.47634
        1631     6.79201
        1632     6.89589
        1633     6.65882
        1634     6.39576
        1635     6.42212
        1636     6.47905
        1637     6.48952
        1638     6.51549
        1639     6.60895
        1640     6.52185
        1641     6.62689
        1642      6.7468
        1643     7.06262
        1644     7.12646
        1645     7.52012
        1646     7.44758
        1647     7.60142
        1648     7.61694
        1649     7.19557
        1650     7.19133
        1651     7.11316
        1652     6.86626
        1653     6.80662
        1654     6.75368
        1655     6.68284
        1656     6.53286
        1657     6.51661
        1658     6.57829
        1659     7.03556
        1660     7.03419
        1661     7.09401
        1662     7.02055
        1663     7.26805
        1664     6.98959
        1665     6.71188
        1666     6.64406
        1667     6.82016
        1668     6.68129
        1669     6.44739
        1670     6.40548
        1671      6.8579
        1672     7.02966
        1673     6.84839
        1674     6.73687
        1675     6.65305
        1676      6.5925
        1677     6.87642
        1678      6.7572
        1679     6.93906
        1680     6.64428
        1681     6.54911
        1682     6.45456
        1683     6.52322
        1684     6.70432
        1685     6.50375
        1686     6.74356
        1687     6.71231
        1688     6.50103
        1689      6.3701
        1690      6.4404
        1691     6.51912
        1692     6.60793
        1693     6.80604
        1694     7.26987
        1695     6.71201
        1696     6.87333
        1697     6.74326
        1698     6.56895
        1699     6.59914
        1700     6.55189
        1701     6.49784
        1702     6.78248
        1703     6.73107
        1704     6.94661
        1705      7.1624
        1706     7.12127
        1707     7.34355
        1708     7.17456
        1709     6.97527
        1710     6.86809
        1711     6.77645
        1712     6.61432
        1713     6.57194
        1714     6.60482
        1715      6.6406
        1716     6.77308
        1717      6.7166
        1718     6.64303
        1719     6.84837
        1720     6.79668
        1721     6.82335
        1722     6.98477
        1723     6.71395
        1724     6.66037
        1725     6.57595
        1726     6.60061
        1727     6.53303
        1728     6.37416
        1729     6.56357
        1730     6.58124
        1731     6.68695
        1732     6.79399
        1733     6.60276
        1734     6.67572
        1735     6.43534
        1736     6.45152
        1737     6.52495
        1738     6.56397
        1739     6.50915
        1740     6.65025
        1741     6.64173
        1742     6.78153
        1743     6.72254
        1744     6.54004
        1745     6.62096
        1746     6.75661
        1747     6.59319
        1748     6.81839
        1749     6.54995
        1750       6.576
        1751     6.49273
        1752     6.55584
        1753      6.7136
        1754     6.81735
        1755     6.86561
        1756     6.80108
        1757     6.71597
        1758     6.80152
        1759     7.02876
        1760     6.93236
        1761     6.95309
        1762     7.07512
        1763     7.23349
        1764     7.15061
        1765     6.73732
        1766     6.97859
        1767     6.87612
        1768     6.90778
        1769     6.71932
        1770     7.03969
        1771     7.00265
        1772     7.14648
        1773     6.80944
        1774     6.82092
        1775     6.75466
        1776     6.71843
        1777     6.52659
        1778     6.48223
        1779     6.65795
        1780     6.66758
        1781     6.73759
        1782     7.03959
        1783     7.15274
        1784     7.12485
        1785     6.90208
        1786     6.84995
        1787     7.06975
        1788     6.68733
        1789     6.71707
        1790     6.76566
        1791     6.97014
        1792     7.16409
        1793      6.7935
        1794     6.79584
        1795     6.81726
        1796     7.12736
        1797     6.70101
        1798     6.88092
        1799     7.01794
        1800     6.78827
        1801     6.98078
        1802     6.66928
        1803     6.63928
        1804     6.90963
        1805     6.69174
        1806      6.7766
        1807     6.62427
        1808     6.56966
        1809     6.85471
        1810     6.63789
        1811     6.63078
        1812     6.65305
        1813     6.52795
        1814     6.90387
        1815     6.82238
        1816     6.68136
        1817     6.77779
        1818     6.56407
        1819     6.86268
        1820     6.60737
        1821     6.48637
        1822     6.76753
        1823     6.69235
        1824     6.72074
        1825      6.9825
        1826     6.99279
        1827     6.72858
        1828     6.74231
        1829     7.12423
        1830     6.75615
        1831     6.59318
        1832     6.79146
        1833     6.88373
        1834     6.76967
        1835     6.75529
        1836       6.784
        1837     6.67054
        1838     6.69997
        1839     6.60675
        1840     6.54171
        1841     6.59937
        1842     6.93656
        1843     7.28583
        1844      7.0118
        1845     7.24923
        1846     6.87703
        1847     6.99818
        1848     7.14894
        1849     7.00542
        1850     6.87395
        1851     6.59309
        1852       6.795
        1853     6.89407
        1854     7.05359
        1855     7.41966
        1856     7.28751
        1857     6.99206
        1858     6.79928
        1859      6.6293
        1860     6.92505
        1861     6.61266
        1862     6.83764
        1863      6.8907
        1864     7.00036
        1865     7.06792
        1866     7.11532
        1867     6.93082
        1868      6.8373
        1869      6.4304
        1870     6.46051
        1871     6.64637
        1872      6.6653
        1873     6.52886
        1874     6.56169
        1875     6.63875
        1876     6.65168
        1877     6.60768
        1878     6.59524
        1879     6.46392
        1880     6.71337
        1881     6.79276
        1882      6.8716
        1883     6.90616
        1884     6.90077
        1885     6.96766
        1886     6.67544
        1887     6.58498
        1888     6.46699
        1889     6.57909
        1890     6.64583
        1891     6.70723
        1892     6.94685
        1893     7.06866
        1894     7.28743
        1895     7.17052
        1896     7.58719
        1897     7.00365
        1898     6.93526
        1899     6.86112
        1900     6.45243
        1901     6.40234
        1902     6.71908
        1903     6.87559
        1904     7.14755
        1905      6.9933
        1906      6.6453
        1907     6.47169
        1908     6.75289
        1909     6.81318
        1910     6.57653
        1911     6.52046
        1912     6.74128
        1913     6.66744
        1914      6.9204
        1915     6.69284
        1916     6.52826
        1917     6.70119
        1918     6.91781
        1919     6.75223
        1920     6.64171
        1921     6.76082
        1922     6.73917
        1923     6.82009
        1924      7.1493
        1925     7.13884
        1926     7.25386
        1927     7.13006
        1928     7.12194
        1929     7.18754
        1930     7.01965
        1931     7.08729
        1932     6.90536
        1933      6.8103
        1934      6.7578
        1935     6.67979
        1936     6.58989
        1937     6.89861
        1938     7.04881
        1939     7.18534
        1940     6.82993
        1941     6.76679
        1942     6.45364
        1943     6.55493
        1944     6.48189
        1945     6.42723
        1946     6.51633
        1947     6.69247
        1948     6.95718
        1949     7.21708
        1950     7.06913
        1951     6.74348
        1952     6.67068
        1953     6.68682
        1954     6.81703
        1955     6.92117
        1956     6.57846
        1957     6.75482
        1958     6.76588
        1959     6.78554
        1960     6.64425
        1961      6.5249
        1962     6.55994
        1963     6.49545
        1964      6.5671
        1965      6.4806
        1966     6.60573
        1967     6.66173
        1968     6.70339
        1969     6.61707
        1970     7.07002
        1971     7.08621
        1972     6.99301
        1973     6.62179
        1974       6.478
        1975     6.45208
        1976     6.39889
        1977     6.41764
        1978     6.69047
        1979     6.68696
        1980     6.55728
        1981     6.70514
        1982     6.84538
        1983     6.94615
        1984     6.85348
        1985     6.94284
        1986     6.65695
        1987     6.85948
        1988     7.18534
        1989     7.04964
        1990     6.78196
        1991     6.90355
        1992      6.5094
        1993     6.42614
        1994      6.4857
        1995      6.5889
        1996     6.79186
        1997     6.82206
        1998     6.93976
        1999     6.86793
        2000      6.9854
        2001     6.90654
        2002     7.11744
        2003     6.84846
        2004     6.81279
        2005      6.8826
        2006     6.72497
        2007     6.67788
        2008     6.70219
        2009     6.92813
        2010     6.78307
        2011     7.26501
        2012     6.75814
        2013     6.65529
        2014     6.59104
        2015     6.88023
        2016     7.22866
        2017      7.1702
        2018     7.18992
        2019     6.90322
        2020     6.95712
        2021     6.77172
        2022     6.62352
        2023     6.75687
        2024     6.73679
        2025     6.68457
        2026     6.54726
        2027     6.47938
        2028     6.45644
        2029     6.63947
        2030     6.53034
        2031     6.42596
        2032     6.43388
        2033     6.43493
        2034     6.71178
        2035     6.78469
        2036     7.06848
        2037     6.67352
        2038     6.98634
        2039     6.82001
        2040     6.64582
        2041     6.74554
        2042     6.67599
        2043     6.66685
        2044     6.67847
        2045     6.78581
        2046     6.91972
        2047      6.8457
        2048     6.98565
        2049     6.84655
        2050      6.9157
        2051     6.65894
        2052     6.52197
        2053     6.51829
        2054     6.67114
        2055      6.7483
        2056     6.86818
        2057     6.78772
        2058     7.30427
        2059     7.25257
        2060     7.10451
        2061     7.02402
        2062     6.81472
        2063     6.71629
        2064     7.05499
        2065     6.67319
        2066     6.50747
        2067     6.51991
        2068     6.66909
        2069     6.59827
        2070     6.50274
        2071     6.61985
        2072     6.85457
        2073     6.68246
        2074     7.11793
        2075     7.05684
        2076     6.97836
        2077     6.75563
        2078     6.80237
        2079     7.03937
        2080     6.57176
        2081     6.55684
        2082     6.38361
        2083     6.44048
        2084     6.44753
        2085     6.72423
        2086     6.63168
        2087     6.82378
        2088     6.68275
        2089     6.65573
        2090      6.5452
        2091     6.44175
        2092     6.49596
        2093     6.76708
        2094     6.70692
        2095     6.56545
        2096     6.59503
        2097     6.60861
        2098     6.76876
        2099     6.65797
        2100     6.91532
        2101     7.05624
        2102     6.97634
        2103     6.86333
        2104     6.89403
        2105     6.79893
        2106     6.89107
        2107      6.8274
        2108      6.7098
        2109     6.87278
        2110     6.79378
        2111     6.86056
        2112     6.53555
        2113      6.4167
        2114     6.53947
        2115     6.56589
        2116      6.7607
        2117     6.81531
        2118     7.00345
        2119     6.69012
        2120     6.70193
        2121     6.75652
        2122     6.69551
        2123     6.79868
        2124     6.99074
        2125     6.77601
        2126      6.8614
        2127     6.88212
        2128     6.90707
        2129     6.75838
        2130     6.83423
        2131     6.74776
        2132      6.9592
        2133     7.14426
        2134      6.8739
        2135     6.51698
        2136     6.68317
        2137     6.80185
        2138     6.98916
        2139     6.78404
        2140     6.66796
        2141     6.62762
        2142     6.80886
        2143     6.81408
        2144     6.66742
        2145     6.47299
        2146     6.76059
        2147     6.48073
        2148     6.68189
        2149     6.54455
        2150     6.53231
        2151     6.55481
        2152     6.52707
        2153      6.5688
        2154      6.3884
        2155     6.48973
        2156     6.59728
        2157     6.57347
        2158     6.51888
        2159     6.86125
        2160     6.97021
        2161     6.85967
        2162     6.63413
        2163     6.57363
        2164      6.6011
        2165     6.55568
        2166     6.71755
        2167     6.63767
        2168      6.4905
        2169      6.4818
        2170      6.7497
        2171     7.10237
        2172     7.07053
        2173     6.97111
        2174     7.33082
        2175     7.03644
        2176     6.89108
        2177     6.87005
        2178     6.95809
        2179     7.07829
        2180     7.06578
        2181     6.99667
        2182     7.11747
        2183      7.6308
        2184     6.83946
        2185     6.64749
        2186     6.71252
        2187     6.89907
        2188     6.79733
        2189     6.83976
        2190     6.65164
        2191     6.71852
        2192     6.68161
        2193     6.66365
        2194     6.58803
        2195     6.62099
        2196     6.80764
        2197      6.8501
        2198     6.77832
        2199     6.64494
        2200     6.54802
        2201     6.51145
        2202     6.47452
        2203     6.54333
        2204     6.58792
        2205     6.80549
        2206     6.86943
        2207     6.94331
        2208     6.64269
        2209     6.62811
        2210     6.64793
        2211     6.69835
        2212     6.76975
        2213     6.63446
        2214     6.58522
        2215     6.81787
        2216     6.72143
        2217     7.16897
        2218     7.17969
        2219     7.23964
        2220     6.95391
        2221     6.92229
        2222     6.72627
        2223     6.82566
        2224     6.65026
        2225     6.73105
        2226     6.42776
        2227     6.50619
        2228     6.56912
        2229     6.72616
        2230     6.64195
        2231     6.52175
        2232     6.76164
        2233     6.75628
        2234     6.65906
        2235     6.72176
        2236       6.976
        2237     7.00748
        2238     6.82602
        2239     6.67378
        2240     6.48026
        2241     6.60018
        2242      6.8384
        2243     6.67237
        2244      7.0511
        2245      7.1118
        2246     6.96265
        2247     6.81569
        2248     6.60778
        2249     6.53964
        2250     6.55502
        2251     6.62583
        2252      6.8984
        2253     6.77951
        2254     6.82171
        2255     6.70175
        2256     6.66467
        2257      6.7335
        2258     6.73067
        2259     6.67506
        2260     6.56551
        2261     6.89179
        2262      6.7885
        2263     6.82569
        2264     6.60412
        2265     6.61761
        2266     6.52167
        2267     6.51136
        2268     6.46561
        2269     6.48257
        2270     6.44751
        2271     6.52835
        2272     6.73779
        2273     6.69402
        2274     6.66384
        2275     6.72489
        2276      6.4794
        2277     6.60733
        2278     6.55605
        2279     6.71198
        2280     6.62095
        2281     6.69814
        2282      6.7643
        2283     6.71848
        2284     6.64131
        2285     6.81754
        2286     6.71079
        2287      6.6775
        2288     6.86009
        2289     6.82777
        2290     6.75855
        2291     6.80988
        2292     6.48039
        2293     6.75304
        2294     6.92585
        2295     6.95065
        2296     6.96131
        2297      6.6899
        2298     6.84605
        2299     6.70906
        2300     6.59858
        2301     6.65487
        2302     6.74847
        2303     6.60188
        2304       6.477
        2305      6.6785
        2306     6.53136
        2307     6.54255
        2308     6.80637
        2309     6.73227
        2310     6.53411
        2311     6.51669
        2312     6.66647
        2313     6.55455
        2314     6.63223
        2315     6.74394
        2316     6.66787
        2317     6.88248
        2318     6.87971
        2319     6.77703
        2320     6.84751
        2321      6.8676
        2322     6.72605
        2323     6.54682
        2324     6.51394
        2325     6.44402
        2326     6.53205
        2327     6.98444
        2328      7.1148
        2329     7.05798
        2330     6.97929
        2331       6.901
        2332     6.63303
        2333     6.42868
        2334     6.62423
        2335      6.6015
        2336     6.71831
        2337     6.63599
        2338     6.47075
        2339     6.55794
        2340     6.72539
        2341     6.76045
        2342     6.70054
        2343     6.42928
        2344     6.54084
        2345     6.51813
        2346     6.52729
        2347     6.80578
        2348     6.57426
        2349     6.48223
        2350     6.61675
        2351      6.5628
        2352     6.73496
        2353     6.67455
        2354     6.77243
        2355     7.13134
        2356     6.96308
        2357     6.91405
        2358     6.64638
        2359     6.69125
        2360     6.65324
        2361     6.94512
        2362     6.59641
        2363     6.67169
        2364     6.65794
        2365     6.67589
        2366     6.65377
        2367     6.91682
        2368     6.98793
        2369     6.99436
        2370     6.65523
        2371      7.1007
        2372     7.13714
        2373     6.94548
        2374     6.73293
        2375      6.6843
        2376     6.72834
        2377     6.83224
        2378     6.99786
        2379     6.79911
        2380     6.74359
        2381       6.905
        2382     7.08679
        2383     6.96834
        2384     6.81215
        2385     6.93396
        2386     6.95068
        2387     7.13886
        2388      7.1501
        2389     7.02526
        2390     7.09825
        2391     6.92079
        2392     6.87248
        2393     6.90391
        2394     6.79559
        2395     6.92682
        2396     6.85972
        2397     6.67142
        2398     6.59816
        2399     6.49702
        2400      6.7757
        2401     7.01119
        2402       7.319
        2403     7.00473
        2404     6.89658
        2405     6.84364
        2406     6.91217
        2407     7.25225
        2408     6.50809
        2409     6.53024
        2410     6.61327
        2411     6.69211
        2412     6.58157
        2413      6.6052
        2414      6.5806
        2415     6.73086
        2416      7.2068
        2417     7.09377
        2418     6.73656
        2419     6.62208
        2420      6.9073
        2421     6.67473
        2422     6.63159
        2423     6.59884
        2424     6.53826
        2425     7.05678
        2426      6.9459
        2427     6.73591
        2428     6.79808
        2429     6.69058
        2430      6.7237
        2431     6.84956
        2432      7.0845
        2433     6.71327
        2434     6.46138
        2435     6.55925
        2436      6.5585
        2437     6.75135
        2438       6.679
        2439     6.48991
        2440     6.47072
        2441     6.69132
        2442     6.67847
        2443     6.46739
        2444      6.5986
        2445     6.54596
        2446     6.60017
        2447     6.92593
        2448      6.5431
        2449     6.53074
        2450     6.74772
        2451     6.88387
        2452     6.54831
        2453     6.46808
        2454     6.62225
        2455     6.60522
        2456     6.63581
        2457     6.79329
        2458     6.59417
        2459      6.6069
        2460     6.48439
        2461     6.81195
        2462     6.92723
        2463     6.66212
        2464     6.90464
        2465     6.97108
        2466     6.97395
        2467     6.63563
        2468     6.54738
        2469      6.6598
        2470     6.62834
        2471     6.91728
        2472     6.77001
        2473     7.03766
        2474     6.57917
        2475     6.67679
        2476     6.83857
        2477     6.76219
        2478     6.77244
        2479     6.62781
        2480     6.53101
        2481     6.57402
        2482     6.47159
        2483      6.4656
        2484     6.66035
        2485     6.64502
        2486     6.63411
        2487     6.65485
        2488     6.71543
        2489     6.73054
        2490     6.80554
        2491     6.83574
        2492     6.79893
        2493     6.96401
        2494     6.75463
        2495     6.76913
        2496     6.85185
        2497     6.84781
        2498     6.73533
        2499     6.54245
