           0     40.1445
           1     38.0928
           2     35.7679
           3     34.4468
           4     33.5181
           5     33.3849
           6     32.4565
           7     31.3984
           8     31.2991
           9     29.7263
          10     28.3261
          11     26.5257
          12     25.2572
          13     25.2572
          14     24.2192
          15     24.2192
          16      23.747
          17     23.0254
          18     20.5153
          19     20.5153
          20     20.2583
          21     20.1019
          22     18.6987
          23     18.3526
          24     18.1618
          25     18.0424
          26     18.0424
          27     17.7606
          28     17.0335
          29     16.8622
          30     16.8622
          31     16.4388
          32     16.4388
          33     16.4388
          34     16.4388
          35     16.3919
          36     16.3919
          37     16.3919
          38     15.1912
          39     15.1912
          40     15.1912
          41     15.1912
          42     15.1912
          43     13.8345
          44     13.3226
          45     13.3226
          46     13.3226
          47     13.3226
          48     13.3226
          49     13.2698
          50     13.2698
          51     12.7384
          52     12.7384
          53     12.7384
          54     12.7384
          55     12.7384
          56     12.7384
          57     12.7187
          58     12.7187
          59     12.7187
          60     12.7187
          61     12.6922
          62     12.6922
          63     12.6725
          64     12.6725
          65     12.6708
          66      12.654
          67      12.654
          68      12.654
          69     12.2477
          70     12.2477
          71     11.7466
          72     11.4215
          73     11.1859
          74     11.1859
          75     11.1859
          76     11.1772
          77     11.1772
          78      11.161
          79      11.161
          80     11.1522
          81     11.1522
          82     11.1168
          83     11.1168
          84     11.1168
          85      11.112
          86      11.112
          87      11.112
          88      11.112
          89     11.0921
          90     11.0921
          91     11.0921
          92     10.9118
          93     10.9118
          94     10.9118
          95     10.9118
          96     10.9118
          97     10.9118
          98     10.9118
          99     10.9118
         100     10.9118
         101     10.9118
         102     10.9118
         103     10.9118
         104     10.9118
         105     10.9118
         106     10.9118
         107     10.9118
         108     10.9118
         109     10.9118
         110     10.9118
         111     10.9118
         112     10.9118
         113     10.9118
         114     10.9118
         115     10.9118
         116     10.9118
         117     10.9118
         118     10.9118
         119     10.9118
         120     10.9118
         121     10.9118
         122     10.9118
         123     10.9118
         124     10.9116
         125     10.9116
         126     10.9116
         127     10.9116
         128     10.9116
         129     10.9116
         130     10.9116
         131     10.9116
         132     10.9116
         133     10.9116
         134     10.9116
         135     10.9116
         136     10.9116
         137     10.9116
         138     10.9116
         139     10.9116
         140     10.9116
         141     10.9116
         142     10.9116
         143     10.9116
         144     10.9116
         145     10.9116
         146     10.9116
         147     10.9102
         148     10.9102
         149     10.9102
         150     10.9102
         151     10.8752
         152     10.8752
         153     10.8752
         154     10.8752
         155     10.8752
         156     10.8752
         157     10.8499
         158     10.8499
         159     10.8499
         160     10.8499
         161     10.8499
         162     10.8498
         163     10.8498
         164     10.8498
         165     10.8498
         166     10.8498
         167     10.8498
         168     10.8498
         169     10.8498
         170     10.8396
         171     10.8396
         172     10.8396
         173     10.5752
         174     10.5752
         175     10.5752
         176     10.5752
         177     10.5752
         178     10.5752
         179     10.5752
         180     10.5752
         181     10.5752
         182     10.5752
         183     10.5752
         184     10.5752
         185     10.5752
         186     10.5752
         187     10.5752
         188     10.5752
         189     10.5752
         190     10.5752
         191     10.5752
         192     10.5752
         193     10.5752
         194     10.5752
         195     10.5752
         196     10.5752
         197     10.5752
         198     10.5752
         199     10.5752
         200     10.5752
         201     10.5752
         202     10.5752
         203     10.5752
         204     10.5414
         205     10.5414
         206     10.5412
         207     10.5412
         208     10.5412
         209     10.5412
         210     10.4934
         211     10.4934
         212     10.4934
         213     10.4934
         214     10.4934
         215     10.4934
         216     10.4934
         217     10.4934
         218     10.4934
         219     10.4934
         220     10.4934
         221     10.4934
         222     10.4934
         223     10.4934
         224     10.4934
         225     10.4934
         226     10.4934
         227      9.6876
         228      9.6876
         229      9.6876
         230      9.6876
         231      9.6876
         232      9.6876
         233      9.6876
         234      9.6876
         235      9.6876
         236      9.6876
         237      9.6876
         238      9.6876
         239      9.6876
         240      9.6876
         241      9.6876
         242      9.6876
         243      9.6876
         244      9.6876
         245      9.6876
         246     9.18117
         247     9.18117
         248     9.18117
         249     9.18117
         250     9.18117
         251     9.18117
         252     9.18117
         253     9.18117
         254     7.73045
         255     7.73045
         256     7.73045
         257     7.73045
         258     7.73045
         259     7.55436
         260     7.55436
         261     7.55436
         262     7.55436
         263     7.55436
         264     7.55436
         265     7.55436
         266     7.55436
         267     7.48997
         268     7.48997
         269     7.48997
         270     7.48997
         271     7.48997
         272     7.48997
         273     7.48997
         274     7.48997
         275     7.48997
         276     7.48997
         277     7.47887
         278     7.47887
         279     7.47887
         280     7.47887
         281     7.47887
         282     7.47887
         283     7.47887
         284     7.47887
         285     7.47887
         286     7.47887
         287     7.47887
         288     7.47887
         289     7.47887
         290     7.45346
         291     7.45346
         292     7.45346
         293     7.45346
         294     7.45346
         295     7.45346
         296     7.45346
         297     7.45346
         298     7.45346
         299     7.45346
         300     7.45346
         301     7.45346
         302     7.45346
         303     7.45346
         304     7.45346
         305     7.45346
         306     7.45346
         307     7.45346
         308     7.45346
         309     7.45346
         310     7.45346
         311     7.45346
         312     7.45346
         313     7.45346
         314     7.45346
         315     7.45346
         316     7.45346
         317     7.45346
         318      6.8113
         319      6.8113
         320      6.8113
         321      6.8113
         322      6.8113
         323      6.8113
         324      6.8113
         325      6.8113
         326      6.8113
         327      6.8113
         328      6.8113
         329      6.8113
         330      6.8113
         331      6.8113
         332      6.8113
         333      6.8113
         334      6.8113
         335      6.8113
         336      6.8113
         337      6.8113
         338      6.8113
         339      6.8113
         340      6.8113
         341      6.8113
         342      6.8113
         343     6.58746
         344     6.58746
         345     6.58746
         346     6.58746
         347     6.58746
         348     6.58746
         349     6.32277
         350     6.32277
         351     6.32277
         352     6.32277
         353     6.32277
         354     6.32277
         355     6.32277
         356     6.32277
         357     6.32277
         358     6.32277
         359     6.32277
         360     6.32277
         361     6.32277
         362     6.32277
         363     6.32277
         364     6.24641
         365     6.24641
         366     6.24641
         367     6.24641
         368     6.24641
         369     6.24641
         370     6.24641
         371     6.24641
         372     6.24641
         373     6.24641
         374     6.24641
         375     6.24641
         376     6.24641
         377     6.24641
         378     6.24641
         379     6.24641
         380     6.24641
         381     6.24641
         382     6.24641
         383     6.24641
         384     6.24641
         385     6.24641
         386     6.24641
         387     6.24641
         388     6.24641
         389     6.24641
         390     6.24641
         391     6.24641
         392     6.24641
         393     6.24641
         394     6.24641
         395     6.24641
         396     6.24641
         397     6.24641
         398     6.24641
         399     6.24641
         400     6.24641
         401     6.24641
         402     6.24641
         403     6.24641
         404     6.24641
         405     6.24641
         406     6.24641
         407     6.24641
         408     6.24641
         409     6.24641
         410     6.24641
         411     6.24641
         412     6.24641
         413     6.24641
         414     6.24641
         415     6.24641
         416     6.24641
         417     6.24641
         418     6.24641
         419     6.24641
         420     6.24641
         421     6.24641
         422     6.24641
         423     6.24641
         424     6.24641
         425     6.24641
         426     6.24641
         427     6.24641
         428     6.24641
         429     6.24641
         430     6.24641
         431     6.24641
         432     6.24641
         433     6.24641
         434     6.24641
         435     6.24641
         436     6.24641
         437     6.24641
         438     6.24641
         439     6.24641
         440     6.24641
         441     6.24641
         442     6.24641
         443     6.24641
         444     6.24641
         445     6.24641
         446     6.24641
         447     6.24641
         448     6.24641
         449     6.24641
         450     6.24641
         451     6.24641
         452     6.24641
         453     6.24641
         454     6.24641
         455     6.24641
         456     6.24641
         457     6.24641
         458     6.24641
         459     6.24641
         460     6.24641
         461     6.24641
         462     6.24641
         463     6.24641
         464     6.24641
         465     6.24641
         466     6.24641
         467     6.24641
         468     6.24641
         469     6.24641
         470     6.24641
         471     6.24641
         472     6.24641
         473     6.24641
         474     6.24641
         475     6.24641
         476     6.24641
         477     6.24641
         478     6.24641
         479     6.24641
         480     6.24641
         481     6.24641
         482     6.24641
         483     6.24641
         484     6.24641
         485     6.24641
         486     6.24641
         487     6.24641
         488     6.24641
         489     6.24641
         490     6.24641
         491     6.24641
         492     6.24641
         493     6.24641
         494     6.24641
         495     6.24641
         496     6.24641
         497     6.24641
         498     6.24641
         499     6.24641
         500     6.24641
         501     6.24641
         502     6.24641
         503     6.24641
         504     6.24641
         505     6.24641
         506     6.24641
         507     6.24641
         508     6.24641
         509     6.24641
         510     6.24641
         511     6.24641
         512     6.24641
         513     6.24641
         514     6.24641
         515     6.24641
         516     6.24641
         517     6.24641
         518     6.24641
         519     6.24641
         520     6.24641
         521     6.24641
         522     6.24641
         523     6.24641
         524     6.24641
         525     6.24641
         526     6.24641
         527     6.24641
         528     6.24641
         529     6.24641
         530     6.24641
         531     6.24641
         532     6.24641
         533     6.24641
         534     6.24641
         535     6.24641
         536     6.24641
         537     6.24641
         538     6.24641
         539     6.24641
         540     6.24641
         541     6.24641
         542     6.24641
         543     6.24641
         544     6.24641
         545     6.24641
         546     6.24641
         547     6.24641
         548     6.24641
         549     6.24641
         550     6.24641
         551     6.24641
         552     6.24641
         553     6.24641
         554     6.24641
         555     6.24641
         556     6.24641
         557     6.24641
         558     6.24641
         559     6.24641
         560     6.24641
         561     6.24641
         562     6.24641
         563     6.24641
         564     6.24641
         565     6.24641
         566     6.24641
         567     6.24641
         568     6.24641
         569     6.24641
         570     6.24641
         571     6.24641
         572     6.24641
         573     6.24641
         574     6.24641
         575     6.24641
         576     6.24641
         577     6.24641
         578     6.24641
         579     6.24641
         580     6.24641
         581     6.24641
         582     6.24641
         583     6.24641
         584     6.24641
         585     6.24641
         586     6.24641
         587     6.24641
         588     6.24641
         589     6.24641
         590     6.24641
         591     6.24641
         592     6.24641
         593     6.24641
         594     6.24641
         595     6.24641
         596     6.24641
         597     6.24641
         598     6.24641
         599     6.24641
         600     6.24641
         601     6.24641
         602     6.24641
         603     6.24641
         604     6.24641
         605     6.24641
         606     6.24641
         607     6.24641
         608     6.24641
         609     6.24641
         610     6.24641
         611     6.24641
         612     6.24641
         613     6.24641
         614     6.24641
         615     6.24641
         616     6.24641
         617     6.24641
         618     6.24641
         619     6.24641
         620     6.24641
         621     6.24641
         622     6.24641
         623     6.24641
         624     6.24641
         625     6.24641
         626     6.24641
         627     6.24641
         628     6.24641
         629     6.24641
         630     6.24641
         631     6.24641
         632     6.24641
         633     6.24641
         634     6.24641
         635     6.24641
         636     6.24641
         637     6.24641
         638     6.24641
         639     6.24641
         640     6.24641
         641     6.24641
         642     6.24641
         643     6.24641
         644     6.24641
         645     6.24641
         646     6.24641
         647     6.24641
         648     6.24641
         649     6.24641
         650     6.24641
         651     6.24641
         652     6.24641
         653     6.24641
         654     6.24641
         655     6.24641
         656     6.24641
         657     6.24641
         658     6.24641
         659     6.24641
         660     6.24641
         661     6.24641
         662     6.24641
         663     6.24641
         664     6.24641
         665     6.24641
         666     6.24641
         667     6.24641
         668     6.24641
         669     6.24641
         670     6.24641
         671     6.24641
         672     6.24641
         673     6.24641
         674     6.24641
         675     6.24641
         676     6.24641
         677     6.24641
         678     6.24641
         679     6.24641
         680     6.24641
         681     6.24641
         682     6.24641
         683     6.24641
         684     6.24641
         685     6.24641
         686     6.24641
         687     6.24641
         688     6.24641
         689     6.24641
         690     6.24641
         691     6.24641
         692     6.24641
         693     6.24641
         694     6.24641
         695     6.24641
         696     6.24641
         697     6.24641
         698     6.24641
         699     6.24641
         700     6.24641
         701     6.24641
         702     6.24641
         703     6.24641
         704     6.24641
         705     6.24641
         706     6.24641
         707     6.24641
         708     6.24641
         709     6.24641
         710     6.24641
         711     6.24641
         712     6.24641
         713     6.24641
         714     6.24641
         715     6.24641
         716     6.24641
         717     6.24641
         718     6.24641
         719     6.24641
         720     6.24641
         721     6.24641
         722     6.24641
         723     6.24641
         724     6.24641
         725     6.24641
         726     6.24641
         727     6.24641
         728     6.24641
         729     6.24641
         730     6.24641
         731     6.24641
         732     6.24641
         733     6.24641
         734     6.24641
         735     6.24641
         736     6.24641
         737     6.24641
         738     6.24641
         739     6.24641
         740     6.24641
         741     6.24641
         742     6.24641
         743     6.24641
         744     6.24641
         745     6.24641
         746     6.24641
         747     6.24641
         748     6.24641
         749     6.24641
         750     6.24641
         751     6.24641
         752     6.24641
         753     6.24641
         754     6.24641
         755     6.24641
         756     6.24641
         757     6.24641
         758     6.24641
         759     6.24641
         760     6.24641
         761     6.24641
         762     6.24641
         763     6.24641
         764     6.24641
         765     6.24641
         766     6.24641
         767     6.24641
         768     6.24641
         769     6.24641
         770     6.24641
         771     6.24641
         772     6.24641
         773     6.24641
         774     6.24641
         775     6.24641
         776     6.24641
         777     6.24641
         778     6.24641
         779     6.24641
         780     6.24641
         781     6.24641
         782     6.24641
         783     6.24641
         784     6.24641
         785     6.24641
         786     6.24641
         787     6.24641
         788     6.24641
         789     6.24641
         790     6.24641
         791     6.24641
         792     6.24641
         793     6.24641
         794     6.24641
         795     6.24641
         796     6.24641
         797     6.24641
         798     6.24641
         799     6.24641
         800     6.24641
         801     6.24641
         802     6.24641
         803     6.24641
         804     6.24641
         805     6.24641
         806     6.24641
         807     6.24641
         808     6.24641
         809     6.24641
         810     6.24641
         811     6.24641
         812     6.24641
         813     6.24641
         814     6.24641
         815     6.24641
         816     6.24641
         817     6.24641
         818     6.24641
         819     6.24641
         820     6.24641
         821     6.24641
         822     6.24641
         823     6.24641
         824     6.24641
         825     6.24641
         826     6.24641
         827     6.24641
         828     6.24641
         829     6.24641
         830     6.24641
         831     6.24641
         832     6.24641
         833     6.24641
         834     6.24641
         835     6.24641
         836     6.24641
         837     6.24641
         838     6.24641
         839     6.24641
         840     6.24641
         841     6.24641
         842     6.24641
         843     6.24641
         844     6.24641
         845     6.24641
         846     6.24641
         847     6.24641
         848     6.24641
         849     6.24641
         850     6.24641
         851     6.24641
         852     6.24641
         853     6.24641
         854     6.24641
         855     6.24641
         856     6.24641
         857     6.24641
         858     6.24641
         859     6.24641
         860     6.24641
         861     6.24641
         862     6.24641
         863     6.24641
         864     6.24641
         865     6.24641
         866     6.24641
         867     6.24641
         868     6.24641
         869     6.24641
         870     6.24641
         871     6.24641
         872     6.24641
         873     6.24641
         874     6.24641
         875     6.24641
         876     6.24641
         877     6.24641
         878     6.24641
         879     6.24641
         880     6.24641
         881     6.24641
         882     6.24641
         883     6.24641
         884     6.24641
         885     6.24641
         886     6.24641
         887     6.24641
         888     6.24641
         889     6.24641
         890     6.24641
         891     6.24641
         892     6.24641
         893     6.24641
         894     6.24641
         895     6.24641
         896     6.24641
         897     6.24641
         898     6.24641
         899     6.24641
         900     6.24641
         901     6.24641
         902     6.24641
         903     6.24641
         904     6.24641
         905     6.24641
         906     6.24641
         907     6.24641
         908     6.24641
         909     6.24641
         910     6.24641
         911     6.24641
         912     6.24641
         913     6.24641
         914     6.24641
         915     6.24641
         916     6.24641
         917     6.24641
         918     6.24641
         919     6.24641
         920     6.24641
         921     6.24641
         922     6.24641
         923     6.24641
         924     6.24641
         925     6.24641
         926     6.24641
         927     6.24641
         928     6.24641
         929     6.24641
         930     6.24641
         931     6.24641
         932     6.24641
         933     6.24641
         934     6.24641
         935     6.24641
         936     6.24641
         937     6.24641
         938     6.24641
         939     6.24641
         940     6.24641
         941     6.24641
         942     6.24641
         943     6.24641
         944     6.24641
         945     6.24641
         946     6.24641
         947     6.24641
         948     6.24641
         949     6.24641
         950     6.24641
         951     6.24641
         952     6.24641
         953     6.24641
         954     6.24641
         955     6.24641
         956     6.24641
         957     6.24641
         958     6.24641
         959     6.24641
         960     6.24641
         961     6.24641
         962     6.24641
         963     6.24641
         964     6.24641
         965     6.24641
         966     6.24641
         967     6.24641
         968     6.24641
         969     6.24641
         970     6.24641
         971     6.24641
         972     6.24641
         973     6.24641
         974     6.24641
         975     6.24641
         976     6.24641
         977     6.24641
         978     6.24641
         979     6.24641
         980     6.24641
         981     6.24641
         982     6.24641
         983     6.24641
         984     6.24641
         985     6.24641
         986     6.24641
         987     6.24641
         988     6.24641
         989     6.24641
         990     6.24641
         991     6.24641
         992     6.24641
         993     6.24641
         994     6.24641
         995     6.24641
         996     6.24641
         997     6.24641
         998     6.24641
         999     6.24641
        1000     6.24641
        1001     6.24641
        1002     6.24641
        1003     6.24641
        1004     6.24641
        1005     6.24641
        1006     6.24641
        1007     6.24641
        1008     6.24641
        1009     6.24641
        1010     6.24641
        1011     6.24641
        1012     6.24641
        1013     6.24641
        1014     6.24641
        1015     6.24641
        1016     6.24641
        1017     6.24641
        1018     6.24641
        1019     6.24641
        1020     6.24641
        1021     6.24641
        1022     6.24641
        1023     6.24641
        1024     6.24641
        1025     6.24641
        1026     6.24641
        1027     6.24641
        1028     6.24641
        1029     6.24641
        1030     6.24641
        1031     6.24641
        1032     6.24641
        1033     6.24641
        1034     6.24641
        1035     6.24641
        1036     6.24641
        1037     6.24641
        1038     6.24641
        1039     6.24641
        1040     6.24641
        1041     6.24641
        1042     6.24641
        1043     6.24641
        1044     6.24641
        1045     6.24641
        1046     6.24641
        1047     6.24641
        1048     6.24641
        1049     6.24641
        1050     6.24641
        1051     6.24641
        1052     6.24641
        1053     6.24641
        1054     6.24641
        1055     6.24641
        1056     6.24641
        1057     6.24641
        1058     6.24641
        1059     6.24641
        1060     6.24641
        1061     6.24641
        1062     6.24641
        1063     6.24641
        1064     6.24641
        1065     6.24641
        1066     6.24641
        1067     6.24641
        1068     6.24641
        1069     6.24641
        1070     6.24641
        1071     6.24641
        1072     6.24641
        1073     6.24641
        1074     6.24641
        1075     6.24641
        1076     6.24641
        1077     6.24641
        1078     6.24641
        1079     6.24641
        1080     6.24641
        1081     6.24641
        1082     6.24641
        1083     6.24641
        1084     6.24641
        1085     6.24641
        1086     6.24641
        1087     6.24641
        1088     6.24641
        1089     6.24641
        1090     6.24641
        1091     6.24641
        1092     6.24641
        1093     6.24641
        1094     6.24641
        1095     6.24641
        1096     6.24641
        1097     6.24641
        1098     6.24641
        1099     6.24641
        1100     6.24641
        1101     6.24641
        1102     6.24641
        1103     6.24641
        1104     6.24641
        1105     6.24641
        1106     6.24641
        1107     6.24641
        1108     6.24641
        1109     6.24641
        1110     6.24641
        1111     6.24641
        1112     6.24641
        1113     6.24641
        1114     6.24641
        1115     6.24641
        1116     6.24641
        1117     6.24641
        1118     6.24641
        1119     6.24641
        1120     6.24641
        1121     6.24641
        1122     6.24641
        1123     6.24641
        1124     6.24641
        1125     6.24641
        1126     6.24641
        1127     6.24641
        1128     6.24641
        1129     6.24641
        1130     6.24641
        1131     6.24641
        1132     6.24641
        1133     6.24641
        1134     6.24641
        1135     6.24641
        1136     6.24641
        1137     6.24641
        1138     6.24641
        1139     6.24641
        1140     6.24641
        1141     6.24641
        1142     6.24641
        1143     6.24641
        1144     6.24641
        1145     6.24641
        1146     6.24641
        1147     6.24641
        1148     6.24641
        1149     6.24641
        1150     6.24641
        1151     6.24641
        1152     6.24641
        1153     6.24641
        1154     6.24641
        1155     6.24641
        1156     6.24641
        1157     6.24641
        1158     6.24641
        1159     6.24641
        1160     6.24641
        1161     6.24641
        1162     6.24641
        1163     6.24641
        1164     6.24641
        1165     6.24641
        1166     6.24641
        1167     6.24641
        1168     6.24641
        1169     6.24641
        1170     6.24641
        1171     6.24641
        1172     6.24641
        1173     6.24641
        1174     6.24641
        1175     6.24641
        1176     6.24641
        1177     6.24641
        1178     6.24641
        1179     6.24641
        1180     6.24641
        1181     6.24641
        1182     6.24641
        1183     6.24641
        1184     6.24641
        1185     6.24641
        1186     6.24641
        1187     6.24641
        1188     6.24641
        1189     6.24641
        1190     6.24641
        1191     6.24641
        1192     6.24641
        1193     6.24641
        1194     6.24641
        1195     6.24641
        1196     6.24641
        1197     6.24641
        1198     6.24641
        1199     6.24641
        1200     6.24641
        1201     6.24641
        1202     6.24641
        1203     6.24641
        1204     6.24641
        1205     6.24641
        1206     6.24641
        1207     6.24641
        1208     6.24641
        1209     6.24641
        1210     6.24641
        1211     6.24641
        1212     6.24641
        1213     6.24641
        1214     6.24641
        1215     6.24641
        1216     6.24641
        1217     6.24641
        1218     6.24641
        1219     6.24641
        1220     6.24641
        1221     6.24641
        1222     6.24641
        1223     6.24641
        1224     6.24641
        1225     6.24641
        1226     6.24641
        1227     6.24641
        1228     6.24641
        1229     6.24641
        1230     6.24641
        1231     6.24641
        1232     6.24641
        1233     6.24641
        1234     6.24641
        1235     6.24641
        1236     6.24641
        1237     6.24641
        1238     6.24641
        1239     6.24641
        1240     6.24641
        1241     6.24641
        1242     6.24641
        1243     6.24641
        1244     6.24641
        1245     6.24641
        1246     6.24641
        1247     6.24641
        1248     6.24641
        1249     6.24641
        1250     6.24641
        1251     6.24641
        1252     6.24641
        1253     6.24641
        1254     6.24641
        1255     6.24641
        1256     6.24641
        1257     6.24641
        1258     6.24641
        1259     6.24641
        1260     6.24641
        1261     6.24641
        1262     6.24641
        1263     6.24641
        1264     6.24641
        1265     6.24641
        1266     6.24641
        1267     6.24641
        1268     6.24641
        1269     6.24641
        1270     6.24641
        1271     6.24641
        1272     6.24641
        1273     6.24641
        1274     6.24641
        1275     6.24641
        1276     6.24641
        1277     6.24641
        1278     6.24641
        1279     6.24641
        1280     6.24641
        1281     6.24641
        1282     6.24641
        1283     6.24641
        1284     6.24641
        1285     6.24641
        1286     6.24641
        1287     6.24641
        1288     6.24641
        1289     6.24641
        1290     6.24641
        1291     6.24641
        1292     6.24641
        1293     6.24641
        1294     6.24641
        1295     6.24641
        1296     6.24641
        1297     6.24641
        1298     6.24641
        1299     6.24641
        1300     6.24641
        1301     6.24641
        1302     6.24641
        1303     6.24641
        1304     6.24641
        1305     6.24641
        1306     6.24641
        1307     6.24641
        1308     6.24641
        1309     6.24641
        1310     6.24641
        1311     6.24641
        1312     6.24641
        1313     6.24641
        1314     6.24641
        1315     6.24641
        1316     6.24641
        1317     6.24641
        1318     6.24641
        1319     6.24641
        1320     6.24641
        1321     6.24641
        1322     6.24641
        1323     6.24641
        1324     6.24641
        1325     6.24641
        1326     6.24641
        1327     6.24641
        1328     6.24641
        1329     6.24641
        1330     6.24641
        1331     6.24641
        1332     6.24641
        1333     6.24641
        1334     6.24641
        1335     6.24641
        1336     6.24641
        1337     6.24641
        1338     6.24641
        1339     6.24641
        1340     6.24641
        1341     6.24641
        1342     6.24641
        1343     6.24641
        1344     6.24641
        1345     6.24641
        1346     6.24641
        1347     6.24641
        1348     6.24641
        1349     6.24641
        1350     6.24641
        1351     6.24641
        1352     6.24641
        1353     6.24641
        1354     6.24641
        1355     6.24641
        1356     6.24641
        1357     6.24641
        1358     6.24641
        1359     6.24641
        1360     6.24641
        1361     6.24641
        1362     6.24641
        1363     6.24641
        1364     6.24641
        1365     6.24641
        1366     6.24641
        1367     6.24641
        1368     6.24641
        1369     6.24641
        1370     6.24641
        1371     6.24641
        1372     6.24641
        1373     6.24641
        1374     6.24641
        1375     6.24641
        1376     6.24641
        1377     6.24641
        1378     6.24641
        1379     6.24641
        1380     6.24641
        1381     6.24641
        1382     6.24641
        1383     6.24641
        1384     6.24641
        1385     6.24641
        1386     6.24641
        1387     6.24641
        1388     6.24641
        1389     6.24641
        1390     6.24641
        1391     6.24641
        1392     6.24641
        1393     6.24641
        1394     6.24641
        1395     6.24641
        1396     6.24641
        1397     6.24641
        1398     6.24641
        1399     6.24641
        1400     6.24641
        1401     6.24641
        1402     6.24641
        1403     6.24641
        1404     6.24641
        1405     6.24641
        1406     6.24641
        1407     6.24641
        1408     6.24641
        1409     6.24641
        1410     6.24641
        1411     6.24641
        1412     6.24641
        1413     6.24641
        1414     6.24641
        1415     6.24641
        1416     6.24641
        1417     6.24641
        1418     6.24641
        1419     6.24641
        1420     6.24641
        1421     6.24641
        1422     6.24641
        1423     6.24641
        1424     6.24641
        1425     6.24641
        1426     6.24641
        1427     6.24641
        1428     6.24641
        1429     6.24641
        1430     6.24641
        1431     6.24641
        1432     6.24641
        1433     6.24641
        1434     6.24641
        1435     6.24641
        1436     6.24641
        1437     6.24641
        1438     6.24641
        1439     6.24641
        1440     6.24641
        1441     6.24641
        1442     6.24641
        1443     6.24641
        1444     6.24641
        1445     6.24641
        1446     6.24641
        1447     6.24641
        1448     6.24641
        1449     6.24641
        1450     6.24641
        1451     6.24641
        1452     6.24641
        1453     6.24641
        1454     6.24641
        1455     6.24641
        1456     6.24641
        1457     6.24641
        1458     6.24641
        1459     6.24641
        1460     6.24641
        1461     6.24641
        1462     6.24641
        1463     6.24641
        1464     6.24641
        1465     6.24641
        1466     6.24641
        1467     6.24641
        1468     6.24641
        1469     6.24641
        1470     6.24641
        1471     6.24641
        1472     6.24641
        1473     6.24641
        1474     6.24641
        1475     6.24641
        1476     6.24641
        1477     6.24641
        1478     6.24641
        1479     6.24641
        1480     6.24641
        1481     6.24641
        1482     6.24641
        1483     6.24641
        1484     6.24641
        1485     6.24641
        1486     6.24641
        1487     6.24641
        1488     6.24641
        1489     6.24641
        1490     6.24641
        1491     6.24641
        1492     6.24641
        1493     6.24641
        1494     6.24641
        1495     6.24641
        1496     6.24641
        1497     6.24641
        1498     6.24641
        1499     6.24641
        1500     6.24641
        1501     6.24641
        1502     6.24641
        1503     6.24641
        1504     6.24641
        1505     6.24641
        1506     6.24641
        1507     6.24641
        1508     6.24641
        1509     6.24641
        1510     6.24641
        1511     6.24641
        1512     6.24641
        1513     6.24641
        1514     6.24641
        1515     6.24641
        1516     6.24641
        1517     6.24641
        1518     6.24641
        1519     6.24641
        1520     6.24641
        1521     6.24641
        1522     6.24641
        1523     6.24641
        1524     6.24641
        1525     6.24641
        1526     6.24641
        1527     6.24641
        1528     6.24641
        1529     6.24641
        1530     6.24641
        1531     6.24641
        1532     6.24641
        1533     6.24641
        1534     6.24641
        1535     6.24641
        1536     6.24641
        1537     6.24641
        1538     6.24641
        1539     6.24641
        1540     6.24641
        1541     6.24641
        1542     6.24641
        1543     6.24641
        1544     6.24641
        1545     6.24641
        1546     6.24641
        1547     6.24641
        1548     6.24641
        1549     6.24641
        1550     6.24641
        1551     6.24641
        1552     6.24641
        1553     6.24641
        1554     6.24641
        1555     6.24641
        1556     6.24641
        1557     6.24641
        1558     6.24641
        1559     6.24641
        1560     6.24641
        1561     6.24641
        1562     6.24641
        1563     6.24641
        1564     6.24641
        1565     6.24641
        1566     6.24641
        1567     6.24641
        1568     6.24641
        1569     6.24641
        1570     6.24641
        1571     6.24641
        1572     6.24641
        1573     6.24641
        1574     6.24641
        1575     6.24641
        1576     6.24641
        1577     6.24641
        1578     6.24641
        1579     6.24641
        1580     6.24641
        1581     6.24641
        1582     6.24641
        1583     6.24641
        1584     6.24641
        1585     6.24641
        1586     6.24641
        1587     6.24641
        1588     6.24641
        1589     6.24641
        1590     6.24641
        1591     6.24641
        1592     6.24641
        1593     6.24641
        1594     6.24641
        1595     6.24641
        1596     6.24641
        1597     6.24641
        1598     6.24641
        1599     6.24641
        1600     6.24641
        1601     6.24641
        1602     6.24641
        1603     6.24641
        1604     6.24641
        1605     6.24641
        1606     6.24641
        1607     6.24641
        1608     6.24641
        1609     6.24641
        1610     6.24641
        1611     6.24641
        1612     6.24641
        1613     6.24641
        1614     6.24641
        1615     6.24641
        1616     6.24641
        1617     6.24641
        1618     6.24641
        1619     6.24641
        1620     6.24641
        1621     6.24641
        1622     6.24641
        1623     6.24641
        1624     6.24641
        1625     6.24641
        1626     6.24641
        1627     6.24641
        1628     6.24641
        1629     6.24641
        1630     6.24641
        1631     6.24641
        1632     6.24641
        1633     6.24641
        1634     6.24641
        1635     6.24641
        1636     6.24641
        1637     6.24641
        1638     6.24641
        1639     6.24641
        1640     6.24641
        1641     6.24641
        1642     6.24641
        1643     6.24641
        1644     6.24641
        1645     6.24641
        1646     6.24641
        1647     6.24641
        1648     6.24641
        1649     6.24641
        1650     6.24641
        1651     6.24641
        1652     6.24641
        1653     6.24641
        1654     6.24641
        1655     6.24641
        1656     6.24641
        1657     6.24641
        1658     6.24641
        1659     6.24641
        1660     6.24641
        1661     6.24641
        1662     6.24641
        1663     6.24641
        1664     6.24641
        1665     6.24641
        1666     6.24641
        1667     6.24641
        1668     6.24641
        1669     6.24641
        1670     6.24641
        1671     6.24641
        1672     6.24641
        1673     6.24641
        1674     6.24641
        1675     6.24641
        1676     6.24641
        1677     6.24641
        1678     6.24641
        1679     6.24641
        1680     6.24641
        1681     6.24641
        1682     6.24641
        1683     6.24641
        1684     6.24641
        1685     6.24641
        1686     6.24641
        1687     6.24641
        1688     6.24641
        1689     6.24641
        1690     6.24641
        1691     6.24641
        1692     6.24641
        1693     6.24641
        1694     6.24641
        1695     6.24641
        1696     6.24641
        1697     6.24641
        1698     6.24641
        1699     6.24641
        1700     6.24641
        1701     6.24641
        1702     6.24641
        1703     6.24641
        1704     6.24641
        1705     6.24641
        1706     6.24641
        1707     6.24641
        1708     6.24641
        1709     6.23883
        1710     6.23883
        1711     6.23883
        1712     6.23883
        1713     6.23883
        1714     6.23883
        1715     6.23883
        1716     6.23883
        1717     6.23883
        1718     6.23883
        1719     6.23883
        1720     6.23883
        1721     6.23883
        1722     6.23883
        1723     6.23883
        1724     6.23883
        1725     6.23883
        1726     6.23883
        1727     6.23883
        1728     6.23883
        1729     6.23883
        1730     6.23883
        1731     6.23883
        1732     6.23883
        1733     6.23883
        1734     6.23883
        1735     6.23883
        1736     6.23883
        1737     6.23883
        1738     6.23883
        1739     6.23883
        1740     6.23883
        1741     6.23883
        1742     6.23883
        1743     6.23883
        1744     6.23883
        1745     6.23883
        1746     6.23883
        1747     6.23883
        1748     6.23883
        1749     6.23883
        1750     6.23883
        1751     6.23883
        1752     6.23883
        1753     6.23883
        1754     6.23883
        1755     6.23883
        1756     6.23883
        1757     6.23883
        1758     6.23883
        1759     6.23883
        1760     6.23883
        1761     6.23883
        1762     6.23883
        1763     6.23883
        1764     6.23883
        1765     6.23883
        1766     6.23883
        1767     6.23883
        1768     6.23883
        1769     6.23883
        1770     6.23883
        1771     6.23883
        1772     6.23883
        1773     6.23883
        1774     6.23883
        1775     6.23883
        1776     6.23883
        1777     6.23883
        1778     6.23883
        1779     6.23883
        1780     6.23883
        1781     6.23883
        1782     6.23883
        1783     6.23883
        1784     6.23883
        1785     6.23883
        1786     6.23883
        1787     6.23883
        1788     6.23883
        1789     6.23883
        1790     6.23883
        1791     6.23883
        1792     6.23883
        1793     6.23883
        1794     6.23883
        1795     6.23883
        1796     6.23883
        1797     6.23883
        1798     6.23883
        1799     6.23883
        1800     6.23883
        1801     6.23883
        1802     6.23883
        1803     6.23883
        1804     6.23883
        1805     6.23883
        1806     6.23883
        1807     6.23883
        1808     6.23883
        1809     6.23883
        1810     6.23883
        1811     6.23883
        1812     6.23883
        1813     6.23883
        1814     6.23883
        1815     6.23883
        1816     6.23883
        1817     6.23883
        1818     6.23883
        1819     6.23883
        1820     6.23883
        1821     6.23883
        1822     6.23883
        1823     6.23883
        1824     6.23883
        1825     6.23883
        1826     6.23883
        1827     6.23883
        1828     6.23883
        1829     6.23883
        1830     6.23883
        1831     6.23883
        1832     6.23883
        1833     6.23883
        1834     6.23883
        1835     6.23883
        1836     6.23883
        1837     6.23883
        1838     6.23883
        1839     6.23883
        1840     6.23883
        1841     6.23883
        1842     6.23883
        1843     6.23883
        1844     6.23883
        1845     6.23883
        1846     6.23883
        1847     6.23883
        1848     6.23883
        1849     6.23883
        1850     6.23883
        1851     6.23883
        1852     6.23883
        1853     6.23883
        1854     6.23883
        1855     6.23883
        1856     6.23883
        1857     6.23883
        1858     6.23883
        1859     6.23883
        1860     6.23883
        1861     6.23883
        1862     6.23883
        1863     6.23883
        1864     6.23883
        1865     6.23883
        1866     6.23883
        1867     6.23883
        1868     6.23883
        1869     6.23883
        1870     6.23883
        1871     6.23883
        1872     6.23883
        1873     6.23883
        1874     6.23883
        1875     6.23883
        1876     6.23883
        1877     6.23883
        1878     6.23883
        1879     6.23883
        1880     6.23883
        1881     6.23883
        1882     6.23883
        1883     6.23883
        1884     6.23883
        1885     6.23883
        1886     6.23883
        1887     6.23883
        1888     6.23883
        1889     6.23883
        1890     6.23883
        1891     6.23883
        1892     6.23883
        1893     6.23883
        1894     6.23883
        1895     6.23883
        1896     6.23883
        1897     6.23883
        1898     6.23883
        1899     6.23883
        1900     6.23883
        1901     6.23883
        1902     6.23883
        1903     6.23883
        1904     6.23883
        1905     6.23883
        1906     6.23883
        1907     6.23883
        1908     6.23883
        1909     6.23883
        1910     6.23883
        1911     6.23883
        1912     6.23883
        1913     6.23883
        1914     6.23883
        1915     6.23883
        1916     6.23883
        1917     6.23883
        1918     6.23883
        1919     6.23883
        1920     6.23883
        1921     6.23883
        1922     6.23883
        1923     6.23883
        1924     6.23883
        1925     6.23883
        1926     6.23883
        1927     6.23883
        1928     6.23883
        1929     6.23883
        1930     6.23883
        1931     6.23883
        1932     6.23883
        1933     6.23883
        1934     6.23883
        1935     6.23883
        1936     6.23883
        1937     6.23883
        1938     6.23883
        1939     6.23883
        1940     6.23883
        1941     6.23883
        1942     6.23883
        1943     6.23883
        1944     6.23883
        1945     6.23883
        1946     6.23883
        1947     6.23883
        1948     6.23883
        1949     6.23883
        1950     6.23883
        1951     6.23883
        1952     6.23883
        1953     6.23883
        1954     6.23883
        1955     6.23883
        1956     6.23883
        1957     6.23883
        1958     6.23883
        1959     6.23883
        1960     6.23883
        1961     6.23883
        1962     6.23883
        1963     6.23883
        1964     6.23883
        1965     6.23883
        1966     6.23883
        1967     6.23883
        1968     6.23883
        1969     6.23883
        1970     6.23883
        1971     6.23883
        1972     6.23883
        1973     6.23883
        1974     6.23883
        1975     6.23883
        1976     6.23883
        1977     6.23883
        1978     6.23883
        1979     6.23883
        1980     6.23883
        1981     6.23883
        1982     6.23883
        1983     6.23883
        1984     6.23883
        1985     6.23883
        1986     6.23883
        1987     6.23883
        1988     6.23883
        1989     6.23883
        1990     6.23883
        1991     6.23883
        1992     6.23883
        1993     6.23883
        1994     6.23883
        1995     6.23883
        1996     6.23883
        1997     6.23883
        1998     6.23883
        1999     6.23883
        2000     6.23883
        2001     6.23883
        2002     6.23883
        2003     6.23883
        2004     6.23883
        2005     6.23883
        2006     6.23883
        2007     6.23883
        2008     6.23883
        2009     6.23883
        2010     6.23883
        2011     6.23883
        2012     6.23883
        2013     6.23883
        2014     6.23883
        2015     6.23883
        2016     6.23883
        2017     6.23883
        2018     6.23883
        2019     6.23883
        2020     6.23883
        2021     6.23883
        2022     6.23883
        2023     6.23883
        2024     6.23883
        2025     6.23883
        2026     6.23883
        2027     6.23883
        2028     6.23883
        2029     6.23883
        2030     6.23883
        2031     6.23883
        2032     6.23883
        2033     6.23883
        2034     6.23883
        2035     6.23883
        2036     6.23883
        2037     6.23883
        2038     6.23883
        2039     6.23883
        2040     6.23883
        2041     6.23883
        2042     6.23883
        2043     6.23883
        2044     6.23883
        2045     6.23883
        2046     6.23883
        2047     6.23883
        2048     6.23883
        2049     6.23883
        2050     6.23883
        2051     6.23883
        2052     6.23883
        2053     6.23883
        2054     6.23883
        2055     6.23883
        2056     6.23883
        2057     6.23883
        2058     6.23883
        2059     6.23883
        2060     6.23883
        2061     6.23883
        2062     6.23883
        2063     6.23883
        2064     6.23883
        2065     6.23883
        2066     6.23883
        2067     6.23883
        2068     6.23883
        2069     6.23883
        2070     6.23883
        2071     6.23883
        2072     6.23883
        2073     6.23883
        2074     6.23883
        2075     6.23883
        2076     6.23883
        2077     6.23883
        2078     6.23883
        2079     6.23883
        2080     6.23883
        2081     6.23883
        2082     6.23883
        2083     6.23883
        2084     6.23883
        2085     6.23883
        2086     6.23883
        2087     6.23883
        2088     6.23883
        2089     6.23883
        2090     6.23883
        2091     6.23883
        2092     6.23883
        2093     6.23883
        2094     6.23883
        2095     6.23883
        2096     6.23883
        2097     6.23883
        2098     6.23883
        2099     6.23883
        2100     6.23883
        2101     6.23883
        2102     6.23883
        2103     6.23883
        2104     6.23883
        2105     6.23883
        2106     6.23883
        2107     6.23883
        2108     6.23883
        2109     6.23883
        2110     6.23883
        2111     6.23883
        2112     6.23883
        2113     6.23883
        2114     6.23883
        2115     6.23883
        2116     6.23883
        2117     6.23883
        2118     6.23883
        2119     6.23883
        2120     6.23883
        2121     6.23883
        2122     6.23883
        2123     6.23883
        2124     6.23883
        2125     6.23883
        2126     6.23883
        2127     6.23883
        2128     6.23883
        2129     6.23883
        2130     6.23883
        2131     6.23883
        2132     6.23883
        2133     6.23883
        2134     6.23883
        2135     6.23883
        2136     6.23883
        2137     6.23883
        2138     6.23883
        2139     6.23883
        2140     6.23883
        2141     6.23883
        2142     6.23883
        2143     6.23883
        2144     6.23883
        2145     6.23883
        2146     6.23883
        2147     6.23883
        2148     6.23883
        2149     6.23883
        2150     6.23883
        2151     6.23883
        2152     6.23883
        2153     6.23883
        2154     6.23883
        2155     6.23883
        2156     6.23883
        2157     6.23883
        2158     6.23883
        2159     6.23883
        2160     6.23883
        2161     6.23883
        2162     6.23883
        2163     6.23883
        2164     6.23883
        2165     6.23883
        2166     6.23883
        2167     6.23883
        2168     6.23883
        2169     6.23883
        2170     6.23883
        2171     6.23883
        2172     6.23883
        2173     6.23883
        2174     6.23883
        2175     6.23883
        2176     6.23883
        2177     6.23883
        2178     6.23883
        2179     6.23883
        2180     6.23883
        2181     6.23883
        2182     6.23883
        2183     6.23883
        2184     6.23883
        2185     6.23883
        2186     6.23883
        2187     6.23883
        2188     6.23883
        2189     6.23883
        2190     6.23883
        2191     6.23883
        2192     6.23883
        2193     6.23883
        2194     6.23883
        2195     6.23883
        2196     6.23883
        2197     6.23883
        2198     6.23883
        2199     6.23883
        2200     6.23883
        2201     6.23883
        2202     6.23883
        2203     6.23883
        2204     6.23883
        2205     6.23883
        2206     6.23883
        2207     6.23883
        2208     6.23883
        2209     6.23883
        2210     6.23883
        2211     6.23883
        2212     6.23883
        2213     6.23883
        2214     6.23883
        2215     6.23883
        2216     6.23883
        2217     6.23883
        2218     6.23883
        2219     6.23883
        2220     6.23883
        2221     6.23883
        2222     6.23883
        2223     6.23883
        2224     6.23883
        2225     6.23883
        2226     6.23883
        2227     6.23883
        2228     6.23883
        2229     6.23883
        2230     6.23883
        2231     6.23883
        2232     6.23883
        2233     6.23883
        2234     6.23883
        2235     6.23883
        2236     6.23883
        2237     6.23883
        2238     6.23883
        2239     6.23883
        2240     6.23883
        2241     6.23883
        2242     6.23883
        2243     6.23883
        2244     6.23883
        2245     6.23883
        2246     6.23883
        2247     6.23883
        2248     6.23883
        2249     6.23883
        2250     6.23883
        2251     6.23883
        2252     6.23883
        2253     6.23883
        2254     6.23883
        2255     6.23883
        2256     6.23883
        2257     6.23883
        2258     6.23883
        2259     6.23883
        2260     6.23883
        2261     6.23883
        2262     6.23883
        2263     6.23883
        2264     6.23883
        2265     6.23883
        2266     6.23883
        2267     6.23883
        2268     6.23883
        2269     6.23883
        2270     6.23883
        2271     6.23883
        2272     6.23883
        2273     6.23883
        2274     6.23883
        2275     6.23883
        2276     6.23883
        2277     6.23883
        2278     6.23883
        2279     6.23883
        2280     6.23883
        2281     6.23883
        2282     6.23883
        2283     6.23883
        2284     6.23883
        2285     6.23883
        2286     6.23883
        2287     6.23883
        2288     6.23883
        2289     6.23883
        2290     6.23883
        2291     6.23883
        2292     6.23883
        2293     6.23883
        2294     6.23883
        2295     6.23883
        2296     6.23883
        2297     6.23883
        2298     6.23883
        2299     6.23883
        2300     6.23883
        2301     6.23883
        2302     6.23883
        2303     6.23883
        2304     6.23883
        2305     6.23883
        2306     6.23883
        2307     6.23883
        2308     6.23883
        2309     6.23883
        2310     6.23883
        2311     6.23883
        2312     6.23883
        2313     6.23883
        2314     6.23883
        2315     6.23883
        2316     6.23883
        2317     6.23883
        2318     6.23883
        2319     6.23883
        2320     6.23883
        2321     6.23883
        2322     6.23883
        2323     6.23883
        2324     6.23883
        2325     6.23883
        2326     6.23883
        2327     6.23883
        2328     6.23883
        2329     6.23883
        2330     6.23883
        2331     6.23883
        2332     6.23883
        2333     6.23883
        2334     6.23883
        2335     6.23883
        2336     6.23883
        2337     6.23883
        2338     6.23883
        2339     6.23883
        2340     6.23883
        2341     6.23883
        2342     6.23883
        2343     6.23883
        2344     6.23883
        2345     6.23883
        2346     6.23883
        2347     6.23883
        2348     6.23883
        2349     6.23883
        2350     6.23883
        2351     6.23883
        2352     6.23883
        2353     6.23883
        2354     6.23883
        2355     6.23883
        2356     6.23883
        2357     6.23883
        2358     6.23883
        2359     6.23883
        2360     6.23883
        2361     6.23883
        2362     6.23883
        2363     6.23883
        2364     6.23883
        2365     6.23883
        2366     6.23883
        2367     6.23883
        2368     6.23883
        2369     6.23883
        2370     6.23883
        2371     6.23883
        2372     6.23883
        2373     6.23883
        2374     6.23883
        2375     6.23883
        2376     6.23883
        2377     6.23883
        2378     6.23883
        2379     6.23883
        2380     6.23883
        2381     6.23883
        2382     6.23883
        2383     6.23883
        2384     6.23883
        2385     6.23883
        2386     6.23883
        2387     6.23883
        2388     6.23883
        2389     6.23883
        2390     6.23883
        2391     6.23883
        2392     6.23883
        2393     6.23883
        2394     6.23883
        2395     6.23883
        2396     6.23883
        2397     6.23883
        2398     6.23883
        2399     6.23883
        2400     6.23883
        2401     6.23883
        2402     6.23883
        2403     6.23883
        2404     6.23883
        2405     6.23883
        2406     6.23883
        2407     6.23883
        2408     6.23883
        2409     6.23883
        2410     6.23883
        2411     6.23883
        2412     6.23883
        2413     6.23883
        2414     6.23883
        2415     6.23883
        2416     6.23883
        2417     6.23883
        2418     6.23883
        2419     6.23883
        2420     6.23883
        2421     6.23883
        2422     6.23883
        2423     6.23883
        2424     6.23883
        2425     6.23883
        2426     6.23883
        2427     6.23883
        2428     6.23883
        2429     6.23883
        2430     6.23883
        2431     6.23883
        2432     6.23883
        2433     6.23883
        2434     6.23883
        2435     6.23883
        2436     6.23883
        2437     6.23883
        2438     6.23883
        2439     6.23883
        2440     6.23883
        2441     6.23883
        2442     6.23883
        2443     6.23883
        2444     6.23883
        2445     6.23883
        2446     6.23883
        2447     6.23883
        2448     6.23883
        2449     6.23883
        2450     6.23883
        2451     6.23883
        2452     6.23883
        2453     6.23883
        2454     6.23883
        2455     6.23883
        2456     6.23883
        2457     6.23883
        2458     6.23883
        2459     6.23883
        2460     6.23883
        2461     6.23883
        2462     6.23883
        2463     6.23883
        2464     6.23883
        2465     6.23883
        2466     6.23883
        2467     6.23883
        2468     6.23883
        2469     6.23883
        2470     6.23883
        2471     6.23883
        2472     6.23883
        2473     6.23883
        2474     6.23883
        2475     6.23883
        2476     6.23883
        2477     6.23883
        2478     6.23883
        2479     6.23883
        2480     6.23883
        2481     6.23883
        2482     6.23883
        2483     6.23883
        2484     6.23883
        2485     6.23883
        2486     6.23883
        2487     6.23883
        2488     6.23883
        2489     6.23883
        2490     6.23883
        2491     6.23883
        2492     6.23883
        2493     6.23883
        2494     6.23883
        2495     6.23883
        2496     6.23883
        2497     6.23883
        2498     6.23883
        2499     6.23883
