# T          A
    0.666667       0.875
        0.67       0.875
     0.67335           1
    0.676717           1
      0.6801       0.875
    0.683501           1
    0.686918        0.75
    0.690353           1
    0.693805           1
    0.697274           1
     0.70076    0.888889
    0.704264    0.888889
    0.707785    0.777778
    0.711324           1
    0.714881           1
    0.718455    0.888889
    0.722047    0.777778
    0.725658    0.777778
    0.729286           1
    0.732932    0.888889
    0.736597    0.555556
     0.74028    0.888889
    0.743981           1
    0.747701           1
     0.75144    0.888889
    0.755197           1
    0.758973           1
    0.762768    0.888889
    0.766582           1
    0.770415         0.9
    0.774267           1
    0.778138           1
    0.782029           1
    0.785939         0.8
    0.789869           1
    0.793818         0.9
    0.797787           1
    0.801776           1
    0.805785           1
    0.809814         0.9
    0.813863         0.9
    0.817932           1
    0.822022         0.9
    0.826132         0.9
    0.830263           1
    0.834414           1
    0.838586         0.6
    0.842779         0.8
    0.846993    0.818182
    0.851228    0.909091
    0.855484    0.909091
    0.859761    0.636364
     0.86406    0.909091
     0.86838    0.727273
    0.872722    0.818182
    0.877086    0.909091
    0.881471           1
    0.885879           1
    0.890308           1
     0.89476           1
    0.899233    0.909091
     0.90373    0.909091
    0.908248    0.818182
    0.912789    0.818182
    0.917353    0.818182
     0.92194    0.909091
     0.92655    0.666667
    0.931183        0.75
    0.935839    0.833333
    0.940518    0.833333
     0.94522    0.833333
    0.949946    0.833333
    0.954696    0.833333
     0.95947    0.833333
    0.964267        0.75
    0.969088    0.833333
    0.973934    0.833333
    0.978803        0.75
    0.983697           1
    0.988616    0.916667
    0.993559           1
    0.998527    0.916667
     1.00352    0.846154
     1.00854    0.846154
     1.01358    0.846154
     1.01865    0.846154
     1.02374           1
     1.02886    0.923077
       1.034    0.846154
     1.03917    0.846154
     1.04437    0.923077
     1.04959    0.846154
     1.05484    0.846154
     1.06011    0.769231
     1.06541    0.692308
     1.07074    0.692308
      1.0761    0.692308
     1.08148    0.642857
     1.08688    0.571429
     1.09232           1
     1.09778    0.785714
     1.10327           1
     1.10878    0.785714
     1.11433    0.785714
      1.1199           1
      1.1255           1
     1.13113           1
     1.13678    0.857143
     1.14247    0.928571
     1.14818           1
     1.15392           1
     1.15969    0.933333
     1.16549           1
     1.17132         0.8
     1.17717    0.933333
     1.18306           1
     1.18897           1
     1.19492    0.933333
     1.20089    0.733333
      1.2069    0.933333
     1.21293    0.933333
       1.219           1
     1.22509    0.933333
     1.23122      0.9375
     1.23737       0.875
     1.24356           1
     1.24978        0.75
     1.25603      0.9375
     1.26231           1
     1.26862       0.875
     1.27496           1
     1.28134       0.875
     1.28774        0.75
     1.29418       0.875
     1.30065       0.875
     1.30715      0.9375
     1.31369           1
     1.32026    0.882353
     1.32686    0.764706
     1.33349           1
     1.34016           1
     1.34686    0.941176
      1.3536    0.941176
     1.36037    0.823529
     1.36717    0.941176
       1.374    0.941176
     1.38087           1
     1.38778    0.833333
     1.39472    0.944444
     1.40169    0.888889
      1.4087    0.777778
     1.41574    0.833333
     1.42282    0.888889
     1.42993    0.666667
     1.43708    0.833333
     1.44427    0.944444
     1.45149    0.888889
     1.45875           1
     1.46604           1
     1.47337    0.789474
     1.48074    0.894737
     1.48814    0.947368
     1.49558    0.894737
     1.50306           1
     1.51058    0.947368
     1.51813    0.947368
     1.52572    0.736842
     1.53335    0.947368
     1.54102        0.85
     1.54872        0.85
     1.55646           1
     1.56425           1
     1.57207           1
     1.57993        0.85
     1.58783         0.9
     1.59577           1
     1.60375        0.75
     1.61176        0.95
     1.61982    0.857143
     1.62792    0.952381
     1.63606    0.857143
     1.64424    0.952381
     1.65246    0.857143
     1.66073    0.809524
     1.66903    0.761905
     1.67737    0.904762
     1.68576    0.904762
     1.69419           1
     1.70266    0.909091
     1.71117    0.863636
     1.71973    0.818182
     1.72833    0.772727
     1.73697    0.863636
     1.74566    0.909091
     1.75438    0.909091
     1.76316    0.909091
     1.77197           1
     1.78083    0.695652
     1.78974    0.782609
     1.79868    0.826087
     1.80768    0.608696
     1.81672    0.652174
      1.8258    0.869565
     1.83493    0.913043
      1.8441    0.956522
     1.85332           1
     1.86259    0.833333
      1.8719    0.708333
     1.88126    0.416667
     1.89067    0.708333
     1.90012    0.916667
     1.90962    0.833333
     1.91917       0.875
     1.92877        0.92
     1.93841        0.88
      1.9481        0.84
     1.95784        0.84
     1.96763        0.96
     1.97747         0.8
     1.98736           1
      1.9973        0.72
     2.00728    0.961538
     2.01732    0.961538
      2.0274    0.923077
     2.03754    0.846154
     2.04773    0.807692
     2.05797    0.923077
     2.06826    0.923077
      2.0786    0.925926
     2.08899    0.888889
     2.09944    0.851852
     2.10993    0.740741
     2.12048    0.814815
     2.13109    0.925926
     2.14174    0.962963
     2.15245    0.925926
     2.16321    0.964286
     2.17403    0.928571
      2.1849    0.892857
     2.19582    0.821429
      2.2068    0.892857
     2.21784    0.821429
     2.22893    0.928571
     2.24007    0.896552
     2.25127    0.689655
     2.26253    0.862069
     2.27384    0.965517
     2.28521    0.862069
     2.29664    0.827586
     2.30812    0.966667
     2.31966    0.933333
     2.33126    0.866667
     2.34291    0.766667
     2.35463    0.833333
      2.3664    0.933333
     2.37823         0.9
     2.39012    0.870968
     2.40208    0.935484
     2.41409    0.903226
     2.42616    0.870968
     2.43829    0.903226
     2.45048    0.806452
     2.46273     0.90625
     2.47504     0.84375
     2.48742     0.84375
     2.49986     0.78125
     2.51236     0.84375
     2.52492     0.84375
     2.53754     0.59375
     2.55023    0.909091
     2.56298    0.818182
      2.5758    0.939394
     2.58868    0.818182
     2.60162    0.878788
     2.61463    0.787879
      2.6277    0.735294
     2.64084    0.882353
     2.65404    0.852941
     2.66731    0.970588
     2.68065    0.823529
     2.69405    0.942857
     2.70752    0.885714
     2.72106    0.942857
     2.73467    0.914286
     2.74834    0.971429
     2.76208    0.885714
     2.77589        0.75
     2.78977    0.861111
     2.80372    0.722222
     2.81774    0.777778
     2.83183    0.861111
     2.84599        0.75
     2.86022    0.702703
     2.87452    0.756757
     2.88889    0.891892
     2.90333    0.810811
     2.91785    0.810811
     2.93244    0.842105
      2.9471    0.710526
     2.96184    0.789474
     2.97665    0.842105
     2.99153    0.894737
     3.00649    0.871795
     3.02152    0.717949
     3.03663    0.820513
     3.05181    0.974359
     3.06707    0.846154
      3.0824       0.775
     3.09782        0.95
     3.11331        0.75
     3.12887         0.9
     3.14452        0.85
     3.16024    0.926829
     3.17604    0.926829
     3.19192    0.902439
     3.20788    0.707317
     3.22392    0.878049
     3.24004    0.761905
     3.25624    0.714286
     3.27252    0.738095
     3.28888    0.833333
     3.30533    0.761905
     3.32185    0.860465
     3.33846    0.697674
     3.35516    0.906977
     3.37193    0.744186
     3.38879    0.795455
     3.40574    0.863636
     3.42276    0.795455
     3.43988    0.863636
     3.45708    0.886364
     3.47436    0.844444
     3.49173    0.711111
     3.50919    0.844444
     3.52674    0.822222
     3.54437    0.826087
     3.56209    0.586957
     3.57991     0.76087
      3.5978    0.804348
     3.61579    0.765957
     3.63387    0.765957
     3.65204    0.680851
      3.6703    0.808511
     3.68865    0.829787
      3.7071    0.895833
     3.72563      0.8125
     3.74426    0.770833
     3.76298    0.729167
      3.7818    0.673469
     3.80071    0.714286
     3.81971    0.816327
     3.83881    0.877551
       3.858        0.76
     3.87729         0.9
     3.89668        0.88
     3.91616         0.9
     3.93574    0.764706
     3.95542    0.823529
      3.9752    0.901961
     3.99507    0.901961
     4.01505    0.884615
     4.03513    0.865385
      4.0553    0.826923
     4.07558    0.865385
     4.09596     0.90566
     4.11644    0.698113
     4.13702    0.830189
      4.1577    0.888889
     4.17849    0.833333
     4.19938    0.907407
     4.22038    0.907407
     4.24148    0.727273
     4.26269    0.890909
       4.284    0.745455
     4.30542    0.854545
     4.32695    0.696429
     4.34858        0.75
     4.37033    0.892857
     4.39218     0.77193
     4.41414    0.789474
     4.43621    0.859649
     4.45839    0.754386
     4.48068    0.758621
     4.50309     0.87931
      4.5256    0.810345
     4.54823     0.79661
     4.57097    0.711864
     4.59383    0.694915
      4.6168        0.75
     4.63988         0.7
     4.66308    0.783333
     4.68639        0.85
     4.70983    0.819672
     4.73338    0.803279
     4.75704    0.770492
     4.78083    0.854839
     4.80473    0.854839
     4.82876    0.806452
      4.8529    0.857143
     4.87716    0.746032
     4.90155     0.84127
     4.92606    0.828125
     4.95069    0.828125
     4.97544    0.859375
     5.00032         0.8
     5.02532    0.876923
     5.05045    0.676923
      5.0757    0.846154
     5.10108     0.80303
     5.12658    0.848485
     5.15222    0.863636
     5.17798    0.820896
     5.20387     0.80597
     5.22989    0.776119
     5.25604    0.882353
     5.28232    0.823529
     5.30873    0.710145
     5.33527     0.84058
     5.36195    0.695652
     5.38876         0.8
      5.4157    0.857143
     5.44278    0.871429
     5.46999     0.84507
     5.49734    0.859155
     5.52483    0.816901
     5.55245    0.847222
     5.58022    0.736111
     5.60812    0.777778
     5.63616    0.726027
     5.66434    0.726027
     5.69266    0.783784
     5.72112    0.918919
     5.74973    0.743243
     5.77848    0.773333
     5.80737    0.693333
     5.83641    0.906667
     5.86559    0.802632
     5.89492    0.776316
     5.92439    0.805195
     5.95401    0.688312
     5.98378    0.714286
      6.0137     0.75641
     6.04377    0.833333
     6.07399    0.782051
     6.10436    0.721519
     6.13488    0.810127
     6.16556      0.7625
     6.19638      0.8125
     6.22737         0.8
      6.2585    0.740741
      6.2898    0.604938
     6.32124    0.792683
     6.35285    0.853659
     6.38462    0.780488
     6.41654    0.698795
     6.44862    0.746988
     6.48086    0.738095
     6.51327    0.714286
     6.54583    0.811765
     6.57856    0.694118
     6.61146    0.788235
     6.64451    0.697674
     6.67774    0.732558
     6.71113    0.758621
     6.74468    0.678161
      6.7784    0.784091
      6.8123        0.75
     6.84636    0.730337
     6.88059    0.764045
     6.91499    0.775281
     6.94957    0.711111
     6.98432    0.733333
     7.01924    0.714286
     7.05433    0.736264
      7.0896    0.804348
     7.12505    0.782609
     7.16068    0.827957
     7.19648    0.731183
     7.23246    0.819149
     7.26863    0.659574
     7.30497    0.776596
     7.34149    0.757895
      7.3782    0.747368
     7.41509    0.802083
     7.45217    0.677083
     7.48943    0.659794
     7.52688    0.752577
     7.56451    0.744898
     7.60233    0.816327
     7.64034    0.727273
     7.67855    0.737374
     7.71694        0.85
     7.75552        0.69
      7.7943    0.752475
     7.83327    0.782178
     7.87244    0.764706
      7.9118    0.813725
     7.95136    0.728155
     7.99112    0.699029
     8.03107    0.721154
     8.07123    0.769231
     8.11158    0.685714
     8.15214    0.771429
      8.1929    0.754717
     8.23387     0.71028
     8.27504     0.82243
     8.31641    0.814815
     8.35799    0.777778
     8.39978    0.724771
     8.44178    0.697248
     8.48399    0.790909
     8.52641    0.718182
     8.56904    0.774775
     8.61189    0.702703
     8.65495    0.741071
     8.69822    0.663717
     8.74171    0.690265
     8.78542    0.710526
     8.82935    0.745614
      8.8735    0.817391
     8.91786    0.721739
     8.96245    0.758621
     9.00727     0.74359
      9.0523    0.666667
     9.09756    0.720339
     9.14305     0.79661
     9.18877    0.689076
     9.23471    0.691667
     9.28088         0.7
     9.32729    0.735537
     9.37392     0.77686
     9.42079    0.688525
      9.4679    0.731707
     9.51524    0.674797
     9.56281    0.733871
     9.61063    0.741935
     9.65868        0.64
     9.70697    0.746032
     9.75551    0.769841
     9.80429    0.740157
     9.85331    0.664062
     9.90258    0.601562
     9.95209    0.658915
     10.0018    0.723077
     10.0519    0.746154
     10.1021    0.740458
     10.1526    0.778626
     10.2034        0.75
     10.2544    0.669173
     10.3057    0.691729
     10.3572    0.716418
      10.409    0.718519
      10.461    0.688889
     10.5133    0.720588
     10.5659    0.678832
     10.6187    0.666667
     10.6718    0.688406
     10.7252    0.741007
     10.7788    0.714286
     10.8327    0.671429
     10.8869     0.64539
     10.9413    0.676056
      10.996    0.795775
      11.051    0.685315
     11.1063    0.743056
     11.1618    0.696552
     11.2176    0.751724
     11.2737    0.691781
       11.33    0.761905
     11.3867    0.682432
     11.4436    0.682432
     11.5009    0.731544
     11.5584    0.713333
     11.6161    0.721854
     11.6742    0.682119
     11.7326    0.638158
     11.7913    0.679739
     11.8502    0.642857
     11.9095    0.694805
      11.969    0.664516
     12.0289    0.692308
      12.089    0.751592
     12.1495    0.694268
     12.2102    0.746835
     12.2713    0.597484
     12.3326     0.70625
     12.3943    0.645963
     12.4562    0.714286
     12.5185    0.623457
     12.5811    0.699387
      12.644    0.664634
     12.7072    0.690909
     12.7708    0.656627
     12.8346    0.674699
     12.8988    0.640719
     12.9633    0.672619
     13.0281    0.656805
     13.0933    0.723529
     13.1587    0.678363
     13.2245    0.695906
     13.2906    0.639535
     13.3571    0.676301
     13.4239    0.614943
      13.491    0.725714
     13.5584    0.681818
     13.6262    0.711864
     13.6944    0.662921
     13.7628    0.634831
     13.8317    0.636872
     13.9008    0.644444
     13.9703    0.635359
     14.0402    0.626374
     14.1104    0.639344
     14.1809    0.646739
     14.2518    0.691892
     14.3231    0.693548
     14.3947    0.593583
     14.4667    0.680851
      14.539    0.703704
     14.6117    0.708995
     14.6848    0.605263
     14.7582    0.706806
      14.832    0.713542
     14.9061    0.704663
     14.9807    0.618557
     15.0556    0.717949
     15.1309    0.683673
     15.2065    0.664975
     15.2825    0.661616
      15.359    0.673367
     15.4357         0.7
     15.5129    0.701493
     15.5905    0.658416
     15.6684    0.665025
     15.7468    0.656863
     15.8255    0.619512
     15.9046    0.616505
     15.9842     0.57971
     16.0641    0.663462
     16.1444    0.636364
     16.2251    0.642857
     16.3063    0.620853
     16.3878    0.591549
     16.4697    0.649533
     16.5521    0.623256
     16.6348    0.703704
      16.718    0.603687
     16.8016    0.582569
     16.8856    0.607306
       16.97    0.677273
     17.0549    0.660633
     17.1402    0.648649
     17.2259    0.663677
      17.312    0.617778
     17.3986    0.646018
     17.4855    0.612335
      17.573    0.657895
     17.6608    0.624454
     17.7491         0.6
     17.8379    0.632035
     17.9271     0.60515
     18.0167    0.623932
     18.1068    0.638298
     18.1973    0.677966
     18.2883    0.628692
     18.3798    0.558824
     18.4717    0.591667
      18.564    0.651452
     18.6568     0.64876
     18.7501    0.609053
     18.8439    0.598361
     18.9381    0.621951
     19.0328    0.676113
     19.1279    0.604839
     19.2236    0.582329
     19.3197    0.641434
     19.4163    0.611111
     19.5134      0.6917
     19.6109    0.645669
      19.709    0.597656
     19.8075    0.618677
     19.9066    0.651163
     20.0061    0.634615
     20.1062    0.613027
     20.2067    0.557252
     20.3077    0.617424
     20.4093    0.615094
     20.5113    0.548872
     20.6139    0.610487
     20.7169      0.6171
     20.8205    0.637037
     20.9246    0.650735
     21.0292    0.575092
     21.1344    0.558394
     21.2401    0.597826
     21.3463     0.65704
      21.453    0.589928
     21.5602    0.614286
     21.6681    0.558719
     21.7764    0.586572
     21.8853    0.580986
     21.9947    0.515789
     22.1047     0.58885
     22.2152    0.600694
     22.3263    0.568966
     22.4379    0.570447
     22.5501     0.59727
     22.6628    0.585034
     22.7762    0.611486
       22.89    0.659933
     23.0045    0.551839
     23.1195        0.57
     23.2351    0.642384
     23.3513    0.537954
      23.468    0.632787
     23.5854    0.526144
     23.7033    0.597403
     23.8218    0.631068
     23.9409    0.623794
     24.0606    0.599359
     24.1809    0.566879
     24.3018    0.568254
     24.4234    0.574132
     24.5455    0.579937
     24.6682      0.5375
     24.7915    0.552795
     24.9155    0.591331
     25.0401    0.544615
     25.1653    0.587156
     25.2911    0.539634
     25.4176    0.609091
     25.5446    0.578313
     25.6724    0.603604
     25.8007    0.564179
     25.9297    0.623145
     26.0594    0.565089
     26.1897         0.6
     26.3206    0.567251
     26.4522    0.559767
     26.5845    0.536232
     26.7174    0.582133
      26.851    0.535817
     26.9853    0.485714
     27.1202    0.545455
     27.2558    0.556497
     27.3921    0.558989
      27.529    0.565826
     27.6667    0.504178
      27.805    0.548476
      27.944    0.487603
     28.0837    0.583562
     28.2242    0.532787
     28.3653    0.543478
     28.5071    0.554054
     28.6496    0.604839
     28.7929    0.524064
     28.9369    0.542553
     29.0815    0.560847
      29.227    0.580475
     29.3731    0.509186
       29.52    0.524804
     29.6676    0.579221
     29.8159    0.565891
      29.965    0.537275
     30.1148    0.565217
     30.2654    0.508906
     30.4167    0.491139
     30.5688    0.516373
     30.7216    0.538847
     30.8752    0.481297
     31.0296    0.511166
     31.1848    0.565432
     31.3407    0.547912
     31.4974    0.523227
     31.6549    0.530414
     31.8131    0.508475
     31.9722    0.525301
     32.1321    0.508393
     32.2927    0.563246
     32.4542     0.60095
     32.6165    0.549528
     32.7795    0.507042
     32.9434    0.556075
     33.1082     0.55814
     33.2737    0.527778
     33.4401    0.541475
     33.6073    0.536697
     33.7753     0.56492
     33.9442    0.498866
     34.1139    0.532731
     34.2845    0.458427
     34.4559     0.50783
     34.6282    0.453333
     34.8013    0.511062
     34.9753    0.566079
     35.1502    0.493421
      35.326    0.559913
     35.5026    0.507592
     35.6801    0.479482
     35.8585    0.536481
     36.0378    0.519231
      36.218    0.525532
     36.3991     0.46723
     36.5811    0.465263
      36.764    0.484277
     36.9478    0.527083
     37.1325    0.479253
     37.3182    0.521649
     37.5048    0.478439
     37.6923    0.480573
     37.8808    0.520325
     38.0702    0.506073
     38.2605    0.458753
     38.4518    0.507014
     38.6441     0.50996
     38.8373    0.521825
     39.0315    0.485207
     39.2266    0.489194
     39.4228    0.544922
     39.6199    0.520388
      39.818    0.502901
     40.0171    0.446154
     40.2172    0.482759
     40.4183    0.474286
     40.6203    0.486742
     40.8234    0.496226
     41.0276    0.463415
     41.2327    0.496269
     41.4389    0.498141
     41.6461    0.475046
     41.8543    0.505515
     42.0636    0.485348
     42.2739    0.537341
     42.4853    0.452899
     42.6977    0.472072
     42.9112    0.506284
     43.1257    0.494643
     43.3413    0.499112
     43.5581      0.4947
     43.7758    0.465729
     43.9947    0.457093
     44.2147    0.452962
     44.4358    0.448873
      44.658    0.467241
     44.8812    0.454545
     45.1056    0.488055
     45.3312    0.485569
     45.5578    0.471284
     45.7856    0.505882
     46.0145    0.474916
     46.2446    0.484193
     46.4758    0.432119
     46.7082    0.462932
     46.9418    0.477049
     47.1765    0.473083
     47.4124     0.49026
     47.6494    0.550889
     47.8877    0.517685
     48.1271      0.4704
     48.3677    0.433121
     48.6096     0.48336
     48.8526    0.524409
     49.0969    0.470219
     49.3424    0.478939
     49.5891    0.470497
      49.837    0.435858
     50.0862    0.473118
     50.3366    0.440367
     50.5883    0.439878
     50.8413    0.489394
     51.0955    0.435241
      51.351    0.475262
     51.6077    0.453731
     51.8657    0.451039
     52.1251    0.478582
     52.3857    0.474302
     52.6476    0.475146
     52.9109    0.448326
     53.1754    0.467438
     53.4413    0.456772
     53.7085    0.446991
     53.9771    0.550642
     54.2469    0.489362
     54.5182    0.461864
     54.7908    0.476124
     55.0647    0.486713
       55.34    0.438108
     55.6167    0.459198
     55.8948    0.447658
     56.1743    0.443836
     56.4552    0.442019
     56.7374    0.424695
     57.0211    0.431849
     57.3062    0.525538
     57.5928    0.471925
     57.8807    0.474734
     58.1701    0.441799
      58.461    0.438735
     58.7533    0.440367
     59.0471    0.444589
     59.3423    0.459144
      59.639    0.436129
     59.9372    0.491656
     60.2369    0.446999
     60.5381    0.449109
     60.8408    0.421519
      61.145    0.419395
     61.4507    0.447368
     61.7579    0.415212
     62.0667    0.450372
     62.3771    0.476543
      62.689     0.44226
     63.0024    0.455433
     63.3174    0.439854
      63.634    0.442563
     63.9522     0.44645
     64.2719    0.465868
     64.5933    0.401669
     64.9163    0.386714
     65.2408    0.425708
      65.567    0.415493
     65.8949    0.454439
     66.2243    0.430233
     66.5555    0.409249
     66.8882    0.437284
     67.2227    0.398625
     67.5588    0.446469
     67.8966    0.409297
     68.2361    0.448703
     68.5773    0.451178
     68.9201    0.413408
     69.2647    0.451111
     69.6111    0.420354
     69.9591    0.467547
     70.3089    0.404814
     70.6605    0.420479
     71.0138    0.434453
     71.3688    0.407767
     71.7257     0.43133
     72.0843    0.398079
     72.4447    0.415515
      72.807     0.41649
      73.171    0.405889
     73.5368    0.418848
     73.9045    0.446875
      74.274    0.406218
     74.6454    0.419588
     75.0186    0.448205
     75.3937    0.434694
     75.7707    0.416244
     76.1496    0.402427
     76.5303    0.415493
      76.913    0.436436
     77.2975    0.403386
      77.684    0.396432
     78.0724    0.382643
     78.4628    0.402941
     78.8551    0.435122
     79.2494    0.404854
     79.6456    0.388406
     80.0439    0.426923
     80.4441     0.37799
     80.8463    0.396765
     81.2505    0.403409
     81.6568     0.39114
     82.0651     0.43621
     82.4754    0.387127
     82.8878    0.387187
     83.3022    0.428835
     83.7187     0.41636
     84.1373    0.408966
      84.558    0.427662
     84.9808    0.408514
     85.4057    0.416216
     85.8327    0.379372
     86.2619     0.40678
     86.6932    0.403727
     87.1267    0.383392
     87.5623    0.391037
     88.0001    0.427448
     88.4401     0.40557
     88.8823    0.393939
     89.3267    0.398794
     89.7734    0.390746
     90.2222    0.399317
     90.6733    0.396435
     91.1267    0.379223
     91.5823    0.384034
     92.0402    0.384615
     92.5004    0.387687
     92.9629    0.399834
     93.4278    0.389621
     93.8949    0.360656
     94.3644    0.404568
     94.8362    0.402597
     95.3104    0.410815
     95.7869    0.399197
     96.2659    0.430056
     96.7472    0.396977
     97.2309    0.382911
     97.7171    0.367717
     98.2057    0.359718
     98.6967    0.393609
     99.1902    0.418154
     99.6861    0.360618
     100.185    0.377112
     100.685    0.373089
     101.189    0.354373
     101.695    0.373676
     102.203    0.379518
     102.714     0.39176
     103.228    0.383296
     103.744    0.383531
     104.263    0.389668
     104.784    0.337739
     105.308    0.419284
     105.835       0.376
     106.364    0.384949
     106.896    0.412527
      107.43    0.409026
     107.967     0.40556
     108.507    0.353191
      109.05    0.371207
     109.595    0.378511
     110.143    0.355695
     110.693    0.375956
     111.247    0.415629
     111.803    0.391604
     112.362    0.370548
     112.924    0.367166
     113.489    0.376949
     114.056    0.373819
     114.626    0.369128
     115.199     0.39479
     115.775    0.374751
     116.354    0.356481
     116.936    0.359211
     117.521    0.400786
     118.108    0.373941
     118.699    0.418665
     119.292    0.393548
     119.889    0.368421
     120.488     0.37037
     121.091    0.399619
     121.696    0.381163
     122.305    0.370044
     122.916    0.387602
     123.531    0.364486
     124.148    0.371978
     124.769    0.362515
     125.393    0.390798
      126.02    0.387057
      126.65    0.388214
     127.283    0.371826
      127.92    0.347774
     128.559    0.368642
     129.202    0.375223
     129.848    0.367299
     130.497    0.383844
      131.15    0.357394
     131.806    0.341506
     132.465    0.380952
     133.127    0.358382
     133.793    0.370328
     134.462    0.352403
     135.134    0.366743
      135.81    0.366006
     136.489    0.363585
     137.171    0.390353
     137.857    0.347098
     138.546    0.357579
     139.239    0.392265
     139.935    0.382078
     140.635    0.347374
     141.338    0.357648
     142.045     0.34507
     142.755    0.338544
     143.469    0.363003
     144.186     0.34952
     144.907    0.379713
     145.632    0.347068
      146.36    0.364353
     147.091    0.385983
     147.827    0.347215
     148.566    0.397204
     149.309    0.372488
     150.055    0.342564
     150.806    0.358163
      151.56    0.364467
     152.318     0.34697
     153.079    0.354271
     153.845    0.364682
     154.614    0.350921
     155.387    0.379208
     156.164    0.342365
     156.945    0.357353
     157.729    0.382439
     158.518    0.356311
     159.311    0.380975
     160.107    0.371937
     160.908    0.363462
     161.712    0.356327
     162.521    0.346591
     163.333    0.347621
      164.15     0.34271
     164.971    0.354011
     165.796    0.348956
     166.625    0.354109
     167.458    0.366268
     168.295    0.341564
     169.136    0.377616
     169.982    0.345858
     170.832    0.344595
     171.686    0.368445
     172.545    0.366919
     173.407    0.356699
     174.274    0.361148
     175.146    0.349736
     176.022    0.346154
     176.902    0.334058
     177.786    0.332324
     178.675    0.358312
     179.568     0.35904
     180.466    0.326513
     181.369    0.365295
     182.275    0.350781
     183.187    0.360773
     184.103     0.35771
     185.023    0.343035
     185.948    0.360778
     186.878    0.333471
     187.813    0.368292
     188.752    0.333062
     189.695    0.325629
     190.644    0.343422
     191.597     0.35502
     192.555    0.323212
     193.518    0.338767
     194.485    0.344146
     195.458    0.360236
     196.435    0.350568
     197.417     0.33788
     198.404    0.356727
     199.396    0.347608
     200.393     0.35547
     201.395    0.351031
     202.402    0.357659
     203.414    0.353631
     204.431    0.372224
     205.454    0.349438
     206.481    0.377794
     207.513    0.329996
     208.551    0.315013
     209.594    0.342511
     210.642    0.342951
     211.695    0.372456
     212.753    0.324774
     213.817    0.328176
     214.886    0.348729
      215.96    0.336658
      217.04    0.341368
     218.126    0.323457
     219.216    0.356616
     220.312    0.353352
     221.414    0.339472
     222.521      0.3361
     223.633    0.334365
     224.752    0.334132
     225.875    0.344005
     227.005    0.327347
      228.14    0.346037
      229.28    0.341275
     230.427    0.341235
     231.579    0.340199
     232.737     0.33157
     233.901    0.328289
      235.07    0.336498
     236.245    0.335721
     237.427    0.343163
     238.614    0.331183
     239.807    0.329483
     241.006    0.346633
     242.211    0.333227
     243.422    0.337231
     244.639    0.331761
     245.862    0.345745
     247.092    0.346513
     248.327    0.329306
     249.569    0.350801
     250.817    0.333742
     252.071    0.334249
     253.331    0.330094
     254.598    0.338471
     255.871    0.345159
      257.15    0.316876
     258.436    0.345043
     259.728     0.34686
     261.027    0.312703
     262.332    0.325513
     263.643    0.325941
     264.962    0.321138
     266.286     0.32794
     267.618    0.333429
     268.956    0.355549
     270.301    0.345858
     271.652    0.328519
      273.01    0.343195
     274.375    0.320527
     275.747    0.337891
     277.126    0.332315
     278.512     0.34337
     279.904    0.329302
     281.304    0.341357
      282.71    0.327075
     284.124    0.313837
     285.544    0.328933
     286.972    0.335657
     288.407    0.330488
     289.849    0.322452
     291.298    0.329107
     292.755    0.338502
     294.219     0.33682
      295.69    0.323445
     297.168    0.336526
     298.654    0.335652
     300.147    0.322994
     301.648    0.309105
     303.156    0.316671
     304.672    0.333081
     306.195    0.334673
     307.726       0.348
     309.265     0.31791
     310.811    0.338614
     312.365    0.317488
     313.927    0.338397
     315.497    0.323823
     317.074     0.32662
      318.66    0.303477
     320.253    0.314196
     321.854    0.342973
     323.464    0.336029
     325.081    0.329389
     326.706    0.322345
      328.34    0.316073
     329.981     0.31709
     331.631     0.31524
      333.29    0.319483
     334.956     0.32361
     336.631    0.320384
     338.314    0.344702
     340.005    0.329412
     341.706    0.337235
     343.414    0.349462
     345.131    0.323674
     346.857    0.311377
     348.591    0.330611
     350.334    0.316645
     352.086    0.319423
     353.846    0.315286
     355.615    0.316097
     357.393    0.320921
      359.18    0.311416
     360.976     0.33717
     362.781    0.323155
     364.595    0.319055
     366.418    0.330464
      368.25    0.321496
     370.091    0.311993
     371.942    0.317684
     373.802    0.328463
     375.671    0.306983
     377.549    0.311125
     379.437    0.318532
     381.334     0.32439
     383.241    0.318948
     385.157    0.327142
     387.083    0.323728
     389.018    0.312438
     390.963    0.329595
     392.918    0.330135
     394.882    0.329047
     396.857    0.319829
     398.841    0.315201
     400.835    0.324184
     402.839    0.317036
     404.854     0.32681
     406.878    0.318208
     408.912    0.314393
     410.957    0.317484
     413.012    0.328367
     415.077     0.30658
     417.152    0.319624
     419.238    0.321284
     421.334    0.320979
     423.441    0.315407
     425.558    0.306761
     427.686    0.307789
     429.824    0.325756
     431.973    0.320392
     434.133    0.322346
