#   N_BLOCK:  <H>Block    block ave     error:
           1   -0.442735   -0.442735           0
           2   -0.465952   -0.454344  0.00820856
           3   -0.451551   -0.453413  0.00552491
           4    -0.49758   -0.464455   0.0104218
           5   -0.456676   -0.462899  0.00845272
           6   -0.464355   -0.463142  0.00704742
           7   -0.446206   -0.460722  0.00644256
           8   -0.448721   -0.459222  0.00580927
           9   -0.442982   -0.457418  0.00543684
          10   -0.432679   -0.454944  0.00542689
          11   -0.457725   -0.455197  0.00493942
          12   -0.435438    -0.45355   0.0047944
          13   -0.452817   -0.453494  0.00442593
          14   -0.433692   -0.452079  0.00432991
          15   -0.453109   -0.452148  0.00404179
          16   -0.401525   -0.448984  0.00487265
          17   -0.462713   -0.449791  0.00465246
          18   -0.446836   -0.449627  0.00439689
          19   -0.424664   -0.448313  0.00435735
          20   -0.463231   -0.449059  0.00420284
          21   -0.458138   -0.449492  0.00402487
          22   -0.429911   -0.448602   0.0039391
          23   -0.430477   -0.447814  0.00384585
          24   -0.443907   -0.447651  0.00368905
          25   -0.443679   -0.447492   0.0035449
          26   -0.454282   -0.447753  0.00341817
          27    -0.46952   -0.448559  0.00338531
          28    -0.46106   -0.449006  0.00329371
          29   -0.434974   -0.448522  0.00321548
          30   -0.416125   -0.447442  0.00328463
          31   -0.438731   -0.447161  0.00319067
          32    -0.46531   -0.447728  0.00314097
          33   -0.483368   -0.448808  0.00322612
          34   -0.438591   -0.448508   0.0031452
          35   -0.452271   -0.448615  0.00305717
          36    -0.43133   -0.448135  0.00300972
          37   -0.435083   -0.447782  0.00294898
          38   -0.440603   -0.447593  0.00287742
          39   -0.442998   -0.447476  0.00280605
          40   -0.444888   -0.447411  0.00273664
          41   -0.458844    -0.44769  0.00268407
          42   -0.443669   -0.447594  0.00262187
          43   -0.457499   -0.447824  0.00257099
          44   -0.413986   -0.447055  0.00262507
          45    -0.45497   -0.447231  0.00257262
          46   -0.431475   -0.446889  0.00253939
          47   -0.462489   -0.447221  0.00250696
          48   -0.438924   -0.447048  0.00246068
          49   -0.442604   -0.446957  0.00241214
          50   -0.457794   -0.447174  0.00237361
          51   -0.420664   -0.446654  0.00238331
          52   -0.447145   -0.446663  0.00233749
          53   -0.448979   -0.446707   0.0022938
          54   -0.450353   -0.446775  0.00225231
          55   -0.432982   -0.446524  0.00222528
          56   -0.429264   -0.446216  0.00220678
          57   -0.437873   -0.446069  0.00217291
          58   -0.465828    -0.44641  0.00216199
          59    -0.45339   -0.446528  0.00212858
          60   -0.457177   -0.446706  0.00210049
          61   -0.448137   -0.446729  0.00206619
          62   -0.437489    -0.44658  0.00203823
          63   -0.441723   -0.446503  0.00200733
          64   -0.437182   -0.446357  0.00198125
          65   -0.435382   -0.446189  0.00195795
          66   -0.456974   -0.446352  0.00193509
          67   -0.479088   -0.446841  0.00196693
          68   -0.455917   -0.446974  0.00194252
          69   -0.467325   -0.447269  0.00193663
          70   -0.467502   -0.447558  0.00193042
          71   -0.414139   -0.447087  0.00195977
          72   -0.406466   -0.446523  0.00201212
          73   -0.402931   -0.445926  0.00207127
          74   -0.446289   -0.445931  0.00204329
          75   -0.449812   -0.445983   0.0020167
          76   -0.452239   -0.446065  0.00199185
          77   -0.461176   -0.446261  0.00197562
          78   -0.454233   -0.446363  0.00195293
          79   -0.430534   -0.446163  0.00193847
          80    -0.44016   -0.446088  0.00191569
          81    -0.44044   -0.446018   0.0018933
          82   -0.443925   -0.445993  0.00187039
          83   -0.455938   -0.446113  0.00185169
          84   -0.445594   -0.446106  0.00182965
          85    -0.41458   -0.445736  0.00184534
          86   -0.466713   -0.445979  0.00183993
          87   -0.461962   -0.446163  0.00182793
          88    -0.44531   -0.446153  0.00180718
          89   -0.484451   -0.446584   0.0018374
          90   -0.428737   -0.446385  0.00182765
          91   -0.443468   -0.446353  0.00180785
          92   -0.443826   -0.446326   0.0017884
          93   -0.402049    -0.44585  0.00183145
          94   -0.463959   -0.446042  0.00182207
          95   -0.454021   -0.446126  0.00180483
          96   -0.444072   -0.446105  0.00178615
          97   -0.453412    -0.44618  0.00176933
          98   -0.443275   -0.446151  0.00175152
          99   -0.432507   -0.446013  0.00173924
         100   -0.452817   -0.446081  0.00172318
         101   -0.466482   -0.446283  0.00171792
         102   -0.450334   -0.446323  0.00170153
         103   -0.423131   -0.446098  0.00169985
         104   -0.453716   -0.446171  0.00168508
         105   -0.464243   -0.446343   0.0016778
         106   -0.438815   -0.446272  0.00166347
         107   -0.439089   -0.446205  0.00164928
         108     -0.4156   -0.445921  0.00165817
         109    -0.46008   -0.446051  0.00164804
         110   -0.447073   -0.446061  0.00163308
         111   -0.425861   -0.445879  0.00162848
         112   -0.382939   -0.445317  0.00170815
         113   -0.434232   -0.445219  0.00169585
         114   -0.445876   -0.445224  0.00168098
         115   -0.434252   -0.445129  0.00166907
         116   -0.446404    -0.44514  0.00165472
         117   -0.457342   -0.445244  0.00164386
         118    -0.43752   -0.445179  0.00163123
         119   -0.441806    -0.44515  0.00161777
         120   -0.478436   -0.445428  0.00162789
         121   -0.436279   -0.445352  0.00161619
         122   -0.448428   -0.445377  0.00160314
         123   -0.452369   -0.445434  0.00159112
         124   -0.417574   -0.445209  0.00159407
         125   -0.447796    -0.44523  0.00158145
         126   -0.432823   -0.445132  0.00157196
         127   -0.456489   -0.445221  0.00156213
         128   -0.458076   -0.445322  0.00155315
         129   -0.476345   -0.445562  0.00155962
         130   -0.458242    -0.44566  0.00155067
         131   -0.470555    -0.44585  0.00155043
         132   -0.441936    -0.44582  0.00153897
         133   -0.456202   -0.445898  0.00152938
         134   -0.464266   -0.446035  0.00152409
         135   -0.453137   -0.446088  0.00151371
         136   -0.448174   -0.446103  0.00150266
         137   -0.423149   -0.445936    0.001501
         138   -0.469212   -0.446104  0.00149957
         139   -0.421928    -0.44593  0.00149884
         140   -0.445618   -0.445928  0.00148813
         141   -0.429182   -0.445809  0.00148231
         142    -0.48338   -0.446074   0.0014953
         143   -0.459942   -0.446171  0.00148798
         144    -0.47768    -0.44639  0.00149365
         145   -0.442614   -0.446364  0.00148358
         146   -0.463034   -0.446478   0.0014778
         147   -0.456603   -0.446547  0.00146935
         148   -0.437087   -0.446483  0.00146082
         149   -0.457945    -0.44656  0.00145304
         150   -0.411741   -0.446328  0.00146177
         151   -0.451855   -0.446364  0.00145255
         152   -0.415182   -0.446159  0.00145741
         153   -0.452057   -0.446198  0.00144839
         154   -0.453599   -0.446246  0.00143978
         155   -0.456337   -0.446311  0.00143197
         156   -0.425401   -0.446177  0.00142905
         157   -0.422057   -0.446023  0.00142818
         158   -0.413218   -0.445815  0.00143415
         159   -0.421396   -0.445662  0.00143333
         160   -0.428099   -0.445552  0.00142857
         161   -0.441882   -0.445529  0.00141988
         162   -0.447033   -0.445539  0.00141114
         163    -0.47408   -0.445714  0.00141331
         164   -0.426775   -0.445598   0.0014094
         165   -0.435138   -0.445535  0.00140228
         166   -0.428888   -0.445435  0.00139742
         167   -0.410263   -0.445224  0.00140483
         168   -0.465841   -0.445347  0.00140182
         169   -0.454382     -0.4454  0.00139454
         170   -0.463024   -0.445504  0.00139019
         171    -0.41878   -0.445347  0.00139081
         172   -0.432285   -0.445272   0.0013848
         173   -0.423826   -0.445148  0.00138233
         174   -0.449836   -0.445175  0.00137465
         175   -0.453864   -0.445224  0.00136769
         176   -0.479912   -0.445421  0.00137405
         177   -0.440055   -0.445391  0.00136662
         178   -0.419676   -0.445246  0.00136656
         179   -0.430857   -0.445166  0.00136129
         180   -0.428343   -0.445073  0.00135693
         181   -0.423271   -0.444952  0.00135477
         182   -0.456791   -0.445017  0.00134888
         183   -0.436636   -0.444971  0.00134229
         184   -0.459244   -0.445049  0.00133723
         185   -0.463296   -0.445148  0.00133364
         186   -0.454485   -0.445198  0.00132741
         187   -0.446638   -0.445206  0.00132034
         188   -0.432971    -0.44514  0.00131492
         189   -0.426099    -0.44504  0.00131181
         190   -0.412391   -0.444868  0.00131612
         191   -0.469373   -0.444996  0.00131546
         192   -0.452237   -0.445034  0.00130915
         193   -0.445668   -0.445037  0.00130237
         194   -0.459036   -0.445109  0.00129766
         195   -0.441389    -0.44509  0.00129114
         196   -0.452374   -0.445127  0.00128509
         197   -0.437485   -0.445089  0.00127915
         198   -0.406432   -0.444893   0.0012875
         199   -0.470375   -0.445021  0.00128739
         200   -0.455383   -0.445073  0.00128199
