# T          sigma           mu
    0.666667    0.585449     1.08092
        0.67     0.99702     1.11442
     0.67335     1.06758    0.889436
    0.676717     1.12313      0.6036
      0.6801    0.998232    0.694952
    0.683501     1.19191    0.802778
    0.686918     1.23354    0.472102
    0.690353     1.11592    0.456945
    0.693805    0.971718     0.43136
    0.697274    0.994293    0.606758
     0.70076    0.845162    0.604691
    0.704264    0.720959    0.620716
    0.707785    0.662793    0.762393
    0.711324    0.569422     0.72145
    0.714881    0.557313    0.612414
    0.718455    0.612415    0.434065
    0.722047    0.554984    0.465988
    0.725658    0.648541    0.718313
    0.729286    0.552183     0.76912
    0.732932    0.443305    0.739941
    0.736597    0.376438    0.568247
     0.74028    0.393526    0.497619
    0.743981    0.557003    0.567485
    0.747701    0.512951     0.68211
     0.75144     0.59039    0.699691
    0.755197    0.621352    0.645536
    0.758973    0.819776    0.445922
    0.762768     0.70576    0.410014
    0.766582     0.75166    0.168987
    0.770415    0.894647   0.0203236
    0.774267    0.960604    0.186762
    0.778138    0.944884   0.0810078
    0.782029     1.02186   0.0992917
    0.785939     1.17027    0.228101
    0.789869     1.20926    0.163788
    0.793818    0.997737     0.30033
    0.797787    0.980067    0.530784
    0.801776    0.941733    0.496918
    0.805785    0.850103    0.565042
    0.809814    0.740152    0.512451
    0.813863     0.62344    0.500424
    0.817932    0.592323     0.32295
    0.822022     0.36681    0.539161
    0.826132    0.643583    0.192754
    0.830263    0.654692   0.0136592
    0.834414     0.38639    0.152162
    0.838586    0.252681   0.0756033
    0.842779    0.424051     0.24628
    0.846993    0.717483    0.290633
    0.851228    0.899981    0.464888
    0.855484    0.867355    0.694869
    0.859761     1.06036    0.889708
     0.86406     1.17453    0.747046
     0.86838      1.0584    0.891084
    0.872722      0.8778     0.53004
    0.877086    0.921453    0.405418
    0.881471     1.06614   0.0992898
    0.885879     1.17059   0.0951194
    0.890308    0.833534    0.445109
     0.89476      1.0473    0.338842
    0.899233     1.26223    0.367652
     0.90373     1.19192    0.470826
    0.908248     1.43921    0.128075
    0.912789     1.38697   0.0828542
    0.917353     1.31546  0.00512997
     0.92194     1.38364    0.096217
     0.92655     1.37986    0.317126
    0.931183     1.35865    0.244633
    0.935839     1.39431   0.0556537
    0.940518     1.39747   0.0565726
     0.94522     1.32872    0.218364
    0.949946     1.32923    0.347675
    0.954696     1.18881    0.384827
     0.95947     1.15923    0.210586
    0.964267     1.19365    0.268609
    0.969088      1.5217    0.137586
    0.973934     1.43048    0.144892
    0.978803     1.35124    0.463113
    0.983697     1.14065    0.579752
    0.988616    0.931228    0.626003
    0.993559    0.973969    0.788701
    0.998527    0.904399    0.977027
     1.00352    0.670374    0.939431
     1.00854    0.808481    0.981452
     1.01358    0.923313    0.712892
     1.01865     1.21034    0.852318
     1.02374     1.09669    0.712472
     1.02886     1.17262    0.609179
       1.034      1.3414    0.403939
     1.03917     1.25872    0.374113
     1.04437     1.23362    0.297415
     1.04959     1.31344    0.215983
     1.05484     1.47381    0.157013
     1.06011     1.41408    0.370318
     1.06541     1.64581    0.216007
     1.07074     1.83967    0.208672
      1.0761     1.72717    0.100059
     1.08148      1.6053    0.234974
     1.08688     1.35006   0.0551336
     1.09232      1.0945    0.111569
     1.09778     1.08503   0.0468798
     1.10327      1.0493   0.0321557
     1.10878     1.16166    0.114135
     1.11433     1.00922    0.456694
      1.1199     0.88676    0.456171
      1.1255    0.801598    0.533845
     1.13113    0.950513    0.517139
     1.13678    0.927384    0.486695
     1.14247     1.02011    0.544013
     1.14818     1.01012    0.304409
     1.15392    0.939513    0.312421
     1.15969    0.904638   0.0393231
     1.16549     1.14803   0.0571716
     1.17132     1.11951   0.0444601
     1.17717      1.2887   0.0703906
     1.18306    0.938698    0.341629
     1.18897    0.585439    0.720406
     1.19492    0.591601    0.719306
     1.20089    0.600316    0.726948
      1.2069    0.608915    0.736317
     1.21293    0.570102    0.843468
       1.219    0.645842    0.760206
     1.22509    0.651156     0.72148
     1.23122    0.913221    0.548872
     1.23737     0.89535    0.582795
     1.24356    0.598047    0.708737
     1.24978    0.546435    0.676105
     1.25603    0.566149    0.707448
     1.26231    0.637295    0.769905
     1.26862    0.644403    0.750447
     1.27496    0.666288    0.737168
     1.28134    0.677865     0.61803
     1.28774    0.517601    0.255549
     1.29418    0.840667    0.221767
     1.30065    0.784759    0.231297
     1.30715    0.734614    0.176695
     1.31369    0.785704   0.0547416
     1.32026     1.06655    0.184248
     1.32686     1.16413    0.217219
     1.33349    0.984966  0.00605605
     1.34016     1.21852   0.0185974
     1.34686     1.06715    0.122908
      1.3536     1.10537    0.185171
     1.36037    0.792589    0.374083
     1.36717    0.626216    0.700766
       1.374    0.759748    0.805562
     1.38087    0.778237    0.818946
     1.38778     1.05658    0.252232
     1.39472     1.05742   0.0802104
     1.40169     1.12079    0.173756
      1.4087      1.4064    0.245982
     1.41574     1.35774    0.251293
     1.42282     1.50855    0.411708
     1.42993     1.19087    0.233815
     1.43708    0.983717    0.288229
     1.44427    0.944691    0.108782
     1.45149    0.566554    0.320166
     1.45875    0.797461   0.0684359
     1.46604    0.866832     0.25631
     1.47337    0.538871    0.161012
     1.48074    0.571092    0.655534
     1.48814    0.653191    0.882069
     1.49558    0.642251    0.787834
     1.50306    0.702188    0.757536
     1.51058    0.814474    0.609627
     1.51813    0.810018    0.603876
     1.52572    0.954694    0.810837
     1.53335    0.863042     0.70422
     1.54102    0.930888    0.479978
     1.54872    0.772447    0.536921
     1.55646    0.976507    0.346525
     1.56425    0.936308    0.149939
     1.57207    0.805557    0.668934
     1.57993     1.03897    0.444786
     1.58783    0.565931    0.693124
     1.59577    0.794959    0.637253
     1.60375    0.867683    0.539057
     1.61176    0.858398    0.521731
     1.61982    0.612139    0.709797
     1.62792    0.883175    0.802621
     1.63606     1.00583    0.531566
     1.64424    0.906747    0.411422
     1.65246    0.898186     0.03645
     1.66073    0.686534    0.167268
     1.66903    0.637898    0.693023
     1.67737    0.610875    0.693728
     1.68576    0.598035    0.719867
     1.69419    0.651842    0.754065
     1.70266    0.711301    0.631692
     1.71117    0.957297    0.508016
     1.71973    0.856899    0.708329
     1.72833    0.888169    0.764139
     1.73697    0.701126    0.832532
     1.74566    0.578732    0.848974
     1.75438    0.690413    0.778128
     1.76316    0.650401    0.725397
     1.77197    0.528084    0.730441
     1.78083    0.482787     1.05782
     1.78974    0.565829    0.854844
     1.79868    0.593155     1.07803
     1.80768    0.493622     1.22187
     1.81672     0.47476     1.07537
      1.8258    0.455334    0.938746
     1.83493    0.614974    0.760538
      1.8441    0.986326    0.626298
     1.85332    0.901407    0.568607
     1.86259    0.918521    0.129294
      1.8719     1.47107    0.282751
     1.88126     1.61761   0.0124517
     1.89067     1.29233   0.0623801
     1.90012     1.23141    0.143737
     1.90962     1.17103   0.0424932
     1.91917     1.03216    0.291749
     1.92877     1.14773   0.0586283
     1.93841     1.23763    0.171569
      1.9481    0.997185   0.0683953
     1.95784    0.979454    0.395218
     1.96763     0.97277    0.429257
     1.97747    0.992122  0.00705593
     1.98736    0.684804    0.329344
      1.9973    0.479197    0.680806
     2.00728    0.748343    0.582199
     2.01732    0.876455   0.0749067
      2.0274    0.825814    0.455177
     2.03754     0.95584    0.528684
     2.04773     1.03133    0.356554
     2.05797    0.965116    0.316167
     2.06826    0.981242    0.183516
      2.0786     1.06337    0.375945
     2.08899    0.917996    0.455621
     2.09944     1.15401    0.209084
     2.10993     1.14858   0.0433161
     2.12048    0.907121    0.867326
     2.13109     1.01025    0.323398
     2.14174     1.13295     0.21127
     2.15245     0.96147    0.243952
     2.16321     1.08404    0.175717
     2.17403    0.992378    0.241779
      2.1849    0.924787    0.622242
     2.19582    0.651043    0.843572
      2.2068    0.614217    0.735111
     2.21784    0.674429     0.78802
     2.22893    0.806873    0.715849
     2.24007    0.642973     0.82376
     2.25127    0.656584    0.782438
     2.26253    0.626923    0.850779
     2.27384    0.690847    0.698086
     2.28521    0.897996    0.546652
     2.29664      1.0227    0.343166
     2.30812     1.04406   0.0597012
     2.31966     1.05645   0.0167603
     2.33126    0.955111    0.536353
     2.34291     1.00606    0.470158
     2.35463    0.831188    0.796663
      2.3664    0.564837    0.796727
     2.37823    0.980072    0.152833
     2.39012    0.830591   0.0704683
     2.40208    0.879022    0.150527
     2.41409     1.10241    0.152813
     2.42616    0.948861   0.0508959
     2.43829    0.864518    0.133898
     2.45048     1.09448   0.0961923
     2.46273      1.0748    0.170385
     2.47504     1.01435    0.327247
     2.48742     1.06927    0.413537
     2.49986    0.959125    0.350028
     2.51236     1.00859    0.183894
     2.52492     1.02741    0.301852
     2.53754     1.27409    0.482645
     2.55023     1.03524    0.397303
     2.56298    0.992906   0.0530097
      2.5758    0.993869    0.172405
     2.58868     1.03302    0.229667
     2.60162     1.01767    0.253337
     2.61463     1.07072    0.232688
      2.6277     1.12838    0.126283
     2.64084    0.956223    0.381249
     2.65404    0.943368    0.300085
     2.66731    0.709345    0.649055
     2.68065    0.621523    0.785894
     2.69405    0.690578    0.739961
     2.70752    0.659701    0.488024
     2.72106    0.945516    0.228782
     2.73467    0.795354    0.459876
     2.74834    0.897231    0.507405
     2.76208    0.992895    0.288733
     2.77589     1.10446    0.150376
     2.78977     0.96631    0.385055
     2.80372     1.06502    0.278126
     2.81774    0.863376    0.545504
     2.83183    0.885275     0.48009
     2.84599    0.978793    0.482652
     2.86022     1.13206    0.449841
     2.87452     1.05421    0.233159
     2.88889    0.901341    0.615158
     2.90333    0.997445    0.141594
     2.91785    0.879104   0.0318297
     2.93244     1.22565    0.045616
      2.9471     1.23942   0.0921752
     2.96184    0.982462    0.404606
     2.97665    0.736591     0.49098
     2.99153    0.599722    0.781457
     3.00649    0.589662    0.726107
     3.02152     0.58112    0.856417
     3.03663    0.619815     0.82687
     3.05181    0.593824     0.79152
     3.06707    0.552173    0.740668
      3.0824    0.646912    0.814344
     3.09782    0.614605    0.835878
     3.11331     1.07882   0.0828053
     3.12887    0.639344    0.862567
     3.14452    0.673253    0.828017
     3.16024     0.63391     0.75654
     3.17604    0.751298    0.619722
     3.19192    0.612684    0.843435
     3.20788    0.718792    0.739137
     3.22392    0.886106    0.414296
     3.24004    0.624692    0.827904
     3.25624    0.686961     0.80093
     3.27252    0.566064     0.95264
     3.28888    0.832436    0.635327
     3.30533     1.13478   0.0993846
     3.32185    0.896468     0.58335
     3.33846     0.68369    0.692899
     3.35516    0.726196    0.766291
     3.37193    0.641219      0.7678
     3.38879    0.661703    0.794847
     3.40574    0.664889    0.712166
     3.42276    0.848305    0.541631
     3.43988     1.08016   0.0633349
     3.45708     1.01851    0.202327
     3.47436     0.94222    0.169693
     3.49173    0.850189    0.479712
     3.50919    0.618044    0.820932
     3.52674    0.610498    0.729223
     3.54437    0.607296    0.706868
     3.56209     1.10141    0.640665
     3.57991    0.932706    0.304369
      3.5978     1.13379     0.35076
     3.61579     1.05447    0.127955
     3.63387     1.15196    0.251912
     3.65204     1.10809      0.0314
      3.6703    0.572059    0.625342
     3.68865    0.568299    0.851001
      3.7071    0.771994    0.636129
     3.72563     0.74217    0.579415
     3.74426     0.92861    0.650705
     3.76298    0.541865     0.83744
      3.7818    0.602681    0.776627
     3.80071    0.616005    0.808372
     3.81971    0.540947    0.686573
     3.83881    0.658681    0.678511
       3.858    0.629115    0.812844
     3.87729     0.63671    0.756891
     3.89668    0.893117    0.565314
     3.91616     0.71152    0.735196
     3.93574    0.724973    0.701394
     3.95542    0.588553    0.805808
      3.9752    0.836035    0.416064
     3.99507    0.706248    0.642417
     4.01505     0.93532   0.0837512
     4.03513    0.899692    0.526431
      4.0553    0.910217 0.000229685
     4.07558    0.889264    0.543328
     4.09596     0.67849    0.902067
     4.11644    0.852479    0.839145
     4.13702    0.642918    0.796511
      4.1577    0.761978     0.79175
     4.17849    0.884048    0.602344
     4.19938     1.01127    0.259214
     4.22038     1.05407    0.468472
     4.24148    0.677435    0.735822
     4.26269    0.749516    0.690385
       4.284     0.62381    0.878826
     4.30542    0.621392    0.836073
     4.32695    0.539064    0.790671
     4.34858    0.626889    0.777503
     4.37033    0.671417    0.803369
     4.39218    0.719989    0.694614
     4.41414    0.601159    0.790439
     4.43621    0.643264    0.687954
     4.45839    0.608289    0.766846
     4.48068    0.614065    0.889222
     4.50309    0.629067      0.7535
      4.5256    0.686798    0.730378
     4.54823    0.615673    0.858516
     4.57097    0.648318    0.850706
     4.59383    0.869849     0.58155
      4.6168     1.08258    0.144038
     4.63988    0.633597    0.893019
     4.66308    0.603073    0.804369
     4.68639    0.765783    0.677285
     4.70983     1.04683    0.337202
     4.73338     1.00011    0.370494
     4.75704    0.963905   0.0516102
     4.78083     1.06336    0.189714
     4.80473    0.658894    0.817747
     4.82876     0.54398    0.662974
      4.8529      0.5957     0.79456
     4.87716    0.835114     0.57186
     4.90155    0.846866      0.4963
     4.92606      1.0243    0.102584
     4.95069     1.06499   0.0498082
     4.97544    0.983658   0.0677718
     5.00032     1.06161    0.206039
     5.02532    0.643937    0.809184
     5.05045    0.598693    0.765423
      5.0757    0.529682    0.660608
     5.10108    0.668559    0.710659
     5.12658    0.594697    0.841951
     5.15222    0.673339    0.703772
     5.17798    0.587797    0.788725
     5.20387    0.990789    0.255028
     5.22989    0.932259   0.0883413
     5.25604    0.683294    0.578002
     5.28232    0.674794    0.813412
     5.30873    0.700085    0.830482
     5.33527    0.588116    0.843899
     5.36195    0.694981    0.838453
     5.38876    0.852423    0.467668
      5.4157    0.663366    0.745134
     5.44278     0.65875    0.798935
     5.46999    0.630331    0.715157
     5.49734    0.621103    0.762686
     5.52483    0.937855    0.393913
     5.55245    0.574858    0.827304
     5.58022    0.577155    0.753676
     5.60812    0.671247    0.787037
     5.63616    0.672064    0.872055
     5.66434    0.657623    0.766589
     5.69266    0.642499     0.83643
     5.72112    0.605526     0.80494
     5.74973     0.64865    0.758238
     5.77848    0.581413    0.763002
     5.80737     0.64579    0.818833
     5.83641    0.628611     0.69864
     5.86559    0.629675     0.78665
     5.89492    0.620489    0.856953
     5.92439    0.645334     0.75923
     5.95401    0.613716    0.806261
     5.98378    0.635227    0.896503
      6.0137    0.631082    0.884729
     6.04377     0.55889     0.84749
     6.07399    0.657497    0.835138
     6.10436    0.700942     0.80689
     6.13488     1.08095    0.217629
     6.16556      1.1356    0.265152
     6.19638    0.833882    0.452237
     6.22737    0.951895   0.0193273
      6.2585     1.00725   0.0677606
      6.2898     1.08555    0.489318
     6.32124     1.02591   0.0493846
     6.35285    0.590976     0.77803
     6.38462    0.630885    0.762705
     6.41654    0.667101    0.783886
     6.44862    0.663233    0.826752
     6.48086     0.61224    0.844109
     6.51327    0.620396    0.724606
     6.54583    0.551296    0.771097
     6.57856    0.796788    0.642905
     6.61146      1.0201    0.213019
     6.64451    0.599384     0.80859
     6.67774     0.59944    0.783634
     6.71113    0.618225    0.839856
     6.74468    0.682574    0.870533
      6.7784    0.612183     0.76225
      6.8123    0.680566    0.854513
     6.84636    0.747381    0.672651
     6.88059    0.620917    0.823716
     6.91499       0.673    0.845235
     6.94957     0.58892    0.800313
     6.98432    0.657892    0.800173
     7.01924    0.784123    0.736785
     7.05433    0.640888    0.788245
      7.0896    0.599377    0.847424
     7.12505    0.630172    0.797432
     7.16068    0.849721    0.504067
     7.19648    0.944535    0.246975
     7.23246    0.699327    0.737299
     7.26863    0.614778    0.851512
     7.30497    0.602043    0.840784
     7.34149    0.799632    0.786648
      7.3782    0.657823    0.669612
     7.41509    0.610944    0.805474
     7.45217    0.887018    0.572515
     7.48943    0.852316    0.518924
     7.52688    0.661712     0.87204
     7.56451    0.606073    0.785748
     7.60233    0.598212    0.824864
     7.64034    0.583779    0.846068
     7.67855    0.757414     0.68109
     7.71694    0.862129    0.457574
     7.75552    0.822401    0.523747
      7.7943    0.627282    0.829103
     7.83327    0.621744    0.881151
     7.87244    0.624196    0.806616
      7.9118    0.644868    0.753871
     7.95136    0.585075    0.846968
     7.99112    0.675781    0.717649
     8.03107    0.665481    0.722269
     8.07123    0.630676    0.836399
     8.11158    0.676411    0.763777
     8.15214    0.957048    0.365157
      8.1929    0.994905   0.0980956
     8.23387    0.638126    0.844341
     8.27504    0.674926    0.853584
     8.31641    0.699891    0.746031
     8.35799    0.578015    0.662591
     8.39978    0.583252    0.801372
     8.44178    0.685389    0.628392
     8.48399    0.675722    0.778164
     8.52641    0.619629    0.779871
     8.56904    0.666525    0.775147
     8.61189    0.664964    0.740606
     8.65495    0.679352    0.857431
     8.69822    0.575081    0.862311
     8.74171    0.601276    0.827105
     8.78542    0.788105    0.655643
     8.82935    0.774565     0.68878
      8.8735    0.649761    0.809203
     8.91786    0.655777    0.874233
     8.96245    0.966476    0.404748
     9.00727     1.04309    0.351636
      9.0523     0.59163    0.797086
     9.09756    0.637689    0.827081
     9.14305    0.614534    0.753179
     9.18877    0.617696    0.784188
     9.23471    0.569324    0.847651
     9.28088    0.617774    0.799045
     9.32729    0.796507    0.710828
     9.37392    0.677974    0.719282
     9.42079    0.605318    0.775187
      9.4679    0.579347    0.811647
     9.51524    0.679864      0.8523
     9.56281    0.618172    0.824748
     9.61063    0.644888    0.711522
     9.65868    0.560828    0.843434
     9.70697    0.615208     0.77718
     9.75551    0.868741    0.412677
     9.80429    0.802709    0.483898
     9.85331    0.641249    0.734837
     9.90258    0.617306    0.795515
     9.95209     0.67301    0.811509
     10.0018    0.596193    0.894739
     10.0519    0.685443    0.790216
     10.1021     1.01124    0.299162
     10.1526    0.710146    0.661858
     10.2034    0.662254    0.774053
     10.2544    0.725318    0.804759
     10.3057    0.893713    0.381082
     10.3572    0.703283    0.650149
      10.409    0.702861    0.714906
      10.461    0.639393    0.845507
     10.5133    0.671355    0.818627
     10.5659    0.696042    0.819234
     10.6187    0.568184    0.806878
     10.6718      0.6404    0.797257
     10.7252     0.71999    0.687385
     10.7788    0.568264     0.82008
     10.8327    0.592786    0.762727
     10.8869     1.06965    0.154032
     10.9413     1.07517   0.0324725
      10.996     0.66414    0.591234
      11.051    0.922707    0.602915
     11.1063    0.581862    0.824219
     11.1618    0.559835     0.79217
     11.2176    0.638284    0.809849
     11.2737    0.602051    0.754413
       11.33    0.568293    0.782509
     11.3867    0.655211    0.778167
     11.4436    0.615643    0.813124
     11.5009    0.647708    0.780791
     11.5584     1.11732     0.36065
     11.6161     0.72099    0.788033
     11.6742    0.689988    0.798118
     11.7326    0.569993    0.766746
     11.7913     0.64452    0.806194
     11.8502    0.605306    0.819891
     11.9095    0.614105    0.784051
      11.969    0.625023    0.797325
     12.0289    0.946124    0.546071
      12.089     1.03786    0.340443
     12.1495    0.636452    0.822675
     12.2102     1.01401    0.556333
     12.2713     1.13559   0.0701965
     12.3326    0.915483    0.266573
     12.3943    0.590227    0.782974
     12.4562    0.695377    0.802209
     12.5185     0.59605    0.753857
     12.5811    0.584367     0.75856
      12.644    0.639323    0.729277
     12.7072     1.00714    0.287722
     12.7708      1.0092    0.349956
     12.8346    0.609439    0.838593
     12.8988    0.624037    0.806951
     12.9633    0.582793     0.82763
     13.0281    0.577475    0.788214
     13.0933    0.622882    0.818736
     13.1587    0.666823    0.829364
     13.2245    0.608629    0.807452
     13.2906    0.556247    0.811906
     13.3571    0.600599    0.809859
     13.4239    0.782944    0.757212
      13.491     0.98802    0.459319
     13.5584     0.62869    0.859277
     13.6262    0.647944    0.798884
     13.6944    0.665646    0.889247
     13.7628    0.663837    0.828839
     13.8317     0.71215    0.794647
     13.9008      0.6568    0.769668
     13.9703    0.693746    0.842936
     14.0402    0.642499    0.790318
     14.1104    0.644814    0.797119
     14.1809     1.02742   0.0597667
     14.2518    0.633622    0.821789
     14.3231    0.569091    0.816275
     14.3947    0.620819    0.878574
     14.4667    0.607855    0.803847
      14.539    0.568717    0.771649
     14.6117    0.607408    0.816297
     14.6848    0.614239    0.755267
     14.7582    0.666078    0.663317
      14.832    0.834575    0.675837
     14.9061       0.638    0.793196
     14.9807    0.676374    0.851852
     15.0556    0.596855    0.843959
     15.1309    0.648202    0.833933
     15.2065    0.759522    0.590972
     15.2825    0.580244    0.811707
      15.359    0.688723    0.827547
     15.4357    0.617592    0.756901
     15.5129    0.616222    0.791607
     15.5905    0.638424    0.780227
     15.6684    0.560089    0.711096
     15.7468    0.605029    0.834419
     15.8255    0.574379    0.844829
     15.9046     0.64468    0.816106
     15.9842    0.639898    0.870104
     16.0641    0.602986    0.806984
     16.1444    0.593368    0.784358
     16.2251     0.63856    0.770502
     16.3063    0.632461     0.79953
     16.3878    0.579177    0.802282
     16.4697    0.608458    0.813729
     16.5521    0.673166    0.829962
     16.6348    0.548548     0.74665
      16.718    0.590271    0.802142
     16.8016    0.632872    0.888289
     16.8856    0.629853    0.762503
       16.97    0.672765    0.794007
     17.0549    0.566783    0.786606
     17.1402    0.679637    0.791015
     17.2259    0.599908    0.823762
      17.312    0.601354    0.817436
     17.3986    0.578367    0.854671
     17.4855    0.568124    0.856485
      17.573    0.610339    0.776312
     17.6608    0.663423    0.836786
     17.7491    0.626502    0.782005
     17.8379    0.606697    0.877227
     17.9271    0.653329    0.842332
     18.0167    0.651732    0.792065
     18.1068    0.577357    0.799066
     18.1973    0.711206    0.837055
     18.2883    0.700799    0.831026
     18.3798     0.57885    0.804561
     18.4717    0.604531    0.784222
      18.564    0.963387    0.322982
     18.6568    0.629931    0.791164
     18.7501    0.673448    0.815057
     18.8439    0.608129    0.828428
     18.9381    0.695977    0.792701
     19.0328     0.63758    0.857189
     19.1279    0.635376    0.769678
     19.2236    0.590495    0.809138
     19.3197    0.597468     0.85433
     19.4163     0.65836    0.829863
     19.5134    0.618037    0.772557
     19.6109    0.628295    0.823611
      19.709    0.602497    0.758553
     19.8075    0.626351    0.784738
     19.9066    0.711555    0.780786
     20.0061    0.573932    0.850357
     20.1062    0.659973    0.818842
     20.2067    0.646295    0.828426
     20.3077    0.941621    0.156965
     20.4093     1.02315    0.321079
     20.5113    0.542953    0.838671
     20.6139    0.593153    0.806426
     20.7169    0.654289    0.773112
     20.8205     1.01888    0.280956
     20.9246    0.586205    0.776848
     21.0292    0.648847     0.81907
     21.1344    0.602102    0.777672
     21.2401     0.56813    0.802822
     21.3463    0.616136     0.85468
      21.453    0.612387    0.789583
     21.5602    0.611089    0.774356
     21.6681    0.566979    0.807589
     21.7764     0.60307    0.809533
     21.8853    0.627069    0.835968
     21.9947    0.564745    0.824848
     22.1047    0.540308    0.801231
     22.2152    0.713792    0.745194
     22.3263    0.631189    0.835217
     22.4379    0.605602    0.828951
     22.5501    0.620879    0.801845
     22.6628    0.600259    0.768187
     22.7762     0.61063    0.833546
       22.89    0.640492    0.764477
     23.0045    0.587744    0.758183
     23.1195    0.637785    0.853703
     23.2351    0.665574    0.792642
     23.3513    0.632971    0.816232
      23.468    0.588564     0.82175
     23.5854    0.582757    0.784139
     23.7033    0.692114    0.793114
     23.8218    0.624733    0.856764
     23.9409     0.64171    0.790184
     24.0606    0.651587    0.787941
     24.1809    0.633874    0.830266
     24.3018    0.588492    0.816524
     24.4234    0.653054    0.749936
     24.5455    0.605968    0.766803
     24.6682    0.581465    0.808077
     24.7915    0.581995    0.798545
     24.9155     0.63639     0.82554
     25.0401    0.581707    0.773277
     25.1653    0.610376    0.810285
     25.2911    0.599053    0.755236
     25.4176    0.619507    0.800864
     25.5446    0.618942    0.849755
     25.6724    0.569205    0.770672
     25.8007    0.609197    0.764103
     25.9297    0.700723    0.783857
     26.0594    0.592615    0.814273
     26.1897    0.568277    0.811473
     26.3206    0.655643    0.851147
     26.4522    0.656929    0.825108
     26.5845    0.636769    0.842493
     26.7174    0.557882     0.74999
      26.851    0.582604    0.815531
     26.9853     0.61258    0.787575
     27.1202    0.591905    0.813133
     27.2558    0.658024    0.827914
     27.3921    0.607841    0.831289
      27.529    0.635833    0.832838
     27.6667    0.576978    0.807837
      27.805    0.608688    0.813506
      27.944    0.667492    0.772929
     28.0837    0.561051    0.795564
     28.2242    0.665546    0.865801
     28.3653    0.582119    0.730009
     28.5071    0.690516    0.838751
     28.6496    0.569824    0.837125
     28.7929    0.613319    0.804898
     28.9369    0.653226    0.738031
     29.0815    0.572215    0.800847
      29.227    0.604947    0.801794
     29.3731    0.601955    0.845966
       29.52    0.586492     0.80894
     29.6676    0.639662    0.821464
     29.8159    0.565147    0.749999
      29.965    0.614518    0.753763
     30.1148    0.612088    0.745843
     30.2654    0.602245    0.842475
     30.4167    0.643234    0.834742
     30.5688    0.608393    0.857971
     30.7216    0.635955     0.81609
     30.8752    0.586263    0.810307
     31.0296    0.649972    0.815321
     31.1848    0.679257    0.839749
     31.3407    0.710317    0.795355
     31.4974    0.551886    0.786498
     31.6549    0.680448    0.767823
     31.8131    0.615838    0.823769
     31.9722    0.572338    0.799979
     32.1321    0.650541    0.795144
     32.2927    0.667306     0.84481
     32.4542    0.624996    0.805777
     32.6165    0.574257    0.816506
     32.7795    0.557973    0.816467
     32.9434    0.708512     0.78602
     33.1082    0.659802    0.794279
     33.2737    0.664477    0.801666
     33.4401    0.605296    0.743582
     33.6073    0.619449    0.823394
     33.7753    0.578121    0.835234
     33.9442    0.538776    0.746625
     34.1139    0.672984     0.80713
     34.2845    0.612009    0.786255
     34.4559    0.653701    0.783863
     34.6282     0.58571    0.822302
     34.8013    0.656683    0.777169
     34.9753    0.562059    0.874482
     35.1502    0.605853    0.797473
      35.326     0.64467    0.829127
     35.5026    0.634325    0.832535
     35.6801     0.62259    0.791274
     35.8585    0.529299    0.760517
     36.0378    0.588808    0.794784
      36.218    0.643831    0.783782
     36.3991    0.637663    0.787127
     36.5811    0.580448    0.791563
      36.764    0.577064     0.79397
     36.9478     0.61567    0.841272
     37.1325    0.623985    0.834195
     37.3182    0.624548    0.821761
     37.5048    0.604652    0.828599
     37.6923    0.610792    0.800522
     37.8808    0.542488     0.77689
     38.0702    0.620534    0.813578
     38.2605    0.591338    0.805271
     38.4518    0.607944    0.866694
     38.6441    0.608295    0.831265
     38.8373    0.556367    0.842642
     39.0315    0.643933    0.796606
     39.2266    0.585567    0.764263
     39.4228    0.660814    0.804417
     39.6199    0.666881    0.779251
      39.818    0.560581    0.829899
     40.0171     0.56761    0.825577
     40.2172    0.594485    0.836751
     40.4183    0.628326     0.79281
     40.6203    0.647084    0.845368
     40.8234    0.629505    0.828156
     41.0276    0.618784    0.825518
     41.2327    0.595756    0.824506
     41.4389    0.565933    0.816774
     41.6461    0.626631    0.848427
     41.8543    0.595273    0.808702
     42.0636    0.592361    0.771019
     42.2739    0.624289    0.755889
     42.4853    0.574434    0.800986
     42.6977    0.560203    0.791674
     42.9112    0.568603    0.783627
     43.1257    0.592291    0.791006
     43.3413    0.614288    0.832326
     43.5581    0.629983    0.796319
     43.7758    0.669437     0.80833
     43.9947    0.569598    0.775183
     44.2147    0.656656    0.827521
     44.4358    0.634156    0.860629
      44.658    0.636753    0.791607
     44.8812    0.611489    0.799385
     45.1056    0.600622    0.790773
     45.3312    0.622617    0.837403
     45.5578    0.608053    0.855952
     45.7856     0.60753    0.849685
     46.0145    0.639993    0.828723
     46.2446    0.599991    0.805997
     46.4758    0.595911    0.853901
     46.7082    0.637683    0.793376
     46.9418    0.642822    0.838178
     47.1765    0.563309    0.822267
     47.4124    0.603219    0.819593
     47.6494    0.608611    0.829861
     47.8877     0.60224    0.832022
     48.1271    0.599536    0.810374
     48.3677    0.656277    0.792092
     48.6096    0.693023    0.776806
     48.8526    0.576724    0.861031
     49.0969    0.699622    0.781634
     49.3424    0.635993     0.80171
     49.5891    0.621713    0.771768
      49.837    0.560128    0.793603
     50.0862     0.58452    0.808504
     50.3366    0.615992    0.794112
     50.5883    0.632563    0.833547
     50.8413    0.672307    0.814598
     51.0955    0.665014    0.836327
      51.351    0.641813    0.864609
     51.6077    0.552547    0.763321
     51.8657    0.613982    0.800505
     52.1251    0.573235    0.766865
     52.3857    0.663498    0.811476
     52.6476    0.592358    0.837247
     52.9109    0.728375    0.795961
     53.1754    0.648419    0.829796
     53.4413    0.604783    0.868812
     53.7085    0.579467    0.828947
     53.9771    0.624742    0.843872
     54.2469    0.589674    0.781935
     54.5182    0.639262    0.845368
     54.7908    0.582282    0.812035
     55.0647    0.609135    0.877593
       55.34    0.774025    0.687953
     55.6167    0.565262    0.782194
     55.8948    0.623211    0.824765
     56.1743    0.560462    0.822166
     56.4552    0.679611    0.844176
     56.7374    0.595677    0.786023
     57.0211    0.710778    0.825442
     57.3062    0.624072    0.811729
     57.5928    0.556991     0.74297
     57.8807    0.574517    0.788932
     58.1701     0.64115    0.808472
      58.461    0.599466    0.767586
     58.7533    0.577599    0.839833
     59.0471    0.583569    0.803465
     59.3423     0.64593    0.797652
      59.639    0.679655    0.809414
     59.9372    0.546706    0.750071
     60.2369    0.600507    0.836222
     60.5381    0.631461    0.816702
     60.8408    0.588223    0.800667
      61.145    0.581639    0.797732
     61.4507    0.595613    0.832874
     61.7579    0.583488     0.80346
     62.0667     0.62697    0.846783
     62.3771    0.603864    0.821459
      62.689    0.606985    0.806343
     63.0024    0.622142    0.801592
     63.3174    0.619656    0.779353
      63.634    0.585438    0.823973
     63.9522    0.603593    0.746988
     64.2719    0.610509    0.843466
     64.5933    0.537838    0.750491
     64.9163    0.584385    0.794061
     65.2408    0.585845    0.777537
      65.567    0.609605    0.821497
     65.8949    0.628674    0.796137
     66.2243    0.722888    0.827582
     66.5555    0.607676     0.86337
     66.8882    0.592944    0.847979
     67.2227    0.589944    0.792675
     67.5588    0.564468     0.82081
     67.8966    0.577691    0.821288
     68.2361    0.622299    0.806884
     68.5773    0.610868    0.816283
     68.9201    0.596559    0.825975
     69.2647    0.572537    0.779774
     69.6111    0.584526    0.821447
     69.9591    0.583382    0.762585
     70.3089    0.573294    0.821487
     70.6605    0.578118    0.829978
     71.0138    0.588237    0.863103
     71.3688    0.583509    0.820098
     71.7257    0.595771    0.809479
     72.0843     0.63602    0.809638
     72.4447    0.659658    0.820161
      72.807    0.547222    0.812866
      73.171    0.657995    0.847899
     73.5368    0.633437     0.81467
     73.9045    0.588754    0.784971
      74.274    0.605633    0.786711
     74.6454     0.61271    0.793951
     75.0186    0.607438    0.785354
     75.3937     0.55556    0.792012
     75.7707    0.560927    0.833962
     76.1496    0.545224    0.732263
     76.5303    0.628352    0.818252
      76.913    0.575609    0.769701
     77.2975    0.570368    0.779871
      77.684    0.589768    0.801948
     78.0724    0.675936     0.78578
     78.4628    0.604946    0.784298
     78.8551    0.608361    0.809562
     79.2494    0.614714    0.792446
     79.6456    0.658318    0.882682
     80.0439    0.572283    0.829528
     80.4441    0.680847    0.816438
     80.8463    0.636753    0.814155
     81.2505    0.620259    0.868127
     81.6568    0.597861    0.825962
     82.0651    0.636399    0.823351
     82.4754    0.610988    0.814344
     82.8878    0.651943    0.766031
     83.3022    0.559061    0.798628
     83.7187    0.679772    0.859421
     84.1373    0.646795    0.832612
      84.558    0.592273    0.854198
     84.9808    0.594818    0.833936
     85.4057    0.647605    0.763022
     85.8327    0.611863    0.784487
     86.2619    0.562795    0.809475
     86.6932    0.589193    0.807714
     87.1267     0.59299    0.766821
     87.5623    0.646766    0.837086
     88.0001    0.560208    0.825495
     88.4401     0.58086    0.808243
     88.8823    0.606198    0.776277
     89.3267    0.578664    0.776435
     89.7734    0.660524    0.824579
     90.2222    0.587644    0.790883
     90.6733    0.562465    0.786218
     91.1267     0.56872    0.784345
     91.5823     0.60542    0.811819
     92.0402     0.66101    0.780755
     92.5004    0.662888    0.836787
     92.9629    0.583968    0.810318
     93.4278     0.58113    0.789276
     93.8949    0.636466    0.784806
     94.3644    0.571067    0.849898
     94.8362     0.61138    0.781138
     95.3104    0.554726      0.7676
     95.7869    0.628884    0.815998
     96.2659    0.619654    0.844678
     96.7472    0.619294    0.722786
     97.2309    0.633848    0.836437
     97.7171    0.607647    0.809811
     98.2057    0.586192    0.777097
     98.6967    0.641478    0.807497
     99.1902    0.540425    0.791799
     99.6861    0.562999     0.80235
     100.185      0.5768    0.822722
     100.685    0.559562     0.69347
     101.189    0.615701    0.809902
     101.695    0.600655    0.827739
     102.203    0.552477    0.734792
     102.714    0.610743    0.807107
     103.228    0.573737    0.745533
     103.744    0.640507    0.793037
     104.263    0.627363    0.777907
     104.784    0.605608    0.820099
     105.308      0.6668    0.850929
     105.835    0.608951    0.818794
     106.364    0.608248    0.855287
     106.896    0.606984    0.789318
      107.43    0.584588    0.771251
     107.967    0.583286    0.822416
     108.507    0.525204    0.796747
      109.05    0.585672    0.769022
     109.595    0.683977    0.806855
     110.143    0.574929    0.845656
     110.693    0.616778    0.742789
     111.247    0.563412    0.821867
     111.803    0.636863    0.844794
     112.362    0.624247    0.802437
     112.924     0.59819    0.836032
     113.489    0.580109    0.858294
     114.056    0.582169    0.801586
     114.626    0.712693     0.87371
     115.199     0.59583    0.813244
     115.775    0.605132    0.727002
     116.354    0.579313    0.808942
     116.936    0.624018    0.764318
     117.521    0.641344    0.808963
     118.108    0.611385    0.781634
     118.699    0.591508    0.790122
     119.292    0.609943    0.794203
     119.889    0.667433     0.83103
     120.488    0.594343    0.813684
     121.091    0.659604    0.815981
     121.696    0.578577    0.777354
     122.305    0.610004    0.824853
     122.916    0.599213    0.837055
     123.531    0.611529    0.767584
     124.148    0.669337    0.830411
     124.769    0.564049    0.750842
     125.393    0.561212    0.796909
      126.02    0.659908     0.81181
      126.65    0.641962    0.794946
     127.283    0.625605    0.800624
      127.92     0.57432    0.738599
     128.559     0.64811    0.794778
     129.202    0.636742    0.818783
     129.848    0.614657     0.76514
     130.497    0.567109    0.779735
      131.15    0.594191    0.775284
     131.806    0.578517     0.85174
     132.465    0.598066    0.851826
     133.127    0.549832    0.825592
     133.793    0.661811    0.795267
     134.462    0.586252    0.801539
     135.134     0.56147    0.813379
      135.81    0.600949    0.820074
     136.489    0.596906    0.810305
     137.171    0.674713    0.799623
     137.857    0.636445    0.790385
     138.546    0.637544    0.837792
     139.239    0.620724    0.814204
     139.935     0.61714    0.880189
     140.635    0.567505    0.857928
     141.338    0.614393    0.843957
     142.045    0.595167    0.836722
     142.755    0.732171    0.806363
     143.469    0.595777    0.859957
     144.186    0.605585    0.847114
     144.907    0.554259    0.744473
     145.632    0.575976    0.783433
      146.36    0.588287    0.819786
     147.091    0.600744    0.787503
     147.827    0.587797    0.791992
     148.566    0.617989    0.772121
     149.309    0.596573    0.816043
     150.055    0.593714    0.807688
     150.806    0.583249    0.792077
      151.56    0.602874    0.863062
     152.318    0.605308    0.833235
     153.079    0.524071    0.788813
     153.845    0.566402    0.840738
     154.614     0.62873    0.776902
     155.387    0.600382    0.805992
     156.164    0.581549    0.834464
     156.945    0.669945    0.833195
     157.729    0.622761    0.838266
     158.518    0.592003    0.789873
     159.311    0.571131    0.765308
     160.107    0.632153    0.848344
     160.908     0.59826    0.796015
     161.712    0.592753    0.808384
     162.521    0.546627    0.759271
     163.333    0.676853    0.803816
      164.15    0.563457    0.745996
     164.971    0.659025    0.757373
     165.796    0.597886    0.832856
     166.625    0.585936    0.742472
     167.458    0.601215    0.820761
     168.295    0.609639    0.799173
     169.136    0.593252    0.798735
     169.982    0.587865    0.819385
     170.832    0.603829    0.791847
     171.686    0.622653    0.755454
     172.545    0.591039    0.819135
     173.407     0.61552    0.831965
     174.274    0.614675    0.846452
     175.146    0.592131     0.78289
     176.022    0.654682    0.825159
     176.902    0.643545    0.851673
     177.786    0.586187    0.761452
     178.675    0.649816    0.829738
     179.568    0.570702     0.85686
     180.466    0.573557    0.772112
     181.369     0.60901    0.817744
     182.275    0.652955    0.812049
     183.187    0.613331    0.818657
     184.103    0.613086    0.827432
     185.023    0.621112    0.844205
     185.948    0.586665    0.754839
     186.878    0.620082    0.807309
     187.813    0.632154    0.784525
     188.752    0.622756    0.833631
     189.695    0.604275    0.820919
     190.644    0.560367    0.738239
     191.597    0.672547    0.846733
     192.555    0.684792    0.829469
     193.518    0.575057    0.777312
     194.485    0.579915    0.811654
     195.458    0.605911    0.800952
     196.435    0.615148    0.794599
     197.417    0.619524    0.828873
     198.404    0.607334    0.802971
     199.396    0.591575    0.794283
     200.393    0.706338    0.834817
     201.395    0.660947    0.881341
     202.402    0.613737    0.833151
     203.414    0.611375     0.81299
     204.431    0.538092    0.792738
     205.454    0.602843    0.801946
     206.481    0.577383    0.756121
     207.513    0.621437    0.851551
     208.551    0.593891    0.765296
     209.594    0.611459    0.778998
     210.642    0.517597    0.827815
     211.695    0.558795     0.80604
     212.753    0.670311    0.762089
     213.817    0.614246    0.817739
     214.886    0.633128    0.830704
      215.96     0.60498    0.823304
      217.04     0.59436    0.833462
     218.126    0.560409    0.747769
     219.216    0.584089    0.791985
     220.312    0.558845    0.710879
     221.414    0.608772    0.834079
     222.521    0.582437    0.829716
     223.633    0.611847    0.799065
     224.752    0.616516    0.800272
     225.875    0.575982    0.774022
     227.005    0.585857    0.788414
      228.14    0.689293      0.8445
      229.28    0.586341    0.811758
     230.427    0.616152    0.814564
     231.579    0.579265    0.829423
     232.737    0.603329    0.811129
     233.901    0.585038    0.809416
      235.07    0.567638    0.815779
     236.245    0.603811    0.821929
     237.427    0.550915    0.827597
     238.614    0.571061     0.78116
     239.807    0.547994    0.759018
     241.006     0.58985    0.832961
     242.211    0.574739    0.827862
     243.422    0.693823    0.783415
     244.639    0.554596    0.748456
     245.862    0.568885    0.770115
     247.092     0.55441    0.814097
     248.327    0.573786    0.802336
     249.569    0.553119    0.786477
     250.817    0.566613    0.797517
     252.071    0.555296    0.816218
     253.331     0.61129     0.84086
     254.598    0.580379    0.797823
     255.871    0.592324    0.771483
      257.15      0.5963     0.83312
     258.436    0.577798    0.779396
     259.728    0.585157    0.776201
     261.027     0.56756    0.811563
     262.332    0.601084    0.801427
     263.643    0.614664    0.804626
     264.962    0.590878     0.84791
     266.286     0.58963    0.783018
     267.618    0.558788    0.763471
     268.956    0.605551    0.781782
     270.301     0.59627    0.800163
     271.652    0.653166    0.818646
      273.01    0.597527    0.815809
     274.375    0.522681    0.762265
     275.747    0.649337    0.835018
     277.126    0.604068    0.815545
     278.512     0.63689    0.824884
     279.904    0.569989    0.833398
     281.304    0.589623    0.795464
      282.71    0.569507    0.862089
     284.124    0.615537    0.773311
     285.544    0.623525    0.837055
     286.972    0.660998    0.848738
     288.407    0.593693    0.822827
     289.849    0.556383    0.788408
     291.298    0.642578    0.729821
     292.755    0.637612    0.798888
     294.219     0.59044    0.787583
      295.69    0.608752    0.793921
     297.168    0.639171    0.826692
     298.654    0.565641    0.780839
     300.147    0.686487    0.783949
     301.648    0.636966    0.808422
     303.156    0.591456    0.806175
     304.672    0.607667    0.782854
     306.195    0.582861    0.854456
     307.726    0.599697    0.849146
     309.265    0.637317    0.805232
     310.811    0.589929    0.778111
     312.365    0.586138    0.793324
     313.927      0.5817     0.77625
     315.497    0.593691    0.811098
     317.074    0.607099    0.769302
      318.66    0.658011    0.842945
     320.253    0.672792    0.803238
     321.854    0.651202     0.80253
     323.464    0.578772    0.761338
     325.081    0.594499    0.827895
     326.706    0.652453    0.872709
      328.34    0.635034    0.826396
     329.981    0.568154    0.763711
     331.631    0.522659    0.761465
      333.29    0.671878    0.854598
     334.956    0.581282    0.814647
     336.631    0.607367    0.788924
     338.314    0.656771    0.859481
     340.005    0.615666    0.804098
     341.706    0.590804    0.804772
     343.414    0.701026    0.847572
     345.131    0.540329    0.732158
     346.857    0.571953    0.862581
     348.591    0.603815    0.809468
     350.334    0.499124    0.799438
     352.086    0.626032    0.839016
     353.846    0.610046    0.723889
     355.615     0.60285    0.856441
     357.393    0.557274    0.831457
      359.18    0.589628     0.81429
     360.976    0.574021    0.803559
     362.781    0.599757    0.802224
     364.595     0.55814     0.79489
     366.418    0.582698    0.765145
      368.25    0.642464    0.771232
     370.091    0.619613    0.831643
     371.942    0.655532    0.833683
     373.802    0.603184    0.828637
     375.671    0.608785    0.815145
     377.549    0.683372    0.866832
     379.437    0.661842    0.827162
     381.334    0.576426    0.795734
     383.241    0.564626    0.777671
     385.157    0.570619    0.796354
     387.083    0.536032    0.851323
     389.018    0.549063    0.732021
     390.963    0.533054    0.765262
     392.918    0.588687    0.814369
     394.882    0.578901    0.734069
     396.857    0.598329    0.804474
     398.841    0.627625    0.811883
     400.835    0.605032    0.835403
     402.839    0.573481     0.81283
     404.854      0.6024    0.836772
     406.878    0.663505    0.822221
     408.912     0.61562    0.859655
     410.957     0.56831    0.808693
     413.012    0.611859    0.794702
     415.077    0.585232     0.76902
     417.152       0.551    0.766355
     419.238    0.580433    0.846233
     421.334    0.561436    0.741614
     423.441    0.690217    0.821331
     425.558    0.557059    0.811469
     427.686    0.566124    0.752341
     429.824    0.575791    0.794235
     431.973    0.572052    0.800512
     434.133    0.609947    0.790382
