#N_BLOCK:  bin     ave     prog ave     error:
0
2
0
0
1
0
0
0
17
29
34
61
66
152
188
291
449
710
1002
1280
1908
2491
3583
4328
5465
7105
8608
10596
12273
14482
16331
17425
19930
21719
22682
23773
24367
25254
25054
24512
24602
23128
22573
21905
20357
19706
18701
18136
17657
17638
17128
18353
18515
18902
19520
20385
21255
22307
23233
23956
24765
24911
24834
24783
23619
23123
21587
19418
18272
16216
14147
11961
10624
8291
7101
5795
4357
3344
2625
1843
1270
1055
663
406
366
165
125
76
45
22
39
10
4
11
0
0
0
0
2
0
