   #BLOCK      # VELOCITY:     AVE_POFV:        ERROR:
           1     0.10328           0           0
           1    0.309839   0.0337765           0
           1    0.516398   0.0823681           0
           1    0.722957    0.171483           0
           1    0.929516    0.198468           0
           1     1.13608    0.240448           0
           1     1.34263    0.292984           0
           1     1.54919    0.290967           0
           1     1.75575    0.316406           0
           1     1.96231    0.386066           0
           1     2.16887    0.375464           0
           1     2.37543    0.365558           0
           1     2.58199    0.310825           0
           1     2.78855    0.366499           0
           1     2.99511    0.328352           0
           1     3.20167    0.218169           0
           1     3.40823    0.221038           0
           1     3.61478    0.191811           0
           1     3.82134    0.136922           0
           1      4.0279   0.0994917           0
           1     4.23446   0.0781321           0
           1     4.44102   0.0433021           0
           1     4.64758   0.0155099           0
           1     4.85414   0.0138961           0
           1      5.0607    0.015353           0
           1     5.26726   0.0027344           0
           1     5.47382  0.00228614           0
           1     5.68038  0.00118789           0
           1     5.88693  0.00192753           0
           1     6.09349  0.00197235           0
           2     0.10328           0           0
           2    0.309839   0.0488045   0.0106264
           2    0.516398    0.109611   0.0192638
           2    0.722957    0.215737   0.0312928
           2    0.929516    0.261157   0.0443281
           2     1.13608     0.27818   0.0266809
           2     1.34263    0.350608   0.0407464
           2     1.54919    0.293903  0.00207615
           2     1.75575    0.330335  0.00984981
           2     1.96231    0.413869     0.01966
           2     2.16887    0.366689  0.00620467
           2     2.37543    0.306947   0.0414437
           2     2.58199    0.292289   0.0131067
           2     2.78855    0.309144   0.0405562
           2     2.99511    0.266705   0.0435912
           2     3.20167    0.243933   0.0182178
           2     3.40823    0.209305  0.00829667
           2     3.61478    0.163873   0.0197551
           2     3.82134    0.104736   0.0227584
           2      4.0279    0.102394  0.00205237
           2     4.23446   0.0489166   0.0206585
           2     4.44102   0.0267837   0.0116803
           2     4.64758  0.00868508  0.00482585
           2     4.85414  0.00832647  0.00393834
           2      5.0607  0.00776614   0.0053647
           2     5.26726   0.0156331  0.00912079
           2     5.47382  0.00554724  0.00230595
           2     5.68038  0.00161374 0.000301121
           2     5.88693  0.00114307 0.000554696
           2     6.09349  0.00114307 0.000586393
           3     0.10328           0           0
           3    0.309839   0.0590212   0.0109441
           3    0.516398    0.112073   0.0129989
           3    0.722957     0.21657   0.0208729
           3    0.929516    0.262771   0.0295814
           3     1.13608    0.354381   0.0647103
           3     1.34263    0.383451   0.0381705
           3     1.54919    0.320971   0.0221439
           3     1.75575    0.341598   0.0112997
           3     1.96231    0.393163   0.0213918
           3     2.16887    0.341897   0.0206614
           3     2.37543    0.299999   0.0282055
           3     2.58199    0.291086   0.0087928
           3     2.78855    0.280186   0.0359174
           3     2.99511    0.260657   0.0294773
           3     3.20167    0.215636   0.0261018
           3     3.40823    0.185386   0.0202975
           3     3.61478     0.16969   0.0140001
           3     3.82134    0.103705   0.0151956
           3      4.0279   0.0875605   0.0121887
           3     4.23446   0.0352334    0.017734
           3     4.44102   0.0207471   0.0092157
           3     4.64758  0.00999624  0.00339068
           3     4.85414  0.00588717   0.0032955
           3      5.0607  0.00519984  0.00414508
           3     5.26726   0.0104445  0.00741085
           3     5.47382  0.00469181  0.00168853
           3     5.68038   0.0026298 0.000853553
           3     5.88693  0.00196488  0.00076616
           3     6.09349 0.000769516 0.000495835
           4     0.10328           0           0
           4    0.309839   0.0575344  0.00830844
           4    0.516398    0.108894   0.0101304
           4    0.722957    0.204469   0.0188388
           4    0.929516    0.260737   0.0222559
           4     1.13608    0.357354    0.048601
           4     1.34263    0.411179    0.037366
           4     1.54919    0.334773   0.0204624
           4     1.75575    0.357472   0.0161497
           4     1.96231    0.407924   0.0205139
           4     2.16887    0.345823   0.0158647
           4     2.37543    0.307558   0.0221439
           4     2.58199    0.291101  0.00659461
           4     2.78855    0.256798   0.0337032
           4     2.99511    0.261342    0.022116
           4     3.20167     0.21098   0.0199873
           4     3.40823    0.162332   0.0251068
           4     3.61478    0.149714   0.0202367
           4     3.82134    0.106451   0.0116421
           4      4.0279   0.0870693  0.00915144
           4     4.23446   0.0303081   0.0139677
           4     4.44102   0.0198188  0.00695837
           4     4.64758   0.0085562  0.00283235
           4     4.85414   0.0159133  0.00902781
           4      5.0607  0.00836569  0.00414508
           4     5.26726   0.0138065  0.00627455
           4     5.47382   0.0090773  0.00400352
           4     5.68038  0.00241501 0.000666643
           4     5.88693  0.00151288  0.00069528
           4     6.09349 0.000621963 0.000393219
           5     0.10328           0           0
           5    0.309839   0.0504788  0.00916542
           5    0.516398   0.0987969   0.0121343
           5    0.722957     0.20274   0.0151502
           5    0.929516    0.269441   0.0194324
           5     1.13608    0.354898   0.0389428
           5     1.34263    0.409707   0.0299218
           5     1.54919    0.346726   0.0195518
           5     1.75575    0.401728   0.0416387
           5     1.96231    0.418887   0.0191175
           5     2.16887    0.353325   0.0143562
           5     2.37543    0.312757   0.0183152
           5     2.58199    0.277008    0.013665
           5     2.78855    0.259521   0.0270724
           5     2.99511    0.243066   0.0240887
           5     3.20167    0.189095   0.0252754
           5     3.40823    0.150114   0.0228661
           5     3.61478    0.137742   0.0194102
           5     3.82134    0.102778  0.00987625
           5      4.0279   0.0887514  0.00747415
           5     4.23446   0.0327455   0.0113849
           5     4.44102   0.0243272  0.00687376
           5     4.64758  0.00840491  0.00226991
           5     4.85414   0.0175719  0.00737303
           5      5.0607  0.00998728  0.00361938
           5     5.26726   0.0219693  0.00886016
           5     5.47382  0.00925213  0.00320663
           5     5.68038  0.00421815  0.00169866
           5     5.88693  0.00253716  0.00107178
           5     6.09349 0.000600671 0.000315151
           6     0.10328           0           0
           6    0.309839   0.0474784   0.0081141
           6    0.516398   0.0983599   0.0101198
           6    0.722957    0.193601   0.0151327
           6    0.929516    0.265644   0.0165606
           6     1.13608    0.344661    0.033771
           6     1.34263    0.400888   0.0262022
           6     1.54919    0.361889   0.0213792
           6     1.75575     0.41939   0.0382619
           6     1.96231    0.426521   0.0173888
           6     2.16887    0.350787   0.0121856
           6     2.37543    0.334844   0.0252882
           6     2.58199     0.30976   0.0319937
           6     2.78855     0.26564   0.0232415
           6     2.99511     0.22471   0.0261483
           6     3.20167    0.172592   0.0258959
           6     3.40823    0.141005   0.0207906
           6     3.61478    0.121826   0.0217422
           6     3.82134    0.103108  0.00823572
           6      4.0279   0.0798915   0.0102083
           6     4.23446   0.0354725  0.00980855
           6     4.44102   0.0228576  0.00588312
           6     4.64758   0.0124953  0.00418579
           6     4.85414   0.0223347  0.00752692
           6      5.0607   0.0127381  0.00392467
           6     5.26726   0.0203772  0.00752515
           6     5.47382   0.0099178  0.00274042
           6     5.68038  0.00386626  0.00145154
           6     5.88693   0.0021143 0.000972995
           6     6.09349 0.000500559 0.000278072
           7     0.10328           0           0
           7    0.309839   0.0449319  0.00734369
           7    0.516398   0.0942183  0.00948381
           7    0.722957    0.181495   0.0171423
           7    0.929516    0.256627   0.0164676
           7     1.13608    0.345152   0.0289502
           7     1.34263    0.411837   0.0246408
           7     1.54919     0.36606   0.0187274
           7     1.75575     0.42833   0.0338243
           7     1.96231    0.429918   0.0152329
           7     2.16887     0.36072   0.0139158
           7     2.37543    0.333408   0.0217163
           7     2.58199    0.337064   0.0372966
           7     2.78855    0.268698   0.0201214
           7     2.99511    0.213943   0.0245298
           7     3.20167    0.167166   0.0227577
           7     3.40823     0.13883   0.0179338
           7     3.61478    0.112382   0.0205853
           7     3.82134   0.0992836  0.00789727
           7      4.0279   0.0781673  0.00889435
           7     4.23446   0.0332482  0.00865584
           7     4.44102   0.0261689  0.00590142
           7     4.64758   0.0145301  0.00405233
           7     4.85414   0.0230279  0.00648349
           7      5.0607   0.0126634  0.00336472
           7     5.26726   0.0182987  0.00673107
           7     5.47382  0.00860023  0.00264678
           7     5.68038  0.00331394  0.00134516
           7     5.88693  0.00181226 0.000879628
           7     6.09349 0.000429051 0.000247371
           8     0.10328           0           0
           8    0.309839   0.0436411  0.00653818
           8    0.516398   0.0933562  0.00833742
           8    0.722957     0.17873   0.0152208
           8    0.929516    0.249914   0.0157177
           8     1.13608    0.351734    0.026069
           8     1.34263    0.427423   0.0260273
           8     1.54919    0.368746    0.016578
           8     1.75575    0.429239   0.0296085
           8     1.96231    0.429385   0.0133381
           8     2.16887    0.360369   0.0121808
           8     2.37543    0.330739   0.0191651
           8     2.58199    0.335726   0.0326585
           8     2.78855    0.274331   0.0183778
           8     2.99511    0.213025   0.0214807
           8     3.20167    0.174503   0.0210623
           8     3.40823    0.133123   0.0165754
           8     3.61478    0.105695   0.0190676
           8     3.82134   0.0889744   0.0118636
           8      4.0279   0.0799559  0.00796038
           8     4.23446   0.0389091   0.0092414
           8     4.44102   0.0261197  0.00516395
           8     4.64758    0.014067  0.00357215
           8     4.85414   0.0203847  0.00618841
           8      5.0607   0.0111113  0.00328265
           8     5.26726   0.0191828  0.00594747
           8     5.47382  0.00861223  0.00231596
           8     5.68038  0.00297534  0.00121889
           8     5.88693  0.00158573 0.000798312
           8     6.09349 0.000375419 0.000222188
           9     0.10328           0           0
           9    0.309839   0.0465097  0.00641018
           9    0.516398   0.0915824  0.00759738
           9    0.722957    0.177748   0.0135612
           9    0.929516    0.243867   0.0150899
           9     1.13608    0.348065   0.0234292
           9     1.34263    0.421839   0.0237268
           9     1.54919    0.379207   0.0177321
           9     1.75575    0.431783   0.0264277
           9     1.96231    0.431786   0.0120703
           9     2.16887    0.370411   0.0143831
           9     2.37543    0.333054   0.0171748
           9     2.58199    0.331517   0.0292997
           9     2.78855    0.275024   0.0163489
           9     2.99511    0.223852   0.0216512
           9     3.20167    0.176501   0.0188166
           9     3.40823     0.13078   0.0148983
           9     3.61478   0.0977111   0.0185451
           9     3.82134   0.0825898   0.0121425
           9      4.0279   0.0757363  0.00811756
           9     4.23446   0.0451325   0.0100949
           9     4.44102   0.0277375  0.00483696
           9     4.64758   0.0143568  0.00318698
           9     4.85414   0.0182293  0.00586417
           9      5.0607  0.00992153  0.00312609
           9     5.26726   0.0178334  0.00543758
           9     5.47382  0.00765532  0.00224765
           9     5.68038  0.00264475   0.0011274
           9     5.88693  0.00140953 0.000728794
           9     6.09349 0.000333706 0.000201378
          10     0.10328           0           0
          10    0.309839   0.0479506   0.0059289
          10    0.516398   0.0950315  0.00758025
          10    0.722957    0.180475   0.0124762
          10    0.929516    0.240818   0.0138857
          10     1.13608    0.341318   0.0220365
          10     1.34263    0.428456   0.0222575
          10     1.54919    0.400358   0.0256383
          10     1.75575    0.430045   0.0238421
          10     1.96231    0.428137   0.0114014
          10     2.16887    0.365318   0.0138173
          10     2.37543    0.331097   0.0155684
          10     2.58199    0.326223   0.0268439
          10     2.78855    0.269591   0.0155904
          10     2.99511    0.222273   0.0195436
          10     3.20167    0.178346   0.0170251
          10     3.40823    0.134317   0.0138219
          10     3.61478   0.0980932   0.0166945
          10     3.82134    0.081104   0.0110188
          10      4.0279    0.075837  0.00730642
          10     4.23446   0.0464175   0.0091668
          10     4.44102   0.0258109  0.00472136
          10     4.64758   0.0135398  0.00297118
          10     4.85414   0.0164647   0.0055369
          10      5.0607    0.012957  0.00402597
          10     5.26726    0.016505  0.00505347
          10     5.47382  0.00688979   0.0021493
          10     5.68038  0.00238027  0.00104522
          10     5.88693  0.00126858 0.000669407
          10     6.09349 0.000300336 0.000183984
          11     0.10328           0           0
          11    0.309839   0.0445308  0.00629946
          11    0.516398   0.0966534  0.00706252
          11    0.722957    0.181819   0.0114142
          11    0.929516    0.236216   0.0133641
          11     1.13608    0.350895   0.0220163
          11     1.34263    0.426499   0.0203199
          11     1.54919    0.409781    0.024979
          11     1.75575    0.422996   0.0226926
          11     1.96231    0.416641   0.0150857
          11     2.16887    0.366303   0.0125963
          11     2.37543    0.341331   0.0171906
          11     2.58199    0.325552   0.0244119
          11     2.78855     0.26924    0.014177
          11     2.99511    0.225125   0.0179738
          11     3.20167     0.18065   0.0156325
          11     3.40823    0.139004   0.0133363
          11     3.61478   0.0966575   0.0152385
          11     3.82134   0.0778162   0.0104961
          11      4.0279   0.0700837   0.0086145
          11     4.23446   0.0429415  0.00896834
          11     4.44102   0.0246789  0.00442579
          11     4.64758   0.0164471  0.00387043
          11     4.85414   0.0150901  0.00520136
          11      5.0607   0.0147906  0.00405608
          11     5.26726   0.0160539  0.00461415
          11     5.47382  0.00699085  0.00195628
          11     5.68038  0.00257547 0.000968254
          11     5.88693  0.00115326 0.000618406
          11     6.09349 0.000273032 0.000169272
          12     0.10328           0           0
          12    0.309839   0.0460029  0.00594402
          12    0.516398   0.0996673  0.00708794
          12    0.722957    0.185805   0.0111371
          12    0.929516    0.253307   0.0204414
          12     1.13608    0.354741   0.0205148
          12     1.34263    0.411958   0.0232542
          12     1.54919     0.40518   0.0233172
          12     1.75575    0.410391   0.0240489
          12     1.96231     0.41086   0.0148951
          12     2.16887    0.376744   0.0152722
          12     2.37543    0.346221   0.0164387
          12     2.58199    0.335662   0.0243813
          12     2.78855    0.270111   0.0130223
          12     2.99511    0.220868   0.0169727
          12     3.20167    0.181062   0.0143352
          12     3.40823    0.132333   0.0137931
          12     3.61478   0.0985672   0.0140877
          12     3.82134   0.0748635   0.0100282
          12      4.0279   0.0656461  0.00896706
          12     4.23446   0.0403361  0.00859108
          12     4.44102   0.0254258  0.00411952
          12     4.64758   0.0165465  0.00354917
          12     4.85414   0.0139988  0.00488105
          12      5.0607   0.0136458  0.00387626
          12     5.26726   0.0154688  0.00426658
          12     5.47382  0.00839931  0.00224371
          12     5.68038  0.00317519   0.0010571
          12     5.88693   0.0011412  0.00056699
          12     6.09349 0.000345535 0.000169986
          13     0.10328           0           0
          13    0.309839   0.0466641  0.00552344
          13    0.516398    0.099409  0.00654742
          13    0.722957    0.192496   0.0121249
          13    0.929516    0.258949   0.0196321
          13     1.13608    0.353789   0.0189588
          13     1.34263    0.405879   0.0222459
          13     1.54919    0.404434   0.0215355
          13     1.75575    0.405044   0.0227856
          13     1.96231    0.407932   0.0140341
          13     2.16887    0.379312   0.0143118
          13     2.37543    0.350068    0.015618
          13     2.58199    0.335959   0.0225077
          13     2.78855    0.268259   0.0121517
          13     2.99511    0.219862   0.0156969
          13     3.20167    0.183553   0.0134472
          13     3.40823    0.135815   0.0131643
          13     3.61478    0.101238   0.0132549
          13     3.82134   0.0741391  0.00928289
          13      4.0279   0.0623981  0.00884599
          13     4.23446   0.0386729  0.00808961
          13     4.44102   0.0262061  0.00387583
          13     4.64758    0.016896  0.00329332
          13     4.85414   0.0134582  0.00453543
          13      5.0607   0.0125962  0.00371749
          13     5.26726   0.0142789  0.00410095
          13     5.47382  0.00775321  0.00216214
          13     5.68038  0.00293094  0.00100361
          13     5.88693  0.00105342 0.000530127
          13     6.09349 0.000318956 0.000158974
          14     0.10328           0           0
          14    0.309839   0.0460829  0.00515939
          14    0.516398   0.0969831  0.00651368
          14    0.722957    0.192764   0.0112618
          14    0.929516    0.260408   0.0182839
          14     1.13608    0.348807   0.0182475
          14     1.34263     0.40606   0.0206576
          14     1.54919    0.409577   0.0206022
          14     1.75575    0.407075   0.0212483
          14     1.96231    0.403661   0.0136661
          14     2.16887    0.373493    0.014424
          14     2.37543    0.361221   0.0180502
          14     2.58199    0.343955   0.0222751
          14     2.78855    0.268373   0.0112842
          14     2.99511    0.220894   0.0146096
          14     3.20167    0.177244   0.0138878
          14     3.40823    0.133464   0.0124322
          14     3.61478    0.101089   0.0123089
          14     3.82134   0.0757611  0.00876039
          14      4.0279   0.0611429   0.0083027
          14     4.23446   0.0394903  0.00755296
          14     4.44102   0.0285959   0.0042727
          14     4.64758   0.0156892  0.00327175
          14     4.85414   0.0124969  0.00431214
          14      5.0607   0.0116964  0.00355917
          14     5.26726   0.0132589  0.00393281
          14     5.47382  0.00719941  0.00207742
          14     5.68038  0.00272159 0.000953507
          14     5.88693 0.000978172 0.000497572
          14     6.09349 0.000296173 0.000149243
          15     0.10328           0           0
          15    0.309839   0.0453193  0.00487162
          15    0.516398   0.0979049  0.00614431
          15    0.722957    0.191233   0.0106146
          15    0.929516    0.255762   0.0176455
          15     1.13608    0.347532   0.0170755
          15     1.34263    0.414337   0.0208732
          15     1.54919    0.409593   0.0192287
          15     1.75575    0.407549   0.0198371
          15     1.96231    0.404601   0.0127873
          15     2.16887    0.374468   0.0134953
          15     2.37543    0.365882   0.0174383
          15     2.58199    0.342356   0.0208474
          15     2.78855    0.268091   0.0105355
          15     2.99511    0.219294   0.0137229
          15     3.20167    0.173978   0.0133406
          15     3.40823    0.130274   0.0120056
          15     3.61478    0.100884     0.01149
          15     3.82134   0.0770682   0.0082733
          15      4.0279   0.0609158   0.0077523
          15     4.23446   0.0418169  0.00739909
          15     4.44102   0.0308718  0.00455383
          15     4.64758   0.0158416  0.00305718
          15     4.85414   0.0120074  0.00405235
          15      5.0607   0.0109167  0.00340624
          15     5.26726    0.012375  0.00376865
          15     5.47382  0.00671945  0.00199359
          15     5.68038  0.00254015 0.000907038
          15     5.88693  0.00091296 0.000468655
          15     6.09349 0.000276428 0.000140593
          16     0.10328           0           0
          16    0.309839   0.0437097  0.00482571
          16    0.516398    0.101754  0.00686084
          16    0.722957     0.19351   0.0101926
          16    0.929516    0.255376   0.0165469
          16     1.13608    0.343463    0.016486
          16     1.34263    0.407958   0.0205205
          16     1.54919    0.407467   0.0181441
          16     1.75575    0.416465   0.0205031
          16     1.96231     0.40999   0.0130744
          16     2.16887    0.371802   0.0129123
          16     2.37543    0.367401   0.0164144
          16     2.58199    0.342293   0.0195445
          16     2.78855    0.264078   0.0106136
          16     2.99511    0.217483   0.0129842
          16     3.20167    0.176642     0.01277
          16     3.40823    0.130986   0.0112763
          16     3.61478    0.100633   0.0107746
          16     3.82134    0.076248  0.00779678
          16      4.0279   0.0620801  0.00735468
          16     4.23446   0.0431788  0.00706089
          16     4.44102   0.0320633  0.00442235
          16     4.64758   0.0150784  0.00295983
          16     4.85414    0.011257  0.00386794
          16      5.0607   0.0102344  0.00326097
          16     5.26726   0.0116016   0.0036116
          16     5.47382  0.00629948  0.00191272
          16     5.68038  0.00238139  0.00086413
          16     5.88693   0.0008559 0.000442824
          16     6.09349 0.000259151 0.000132863
          17     0.10328           0           0
          17    0.309839    0.041397  0.00506582
          17    0.516398    0.106147  0.00773691
          17    0.722957    0.190143   0.0101339
          17    0.929516    0.257828   0.0157542
          17     1.13608     0.34327   0.0155173
          17     1.34263    0.404454   0.0196103
          17     1.54919    0.403641   0.0174755
          17     1.75575    0.418384   0.0193866
          17     1.96231    0.405235   0.0131415
          17     2.16887    0.372556   0.0121747
          17     2.37543    0.377001   0.0180392
          17     2.58199    0.345363   0.0186345
          17     2.78855    0.261881   0.0102141
          17     2.99511    0.215832    0.012325
          17     3.20167    0.175641    0.012058
          17     3.40823    0.132746   0.0107495
          17     3.61478    0.106416   0.0115892
          17     3.82134   0.0742124  0.00759921
          17      4.0279   0.0607197  0.00704674
          17     4.23446   0.0432916  0.00664644
          17     4.44102   0.0310501  0.00427673
          17     4.64758   0.0148876  0.00279187
          17     4.85414   0.0112013  0.00364082
          17      5.0607   0.0100608  0.00307376
          17     5.26726   0.0109191  0.00346303
          17     5.47382  0.00592892  0.00183575
          17     5.68038  0.00224131 0.000824575
          17     5.88693 0.000805553 0.000419628
          17     6.09349 0.000243907 0.000125919
          18     0.10328           0           0
          18    0.309839   0.0399787  0.00497896
          18    0.516398    0.106554   0.0073178
          18    0.722957     0.18644   0.0102254
          18    0.929516    0.256393   0.0149442
          18     1.13608    0.342295   0.0146858
          18     1.34263    0.402431   0.0186248
          18     1.54919     0.40102   0.0167001
          18     1.75575    0.421387   0.0185408
          18     1.96231    0.408652   0.0128478
          18     2.16887    0.379431   0.0132988
          18     2.37543    0.379515   0.0172112
          18     2.58199    0.346479   0.0176326
          18     2.78855    0.261067  0.00967909
          18     2.99511    0.214894   0.0116758
          18     3.20167    0.175293   0.0113931
          18     3.40823    0.130563   0.0103717
          18     3.61478    0.107897   0.0110395
          18     3.82134   0.0735125   0.0072092
          18      4.0279   0.0609063  0.00665773
          18     4.23446   0.0433606  0.00627755
          18     4.44102   0.0315041  0.00406316
          18     4.64758   0.0152571  0.00266111
          18     4.85414   0.0110546   0.0034415
          18      5.0607   0.0095679  0.00294226
          18     5.26726   0.0103125  0.00332335
          18     5.47382  0.00559954  0.00176307
          18     5.68038  0.00211679 0.000788111
          18     5.88693   0.0007608 0.000398694
          18     6.09349 0.000230357 0.000119651
          19     0.10328           0           0
          19    0.309839   0.0383488  0.00497656
          19    0.516398    0.106115   0.0069458
          19    0.722957    0.183883   0.0100017
          19    0.929516    0.256418   0.0141576
          19     1.13608    0.343984   0.0140097
          19     1.34263    0.402414   0.0176446
          19     1.54919     0.40234   0.0158732
          19     1.75575    0.420093     0.01761
          19     1.96231    0.413644   0.0131058
          19     2.16887    0.383036   0.0130784
          19     2.37543    0.374368   0.0170575
          19     2.58199    0.345391   0.0167381
          19     2.78855     0.25967  0.00926988
          19     2.99511    0.213556   0.0111378
          19     3.20167    0.177362   0.0109797
          19     3.40823    0.131187  0.00984463
          19     3.61478    0.109815   0.0106238
          19     3.82134   0.0742876  0.00687131
          19      4.0279   0.0613458  0.00632181
          19     4.23446   0.0437527  0.00595939
          19     4.44102   0.0310221   0.0038778
          19     4.64758   0.0154556  0.00252844
          19     4.85414   0.0107453  0.00327424
          19      5.0607   0.0091009  0.00282422
          19     5.26726  0.00976975  0.00319245
          19     5.47382  0.00530483  0.00169473
          19     5.68038  0.00200538 0.000754465
          19     5.88693 0.000720758 0.000379716
          19     6.09349 0.000218233 0.000113966
          20     0.10328           0           0
          20    0.309839   0.0378613  0.00475154
          20    0.516398    0.103952  0.00692725
          20    0.722957    0.179086   0.0105896
          20    0.929516    0.254622   0.0135632
          20     1.13608    0.352088   0.0154766
          20     1.34263    0.399577   0.0169889
          20     1.54919    0.402073   0.0150818
          20     1.75575    0.422165    0.016851
          20     1.96231    0.418558   0.0133398
          20     2.16887    0.383573   0.0124355
          20     2.37543    0.369545   0.0168728
          20     2.58199    0.344591   0.0159203
          20     2.78855    0.259397   0.0088104
          20     2.99511    0.216134   0.0108753
          20     3.20167    0.181157   0.0110673
          20     3.40823    0.132813  0.00948571
          20     3.61478    0.108767   0.0101441
          20     3.82134   0.0727451  0.00669866
          20      4.0279   0.0602543  0.00609923
          20     4.23446   0.0453316  0.00586685
          20     4.44102   0.0299305  0.00383448
          20     4.64758   0.0147086  0.00250994
          20     4.85414   0.0106339  0.00311243
          20      5.0607  0.00864585  0.00271942
          20     5.26726  0.00928126  0.00306997
          20     5.47382  0.00503959  0.00163061
          20     5.68038  0.00190511 0.000723374
          20     5.88693  0.00068472 0.000362436
          20     6.09349 0.000207321 0.000108789
