   #BLOCK      # VELOCITY:     AVE_POFV:        ERROR:
           1   0.0666667   0.0295486   0.0295486           0
           1         0.2   0.0423611   0.0423611           0
           1    0.333333     0.05125     0.05125           0
           1    0.466667   0.0693056   0.0693056           0
           1         0.6    0.157708    0.157708           0
           1    0.733333    0.116806    0.116806           0
           1    0.866667    0.247986    0.247986           0
           1           1    0.319306    0.319306           0
           1     1.13333     0.43691     0.43691           0
           1     1.26667    0.631771    0.631771           0
           1         1.4    0.516528    0.516528           0
           1     1.53333    0.642882    0.642882           0
           1     1.66667    0.576007    0.576007           0
           1         1.8    0.501285    0.501285           0
           1     1.93333    0.498229    0.498229           0
           1     2.06667    0.453194    0.453194           0
           1         2.2    0.336563    0.336563           0
           1     2.33333    0.304375    0.304375           0
           1     2.46667        0.25        0.25           0
           1         2.6    0.197708    0.197708           0
           1     2.73333     0.14809     0.14809           0
           1     2.86667    0.163646    0.163646           0
           1           3    0.229688    0.229688           0
           1     3.13333    0.127743    0.127743           0
           1     3.26667    0.127049    0.127049           0
           1         3.4    0.144514    0.144514           0
           1     3.53333   0.0866667   0.0866667           0
           1     3.66667   0.0209375   0.0209375           0
           1         3.8  0.00944444  0.00944444           0
           1     3.93333   0.0106944   0.0106944           0
           2   0.0666667 0.000486111   0.0150174   0.0102751
           2         0.2   0.0167014   0.0295312  0.00907208
           2    0.333333   0.0569444   0.0540972  0.00201329
           2    0.466667       0.125   0.0971528    0.019691
           2         0.6    0.127292      0.1425   0.0107539
           2    0.733333    0.203646    0.160226   0.0307027
           2    0.866667    0.308924    0.278455   0.0215447
           2           1    0.301528    0.310417  0.00628539
           2     1.13333    0.467326    0.452118   0.0107539
           2     1.26667    0.328333    0.480052    0.107281
           2         1.4    0.480833    0.498681   0.0126199
           2     1.53333    0.486111    0.564497   0.0554269
           2     1.66667    0.706736    0.641372   0.0462197
           2         1.8    0.655556     0.57842    0.054543
           2     1.93333    0.591076    0.544653   0.0328265
           2     2.06667    0.441875    0.447535  0.00400203
           2         2.2    0.276667    0.306615   0.0211764
           2     2.33333    0.295451    0.299913  0.00315497
           2     2.46667    0.189444    0.219722   0.0214096
           2         2.6    0.186806    0.192257  0.00385471
           2     2.73333    0.263646    0.205868   0.0408551
           2     2.86667    0.223056    0.193351   0.0210045
           2           3    0.141875    0.185781   0.0310464
           2     3.13333    0.259062    0.193403   0.0464284
           2     3.26667    0.103611     0.11533  0.00828641
           2         3.4   0.0918403    0.118177   0.0186229
           2     3.53333   0.0822569   0.0844618  0.00155907
           2     3.66667   0.0554861   0.0382118   0.0122148
           2         3.8   0.0262153   0.0178299  0.00592938
           2     3.93333  0.00621528  0.00845486  0.00158362
           3   0.0666667           0   0.0100116  0.00797678
           3         0.2    0.010625   0.0232292  0.00794081
           3    0.333333   0.0440625   0.0507523  0.00304309
           3    0.466667   0.0774653   0.0905903   0.0141788
           3         0.6    0.140903    0.141968  0.00718244
           3    0.733333    0.218958    0.179803   0.0259707
           3    0.866667     0.33184     0.29625   0.0204306
           3           1    0.349375    0.323403   0.0114011
           3     1.13333     0.45566    0.453299  0.00723379
           3     1.26667    0.442639    0.467581   0.0722421
           3         1.4    0.456632    0.484664    0.014204
           3     1.53333    0.625243    0.584745   0.0404813
           3     1.66667    0.682257       0.655   0.0327609
           3         1.8    0.499236    0.552025   0.0422687
           3     1.93333    0.500625    0.529977   0.0249502
           3     2.06667    0.413785    0.436285  0.00956521
           3         2.2    0.233194    0.282141   0.0244664
           3     2.33333    0.241146    0.280324   0.0161322
           3     2.46667    0.226111    0.221852   0.0143786
           3         2.6    0.311701    0.232072   0.0326101
           3     2.73333    0.334479    0.248738   0.0443518
           3     2.86667    0.206944    0.197882   0.0144835
           3           3    0.169722    0.180428   0.0211541
           3     3.13333    0.160208    0.182338   0.0322438
           3     3.26667   0.0508333    0.093831   0.0184025
           3         3.4    0.111493    0.115949   0.0125479
           3     3.53333   0.0805903   0.0831713  0.00148006
           3     3.66667   0.0566667   0.0443634  0.00956764
           3         3.8   0.0299306   0.0218634   0.0051451
           3     3.93333   0.0137847   0.0102315  0.00179412
           4   0.0666667 0.000486111  0.00763021  0.00632808
           4         0.2  0.00395833   0.0184115  0.00727166
           4    0.333333   0.0448958   0.0492882  0.00261089
           4    0.466667    0.106979   0.0946875   0.0112104
           4         0.6    0.156701    0.145651   0.0062605
           4    0.733333    0.232222    0.192908   0.0225432
           4    0.866667      0.2825    0.292812   0.0156095
           4           1    0.361701    0.332977    0.011911
           4     1.13333    0.308056    0.416988   0.0319106
           4     1.26667    0.521076    0.480955   0.0554057
           4         1.4    0.490972    0.486241   0.0107401
           4     1.53333    0.643472    0.599427   0.0329159
           4     1.66667    0.526632    0.622908   0.0370964
           4         1.8    0.434479    0.522639    0.040653
           4     1.93333    0.408715    0.499661   0.0322402
           4     2.06667     0.40809    0.429236  0.00941951
           4         2.2    0.365313    0.302934   0.0257094
           4     2.33333    0.373368    0.303585   0.0234988
           4     2.46667     0.33691    0.250616   0.0271448
           4         2.6    0.262292    0.239627   0.0253176
           4     2.73333    0.312813    0.264757   0.0360407
           4     2.86667    0.182813    0.194115    0.011342
           4           3    0.137986    0.169818   0.0183345
           4     3.13333    0.138576    0.171398   0.0259727
           4     3.26667    0.208056    0.122387    0.028321
           4         3.4    0.113472     0.11533  0.00942616
           4     3.53333   0.0753819    0.081224  0.00201899
           4     3.66667   0.0262847   0.0398437  0.00817384
           4         3.8   0.0141319   0.0199306  0.00420625
           4     3.93333  0.00920139  0.00997396  0.00136395
           5   0.0666667 0.000173611  0.00613889  0.00523524
           5         0.2   0.0142361   0.0175764  0.00586508
           5    0.333333   0.0538889   0.0502083    0.002245
           5    0.466667    0.166563    0.109063   0.0156762
           5         0.6    0.198403    0.156201   0.0106833
           5    0.733333    0.261597    0.206646   0.0218226
           5    0.866667    0.308021    0.295854   0.0127805
           5           1    0.399792     0.34634   0.0152856
           5     1.13333    0.423785    0.418347   0.0255574
           5     1.26667    0.392326    0.463229   0.0470747
           5         1.4    0.434097    0.475812    0.012682
           5     1.53333    0.604062    0.600354   0.0263457
           5     1.66667    0.443889    0.587104   0.0436607
           5         1.8    0.448264    0.507764   0.0351386
           5     1.93333    0.355417    0.470812   0.0364835
           5     2.06667    0.500243    0.443437   0.0147692
           5         2.2    0.343194    0.310986    0.021792
           5     2.33333     0.36184    0.315236   0.0214942
           5     2.46667    0.322431    0.264979   0.0252311
           5         2.6    0.348924    0.261486   0.0281513
           5     2.73333    0.257188    0.263243   0.0288643
           5     2.86667    0.180937    0.191479  0.00937481
           5           3      0.2125    0.178354   0.0165359
           5     3.13333    0.106215    0.158361   0.0238263
           5     3.26667    0.147882    0.127486   0.0231113
           5         3.4    0.103021    0.112868  0.00785582
           5     3.53333   0.0238542     0.06975   0.0103889
           5     3.66667   0.0110069   0.0340764  0.00832883
           5         3.8   0.0172917   0.0194028  0.00339795
           5     3.93333   0.0188194   0.0117431  0.00192208
           6   0.0666667 0.000173611  0.00514468   0.0044561
           6         0.2  0.00329861   0.0151968  0.00534857
           6    0.333333  0.00899306   0.0433391  0.00654383
           6    0.466667    0.124653    0.111661   0.0132771
           6         0.6    0.187639    0.161441   0.0101062
           6    0.733333    0.200278    0.205584   0.0182113
           6    0.866667     0.28875     0.29467   0.0107051
           6           1    0.336354    0.344676   0.0128283
           6     1.13333    0.420694    0.418738   0.0213009
           6     1.26667    0.516979    0.472187   0.0400722
           6         1.4       0.615     0.49901   0.0236673
           6     1.53333    0.690764    0.615422    0.025908
           6     1.66667    0.376736    0.552043   0.0484583
           6         1.8    0.363889    0.483785   0.0365597
           6     1.93333    0.431319     0.46423    0.030991
           6     2.06667    0.407257    0.437407   0.0134826
           6         2.2    0.421806    0.329456   0.0247804
           6     2.33333    0.372535    0.324786   0.0199207
           6     2.46667    0.252083     0.26283   0.0211173
           6         2.6    0.247674    0.259184   0.0235533
           6     2.73333    0.253368    0.261597   0.0241005
           6     2.86667    0.260069    0.202911    0.013036
           6           3    0.182292     0.17901   0.0137929
           6     3.13333    0.179514    0.161887   0.0201144
           6     3.26667      0.2025    0.139988   0.0223871
           6         3.4   0.0698611      0.1057   0.0092559
           6     3.53333   0.0126736   0.0602373   0.0122622
           6     3.66667  0.00256944   0.0288252  0.00843517
           6         3.8  0.00232639   0.0165567  0.00384294
           6     3.93333   0.0186111   0.0128877  0.00191245
           7   0.0666667  0.00451389  0.00505456  0.00382043
           7         0.2  0.00763889   0.0141171   0.0046922
           7    0.333333   0.0564931   0.0452183  0.00587261
           7    0.466667    0.093125    0.109013   0.0116414
           7         0.6    0.139028    0.158239  0.00915566
           7    0.733333    0.202465    0.205139   0.0156152
           7    0.866667      0.3725    0.305789   0.0137898
           7           1     0.52625    0.370615   0.0264126
           7     1.13333    0.384062    0.413785   0.0188251
           7     1.26667    0.427292    0.465774   0.0348571
           7         1.4    0.507014    0.500154   0.0203139
           7     1.53333    0.600972    0.613358   0.0222889
           7     1.66667     0.53066    0.548988   0.0416319
           7         1.8    0.531458    0.490595   0.0319649
           7     1.93333    0.562986    0.478338   0.0296012
           7     2.06667    0.440347    0.437827    0.011563
           7         2.2    0.343715    0.331493   0.0213239
           7     2.33333    0.294965    0.320526   0.0175245
           7     2.46667    0.249792    0.260967   0.0181825
           7         2.6    0.242569    0.256811   0.0203078
           7     2.73333    0.162986     0.24751   0.0244302
           7     2.86667    0.129653    0.192445   0.0147895
           7           3    0.171285    0.177907   0.0118666
           7     3.13333   0.0812847    0.150372   0.0202705
           7     3.26667   0.0699306     0.12998   0.0213089
           7         3.4   0.0682639    0.100352  0.00935191
           7     3.53333   0.0228819   0.0549008   0.0116138
           7     3.66667    0.041875   0.0306895   0.0074333
           7         3.8   0.0317708   0.0187302  0.00385994
           7     3.93333   0.0323611   0.0156696  0.00305296
           8   0.0666667 0.000486111  0.00448351  0.00338529
           8         0.2   0.0507986   0.0187023  0.00593739
           8    0.333333   0.0972569   0.0517231  0.00796419
           8    0.466667    0.126736    0.111228   0.0103949
           8         0.6    0.199375    0.163381  0.00934422
           8    0.733333    0.161042    0.199627   0.0146038
           8    0.866667    0.256181    0.299588   0.0133879
           8           1      0.4025    0.374601   0.0234098
           8     1.13333    0.407465    0.412995   0.0164885
           8     1.26667    0.425486    0.460738   0.0308616
           8         1.4    0.555278    0.507044   0.0189072
           8     1.53333    0.548437    0.605243    0.020928
           8     1.66667     0.47434    0.539657    0.037459
           8         1.8     0.52625    0.495052   0.0282783
           8     1.93333    0.395069     0.46793   0.0276706
           8     2.06667    0.381424    0.430777   0.0120774
           8         2.2    0.450972    0.346428   0.0233089
           8     2.33333    0.275208    0.314861   0.0162236
           8     2.46667    0.359375    0.273268   0.0196346
           8         2.6    0.214201    0.251484   0.0184546
           8     2.73333    0.333646    0.258277   0.0236303
           8     2.86667    0.191354    0.192309   0.0129415
           8           3     0.17375    0.177387   0.0103946
           8     3.13333   0.0765972     0.14115   0.0197231
           8     3.26667   0.0550347    0.120612   0.0206019
           8         3.4   0.0721528   0.0968273  0.00882225
           8     3.53333   0.0339236   0.0522786   0.0104539
           8     3.66667   0.0363194   0.0313932  0.00653737
           8         3.8   0.0940972    0.028151  0.00943748
           8     3.93333   0.0545139   0.0205252  0.00526927
           9   0.0666667   0.0457639  0.00907022  0.00526833
           9         0.2   0.0454861   0.0216782  0.00597715
           9    0.333333    0.116597   0.0589313  0.00981334
           9    0.466667    0.158507    0.116481   0.0104836
           9         0.6    0.275382    0.175826   0.0143753
           9    0.733333    0.226076    0.202566   0.0132736
           9    0.866667    0.223333    0.291115   0.0143328
           9           1    0.394618    0.376825   0.0209141
           9     1.13333    0.454583    0.417616   0.0152903
           9     1.26667    0.284479    0.441154   0.0330677
           9         1.4    0.310243    0.485177   0.0265986
           9     1.53333    0.636146    0.608677   0.0188823
           9     1.66667    0.582917    0.544464   0.0336038
           9         1.8    0.417708    0.486458   0.0264098
           9     1.93333    0.376771    0.457801   0.0263848
           9     2.06667    0.364618    0.423426   0.0127782
           9         2.2    0.519896    0.365702    0.027559
           9     2.33333    0.254896    0.308198   0.0157298
           9     2.46667    0.433403    0.291061   0.0242077
           9         2.6    0.346528    0.262045   0.0191891
           9     2.73333    0.226215    0.254715   0.0212715
           9     2.86667    0.285833    0.202701   0.0151102
           9           3    0.182813     0.17799  0.00925712
           9     3.13333    0.118715    0.138657   0.0176885
           9     3.26667   0.0452083    0.112234   0.0199438
           9         3.4   0.0445139   0.0910147  0.00956709
           9     3.53333   0.0338542   0.0502315  0.00949065
           9     3.66667    0.024375   0.0306134  0.00585732
           9         3.8  0.00420139     0.02549  0.00875601
           9     3.93333  0.00666667   0.0189853  0.00490363
          10   0.0666667   0.0171528  0.00987847   0.0048031
          10         0.2   0.0285069   0.0223611   0.0054183
          10    0.333333    0.151076   0.0681458   0.0124266
          10    0.466667    0.134757    0.118309  0.00959322
          10         0.6    0.184028    0.176646   0.0129611
          10    0.733333    0.286215    0.210931   0.0143418
          10    0.866667    0.171007    0.279104   0.0172113
          10           1    0.333264    0.372469    0.019271
          10     1.13333    0.384062     0.41426   0.0141246
          10     1.26667    0.427326    0.439771   0.0297898
          10         1.4    0.475451    0.484205   0.0239565
          10     1.53333    0.494757    0.597285   0.0201394
          10     1.66667    0.450243    0.535042   0.0315367
          10         1.8    0.457569    0.483569   0.0239263
          10     1.93333    0.380382    0.450059   0.0248562
          10     2.06667    0.436597    0.424743   0.0115681
          10         2.2    0.512743    0.380406   0.0284566
          10     2.33333    0.387187    0.316097   0.0160178
          10     2.46667    0.495035    0.311458   0.0291396
          10         2.6    0.270139    0.262854   0.0172873
          10     2.73333    0.269028    0.256146   0.0191925
          10     2.86667    0.113056    0.193736   0.0160394
          10           3    0.193889     0.17958  0.00846683
          10     3.13333    0.112153    0.136007    0.016117
          10     3.26667     0.03875    0.104885   0.0192557
          10         3.4     0.04875   0.0867882  0.00949818
          10     3.53333   0.0614931   0.0513576  0.00860814
          10     3.66667    0.135312   0.0410833   0.0112449
          10         3.8   0.0248958   0.0254306  0.00788061
          10     3.93333   0.0129514   0.0183819  0.00445024
          11   0.0666667  0.00427083  0.00936869  0.00439342
          11         0.2   0.0152083   0.0217109  0.00496459
          11    0.333333   0.0955208   0.0706345   0.0115434
          11    0.466667   0.0936806     0.11607  0.00897858
          11         0.6    0.233819    0.181843   0.0127826
          11    0.733333    0.215278    0.211326   0.0130434
          11    0.866667    0.254097    0.276831   0.0157961
          11           1    0.269271    0.363087   0.0196706
          11     1.13333    0.296493    0.403554   0.0164037
          11     1.26667    0.494583    0.444754   0.0274953
          11         1.4    0.640174    0.498384   0.0256335
          11     1.53333    0.508681     0.58923   0.0198542
          11     1.66667    0.526875    0.534299   0.0286785
          11         1.8    0.605174    0.494624   0.0241706
          11     1.93333    0.468021    0.451692   0.0226502
          11     2.06667    0.398194     0.42233   0.0107652
          11         2.2     0.37625    0.380028   0.0258722
          11     2.33333    0.330035    0.317364   0.0146116
          11     2.46667    0.298646    0.310294   0.0265138
          11         2.6    0.250347    0.261717   0.0157531
          11     2.73333    0.281146    0.258419   0.0175817
          11     2.86667    0.240104    0.197951   0.0151251
          11           3    0.183194    0.179908   0.0077035
          11     3.13333    0.141042    0.136465   0.0146583
          11     3.26667   0.0674653    0.101484   0.0178031
          11         3.4     0.04625   0.0831029  0.00932228
          11     3.53333   0.0425347   0.0505556  0.00786286
          11     3.66667   0.0768056   0.0443308   0.0106812
          11         3.8   0.0188194   0.0248295  0.00718707
          11     3.93333   0.0170833   0.0182639  0.00404723
          12   0.0666667  0.00774306  0.00923322  0.00402939
          12         0.2  0.00979167   0.0207176  0.00464918
          12    0.333333   0.0486458   0.0688021   0.0107259
          12    0.466667    0.122639    0.116617  0.00824704
          12         0.6    0.185694    0.182164   0.0117214
          12    0.733333    0.249444    0.214502   0.0123372
          12    0.866667    0.310313    0.279621   0.0147241
          12           1    0.295347    0.357442    0.018824
          12     1.13333    0.508958    0.412338   0.0172286
          12     1.26667    0.427361    0.443304   0.0252422
          12         1.4    0.416076    0.491525   0.0243978
          12     1.53333    0.429375    0.575909   0.0222237
          12     1.66667    0.571632     0.53741   0.0264568
          12         1.8    0.547222    0.499008   0.0225503
          12     1.93333    0.467569    0.453015   0.0208013
          12     2.06667    0.413889    0.421626  0.00989109
          12         2.2    0.396979    0.381441   0.0237547
          12     2.33333    0.409965    0.325081   0.0152966
          12     2.46667    0.383021    0.316354   0.0249874
          12         2.6    0.235104    0.259499   0.0145956
          12     2.73333    0.200868    0.253623   0.0167579
          12     2.86667    0.233819     0.20094   0.0141569
          12           3    0.191667    0.180888  0.00712358
          12     3.13333    0.138438    0.136629   0.0134377
          12     3.26667   0.0810417   0.0997801   0.0164008
          12         3.4   0.0451736   0.0799421  0.00906544
          12     3.53333   0.0692361   0.0521123  0.00736011
          12     3.66667   0.0395833   0.0439352  0.00979845
          12         3.8   0.0356944    0.025735  0.00664493
          12     3.93333   0.0128125   0.0178096  0.00373537
          13   0.0666667   0.0185764  0.00995192  0.00378299
          13         0.2   0.0115625   0.0200134  0.00434456
          13    0.333333   0.0643403   0.0684589  0.00990635
          13    0.466667    0.160208    0.119971  0.00826626
          13         0.6   0.0882292    0.174939   0.0128555
          13    0.733333    0.182083    0.212009   0.0116375
          13    0.866667    0.139514    0.268843   0.0170865
          13           1    0.232569    0.347837   0.0196747
          13     1.13333    0.511389    0.419957   0.0175073
          13     1.26667    0.492535    0.447091   0.0235828
          13         1.4      0.5125    0.493138   0.0225743
          13     1.53333    0.584201    0.576546   0.0205234
          13     1.66667    0.480208     0.53301   0.0247849
          13         1.8    0.653576    0.510897   0.0237442
          13     1.93333    0.495035    0.456247   0.0194507
          13     2.06667    0.400208    0.419979  0.00926644
          13         2.2    0.336806    0.378007   0.0221742
          13     2.33333    0.378542    0.329193   0.0146623
          13     2.46667    0.371632    0.320606   0.0234243
          13         2.6    0.342882    0.265913   0.0148153
          13     2.73333    0.338264    0.260134   0.0166858
          13     2.86667    0.274306    0.206584   0.0141481
          13           3    0.217639    0.183715  0.00711447
          13     3.13333   0.0911111    0.133128   0.0128521
          13     3.26667   0.0272569   0.0942014     0.01606
          13         3.4  0.00708333   0.0743376  0.00995086
          13     3.53333   0.0807639   0.0543162  0.00711629
          13     3.66667  0.00697917   0.0410924  0.00944811
          13         3.8           0   0.0237553  0.00642189
          13     3.93333           0   0.0164396  0.00369072
          14   0.0666667 0.000208333  0.00925595  0.00357622
          14         0.2  0.00229167   0.0187475  0.00421461
          14    0.333333   0.0889236   0.0699206  0.00930597
          14    0.466667    0.134132    0.120982  0.00773746
          14         0.6     0.15375    0.173425    0.012026
          14    0.733333    0.178924    0.209645   0.0110436
          14    0.866667    0.233715    0.266334   0.0160492
          14           1    0.385174    0.350503   0.0184492
          14     1.13333    0.461146    0.422899   0.0165021
          14     1.26667    0.525069    0.452661   0.0225465
          14         1.4    0.506146    0.494067    0.020981
          14     1.53333     0.52184    0.572639   0.0194259
          14     1.66667    0.367639    0.521198   0.0256755
          14         1.8    0.453299    0.506783   0.0224018
          14     1.93333    0.455417    0.456188   0.0180614
          14     2.06667    0.401424    0.418653  0.00869881
          14         2.2    0.311944    0.373289   0.0210864
          14     2.33333    0.512361    0.342277   0.0185558
          14     2.46667    0.326389    0.321019   0.0217548
          14         2.6    0.356563    0.272388   0.0151059
          14     2.73333    0.407049    0.270627   0.0185019
          14     2.86667    0.323681    0.214948   0.0154128
          14           3    0.147535    0.181131  0.00706009
          14     3.13333   0.0658681    0.128323   0.0128006
          14     3.26667   0.0686806   0.0923785    0.015016
          14         3.4   0.0179861   0.0703125   0.0100211
          14     3.53333   0.0171528   0.0516617  0.00708581
          14     3.66667   0.0195833   0.0395561  0.00889728
          14         3.8   0.0339931   0.0244866  0.00600468
          14     3.93333   0.0161806   0.0164211  0.00342714
          15   0.0666667  0.00565972   0.0090162  0.00334584
          15         0.2   0.0331944   0.0197106  0.00404218
          15    0.333333    0.112431   0.0727546  0.00910688
          15    0.466667    0.125347    0.121273   0.0072271
          15         0.6    0.148715    0.171778   0.0113365
          15    0.733333    0.261667    0.213113   0.0108382
          15    0.866667    0.354132    0.272187    0.016011
          15           1    0.487187    0.359616   0.0193391
          15     1.13333     0.43184    0.423495   0.0154127
          15     1.26667    0.245729    0.438866   0.0249089
          15         1.4    0.534062    0.496734   0.0197509
          15     1.53333     0.44066     0.56384   0.0200245
          15     1.66667    0.434271    0.515403   0.0246091
          15         1.8    0.305313    0.493352   0.0246076
          15     1.93333    0.358333    0.449664   0.0179969
          15     2.06667    0.379479    0.416042  0.00850189
          15         2.2    0.425972    0.376801    0.019971
          15     2.33333    0.545069    0.355796   0.0216917
          15     2.46667    0.347083    0.322757   0.0203737
          15         2.6    0.340347    0.276919   0.0147626
          15     2.73333    0.262604    0.270093   0.0172762
          15     2.86667        0.24    0.216618   0.0144755
          15           3    0.236736    0.184838  0.00749974
          15     3.13333    0.124132    0.128044   0.0119503
          15     3.26667   0.0510764    0.089625   0.0142651
          15         3.4   0.0447569   0.0686088  0.00949679
          15     3.53333    0.053125   0.0517593  0.00661409
          15     3.66667   0.0492014   0.0401991  0.00832733
          15         3.8   0.0536111   0.0264282  0.00590995
          15     3.93333   0.0190278   0.0165949  0.00320307
          16   0.0666667 0.000173611  0.00846354  0.00318204
          16         0.2     0.02625   0.0201194  0.00381015
          16    0.333333    0.106319   0.0748524  0.00877599
          16    0.466667   0.0844792    0.118974  0.00713189
          16         0.6   0.0918403    0.166782   0.0116771
          16    0.733333    0.137917    0.208414   0.0111333
          16    0.866667     0.25125    0.270879   0.0150637
          16           1    0.268646     0.35393   0.0189478
          16     1.13333    0.479201    0.426977   0.0148375
          16     1.26667    0.504792    0.442986   0.0236904
          16         1.4    0.561354    0.500773   0.0189249
          16     1.53333    0.478472    0.558505   0.0194708
          16     1.66667     0.43934    0.510649   0.0235257
          16         1.8    0.647118    0.502962   0.0248756
          16     1.93333    0.438299    0.448954   0.0168862
          16     2.06667    0.450729     0.41821  0.00824231
          16         2.2    0.570556    0.388911   0.0220912
          16     2.33333    0.401354    0.358644    0.020522
          16     2.46667    0.366771    0.325508   0.0192852
          16         2.6    0.307083    0.278804   0.0139598
          16     2.73333    0.314271    0.272854   0.0164156
          16     2.86667   0.0997917    0.209316   0.0153019
          16           3    0.109583    0.180135  0.00837703
          16     3.13333   0.0854861    0.125384   0.0114956
          16     3.26667   0.0905556   0.0896832   0.0133737
          16         3.4   0.0367014   0.0666146  0.00911021
          16     3.53333   0.0337153   0.0506315  0.00629612
          16     3.66667   0.0229861   0.0391233  0.00787606
          16         3.8    0.018125   0.0259093  0.00556332
          16     3.93333  0.00510417   0.0158767  0.00308234
          17   0.0666667  0.00552083  0.00829044  0.00299956
          17         0.2     0.03375   0.0209212  0.00366942
          17    0.333333   0.0624306   0.0741217  0.00829012
          17    0.466667      0.1175    0.118887  0.00671289
          17         0.6    0.164097    0.166624   0.0109913
          17    0.733333    0.247326    0.210703   0.0107111
          17    0.866667    0.261285    0.270315   0.0141882
          17           1    0.298125    0.350647   0.0181153
          17     1.13333    0.271528    0.417833   0.0165441
          17     1.26667    0.303993     0.43481   0.0236657
          17         1.4    0.475486    0.499285     0.01787
          17     1.53333    0.487604    0.554334   0.0187668
          17     1.66667    0.527257    0.511626   0.0221621
          17         1.8    0.623924    0.510078   0.0244087
          17     1.93333    0.621597    0.459109   0.0186989
          17     2.06667    0.627639    0.430529   0.0142484
          17         2.2    0.415451    0.390472   0.0208469
          17     2.33333    0.298333    0.355096   0.0196191
          17     2.46667    0.303368    0.324205   0.0181947
          17         2.6    0.327257    0.281654   0.0134264
          17     2.73333    0.246771    0.271319   0.0155215
          17     2.86667    0.271528    0.212976   0.0148329
          17           3    0.190104    0.180721  0.00790476
          17     3.13333   0.0817014    0.122815   0.0111028
          17     3.26667   0.0628472   0.0881046   0.0126798
          17         3.4   0.0190972   0.0638194  0.00899289
          17     3.53333  0.00815972   0.0481332  0.00640228
          17     3.66667  0.00743056    0.037259  0.00763021
          17         3.8   0.0547569   0.0276062  0.00548876
          17     3.93333  0.00739583   0.0153779  0.00294112
          18   0.0666667  0.00142361  0.00790895  0.00285708
          18         0.2  0.00996528   0.0203125  0.00351568
          18    0.333333   0.0474653   0.0726408  0.00796073
          18    0.466667   0.0733333    0.116356  0.00680029
          18         0.6    0.235069    0.170426   0.0110188
          18    0.733333    0.189826    0.209543   0.0101787
          18    0.866667    0.310764    0.272562   0.0135768
          18           1    0.347743    0.350486   0.0171096
          18     1.13333    0.357951    0.414506    0.015956
          18     1.26667    0.376701    0.431582     0.02257
          18         1.4    0.357639    0.491416   0.0185291
          18     1.53333    0.539479    0.553509   0.0177424
          18     1.66667    0.502118    0.511098   0.0209372
          18         1.8    0.568611    0.513329   0.0232683
          18     1.93333     0.58941    0.466348   0.0190097
          18     2.06667    0.512014    0.435056   0.0141577
          18         2.2    0.532361    0.398355   0.0211265
          18     2.33333    0.322049     0.35326   0.0186148
          18     2.46667    0.376701    0.327122   0.0174161
          18         2.6    0.246215    0.279686   0.0128241
          18     2.73333    0.254965    0.270411   0.0146857
          18     2.86667    0.259063    0.215536   0.0142281
          18           3    0.112639    0.176939  0.00832146
          18     3.13333   0.0878819    0.120874   0.0106543
          18     3.26667   0.0902083   0.0882215   0.0119759
          18         3.4   0.0581597    0.063505  0.00849878
          18     3.53333   0.0319097   0.0472319  0.00610971
          18     3.66667   0.0126042   0.0358893  0.00732822
          18         3.8  0.00822917   0.0265297  0.00528834
          18     3.93333 0.000694444   0.0145621  0.00288864
          19   0.0666667 0.000520833   0.0075201  0.00273304
          19         0.2   0.0110417   0.0198246  0.00336434
          19    0.333333   0.0264236   0.0702083  0.00790465
          19    0.466667   0.0966319    0.115318  0.00652113
          19         0.6    0.279271    0.176155   0.0118347
          19    0.733333    0.181979    0.208092  0.00974578
          19    0.866667    0.288681     0.27341   0.0128887
          19           1    0.214757    0.343342   0.0176375
          19     1.13333    0.410417    0.414291   0.0151176
          19     1.26667    0.445417     0.43231   0.0213939
          19         1.4    0.355764    0.484276   0.0188793
          19     1.53333    0.464479    0.548823   0.0174163
          19     1.66667    0.518576    0.511491   0.0198389
          19         1.8     0.56559     0.51608   0.0222056
          19     1.93333     0.58375    0.472527   0.0189869
          19     2.06667     0.55309    0.441268   0.0147126
          19         2.2    0.423299    0.399667   0.0200554
          19     2.33333    0.361493    0.353693   0.0176401
          19     2.46667     0.39066    0.330466   0.0168174
          19         2.6    0.246771    0.277953   0.0122656
          19     2.73333    0.253021    0.269496   0.0139413
          19     2.86667    0.229931    0.216294   0.0134994
          19           3    0.192396    0.177752  0.00792315
          19     3.13333   0.0916319    0.119335   0.0102041
          19     3.26667   0.0658333   0.0870431   0.0114034
          19         3.4   0.0413889    0.062341   0.0081308
          19     3.53333   0.0620833   0.0480135  0.00583793
          19     3.66667   0.0628472   0.0373081  0.00707855
          19         3.8   0.0478472   0.0276517  0.00512765
          19     3.93333   0.0134375   0.0145029  0.00273721
          20   0.0666667  0.00486111  0.00738715  0.00259962
          20         0.2   0.0147917   0.0195729  0.00320552
          20    0.333333   0.0189236   0.0676441  0.00791441
          20    0.466667   0.0769792    0.113401   0.0064707
          20         0.6    0.210035    0.177849   0.0113636
          20    0.733333    0.224549    0.208915  0.00929316
          20    0.866667    0.390833    0.279281   0.0135155
          20           1    0.248958    0.338623   0.0173755
          20     1.13333    0.344271     0.41079   0.0147616
          20     1.26667    0.490937    0.435241    0.020524
          20         1.4    0.611979    0.490661   0.0189844
          20     1.53333    0.472187    0.544991   0.0169618
          20     1.66667    0.525694    0.512201   0.0188597
          20         1.8    0.419722    0.511262   0.0216117
          20     1.93333    0.500625    0.473932   0.0180895
          20     2.06667    0.541875    0.446299   0.0148119
          20         2.2    0.485972    0.403983   0.0195113
          20     2.33333    0.347257    0.353372   0.0167611
          20     2.46667    0.282431    0.328064   0.0161471
          20         2.6    0.251771    0.276644   0.0117219
          20     2.73333    0.168854    0.264464   0.0141232
          20     2.86667    0.221285    0.216543   0.0128268
          20           3    0.148472    0.176288  0.00766105
          20     3.13333    0.126458    0.119691  0.00970009
          20     3.26667    0.141528   0.0897674   0.0111539
          20         3.4   0.0720486   0.0628264  0.00773874
          20     3.53333   0.0904861   0.0501372   0.0059197
          20     3.66667   0.0379167   0.0373385  0.00672468
          20         3.8   0.0196875   0.0272535   0.0048867
          20     3.93333  0.00305556   0.0139306  0.00265952
