   #BLOCK      # VELOCITY:     AVE_POFV:        ERROR:
           1   0.0666667           0           0           0
           1         0.2  0.00416667  0.00416667           0
           1    0.333333   0.0232639   0.0232639           0
           1    0.466667   0.0641319   0.0641319           0
           1         0.6   0.0975694   0.0975694           0
           1    0.733333    0.100486    0.100486           0
           1    0.866667     0.15625     0.15625           0
           1           1    0.153299    0.153299           0
           1     1.13333    0.229167    0.229167           0
           1     1.26667    0.273993    0.273993           0
           1         1.4    0.334375    0.334375           0
           1     1.53333     0.31184     0.31184           0
           1     1.66667    0.318333    0.318333           0
           1         1.8    0.354201    0.354201           0
           1     1.93333    0.392535    0.392535           0
           1     2.06667    0.389549    0.389549           0
           1         2.2    0.336042    0.336042           0
           1     2.33333    0.365104    0.365104           0
           1     2.46667    0.630694    0.630694           0
           1         2.6    0.638889    0.638889           0
           1     2.73333    0.410347    0.410347           0
           1     2.86667    0.355382    0.355382           0
           1           3    0.344097    0.344097           0
           1     3.13333    0.259167    0.259167           0
           1     3.26667    0.213125    0.213125           0
           1         3.4    0.144167    0.144167           0
           1     3.53333    0.174479    0.174479           0
           1     3.66667   0.0992014   0.0992014           0
           1         3.8   0.0915278   0.0915278           0
           1     3.93333   0.0658681   0.0658681           0
           2   0.0666667   0.0119444  0.00597222    0.004223
           2         0.2   0.0204861   0.0123264  0.00576979
           2    0.333333   0.0448958   0.0340799  0.00764805
           2    0.466667    0.130451   0.0972917   0.0234475
           2         0.6    0.146597    0.122083   0.0173339
           2    0.733333    0.146424    0.123455   0.0162414
           2    0.866667    0.168403    0.162326  0.00429666
           2           1    0.261771    0.207535   0.0383507
           2     1.13333    0.332674     0.28092   0.0365952
           2     1.26667    0.338542    0.306267   0.0228214
           2         1.4    0.434028    0.384201   0.0352326
           2     1.53333    0.509132    0.410486   0.0697531
           2     1.66667    0.516979    0.417656   0.0702319
           2         1.8    0.483403    0.418802   0.0456796
           2     1.93333    0.487257    0.439896   0.0334894
           2     2.06667    0.491771     0.44066    0.036141
           2         2.2    0.351632    0.343837    0.005512
           2     2.33333    0.317187    0.341146   0.0169411
           2     2.46667    0.327639    0.479167    0.107146
           2         2.6    0.318958    0.478924    0.113113
           2     2.73333    0.253785    0.332066   0.0553532
           2     2.86667    0.290174    0.322778   0.0230546
           2           3    0.251979    0.298038   0.0325687
           2     3.13333    0.167326    0.213247   0.0324704
           2     3.26667    0.116424    0.164774   0.0341891
           2         3.4        0.23    0.187083   0.0303467
           2     3.53333    0.103542     0.13901   0.0250802
           2     3.66667   0.0420486    0.070625   0.0202066
           2         3.8   0.0542014   0.0728646   0.0131969
           2     3.93333   0.0394444   0.0526562  0.00934216
           3   0.0666667           0  0.00398148  0.00325087
           3         0.2   0.0161111    0.013588  0.00398206
           3    0.333333   0.0703125   0.0461574   0.0111014
           3    0.466667   0.0645833   0.0863889   0.0179888
           3         0.6    0.129236    0.124468   0.0117188
           3    0.733333    0.232465    0.159792   0.0315829
           3    0.866667    0.374792    0.233148   0.0578966
           3           1      0.3625     0.25919   0.0493205
           3     1.13333    0.321215    0.294352   0.0267484
           3     1.26667    0.384826    0.332454   0.0262416
           3         1.4    0.579271    0.449225    0.058055
           3     1.53333     0.59566    0.472211    0.068574
           3     1.66667    0.538472    0.457928   0.0572141
           3         1.8    0.459549    0.432384   0.0324095
           3     1.93333    0.383056    0.420949   0.0271621
           3     2.06667    0.318264    0.399861   0.0411121
           3         2.2    0.339514    0.342396  0.00385842
           3     2.33333    0.368368     0.35022   0.0135073
           3     2.46667    0.291562    0.416632   0.0878034
           3         2.6    0.291701    0.416516   0.0910103
           3     2.73333    0.277778     0.31397   0.0397502
           3     2.86667    0.224063    0.289873   0.0309525
           3           3    0.138889    0.244988   0.0484522
           3     3.13333    0.128194    0.184896   0.0316928
           3     3.26667   0.0764931    0.135347   0.0331181
           3         3.4    0.172882     0.18235    0.020597
           3     3.53333   0.0714931    0.116505   0.0248442
           3     3.66667   0.0879167   0.0763889   0.0142694
           3         3.8   0.0621181   0.0692824  0.00927135
           3     3.93333   0.0473611   0.0508912  0.00639267
           4   0.0666667           0  0.00298611  0.00258605
           4         0.2  0.00607639   0.0117101  0.00340064
           4    0.333333   0.0288194   0.0418229  0.00913314
           4    0.466667   0.0640972    0.080816   0.0143288
           4         0.6    0.142674    0.129019  0.00963251
           4    0.733333    0.193194    0.168142   0.0247666
           4    0.866667    0.311667    0.252778   0.0466316
           4           1    0.285521    0.265773   0.0374271
           4     1.13333    0.377778    0.315208   0.0269945
           4     1.26667    0.540972    0.384583   0.0492491
           4         1.4    0.549618    0.474323    0.048665
           4     1.53333    0.603403    0.505009   0.0587527
           4     1.66667    0.504479    0.469566   0.0440783
           4         1.8    0.399514    0.424167   0.0253275
           4     1.93333     0.38434    0.411797   0.0218592
           4     2.06667    0.403958    0.400885   0.0308468
           4         2.2    0.432535    0.364931    0.019729
           4     2.33333    0.355868    0.351632   0.0102041
           4     2.46667    0.323854    0.393438    0.068848
           4         2.6    0.220382    0.367483   0.0803887
           4     2.73333    0.304653    0.311641   0.0298808
           4     2.86667    0.294549    0.291042   0.0232365
           4           3    0.128507    0.215868   0.0442327
           4     3.13333    0.171111     0.18145   0.0239562
           4     3.26667   0.0829861    0.122257   0.0273033
           4         3.4    0.150903    0.174488   0.0168816
           4     3.53333   0.0788194    0.107083   0.0203412
           4     3.66667   0.0795833   0.0771875   0.0107244
           4         3.8   0.0567708   0.0661545  0.00746252
           4     3.93333   0.0233681   0.0440104  0.00764828
           5   0.0666667  0.00388889  0.00316667  0.00207513
           5         0.2   0.0125694   0.0118819  0.00272485
           5    0.333333   0.0402778   0.0415139  0.00731174
           5    0.466667   0.0522917   0.0751111   0.0125474
           5         0.6     0.11316    0.125847  0.00821165
           5    0.733333     0.20816    0.176146   0.0210668
           5    0.866667    0.162431    0.234708   0.0406557
           5           1    0.186806    0.249979   0.0331066
           5     1.13333    0.409722    0.334111   0.0274266
           5     1.26667    0.513854    0.410437   0.0456843
           5         1.4    0.586458     0.49675   0.0437959
           5     1.53333    0.604514     0.52491   0.0502598
           5     1.66667     0.56684    0.489021   0.0393223
           5         1.8    0.582257    0.455785   0.0347895
           5     1.93333    0.516667    0.432771   0.0256463
           5     2.06667       0.405    0.401708   0.0246884
           5         2.2    0.350278       0.362   0.0159994
           5     2.33333    0.312986    0.343903   0.0106972
           5     2.46667    0.237604    0.362271    0.061731
           5         2.6    0.366562    0.367299   0.0643111
           5     2.73333    0.253472    0.300007   0.0260712
           5     2.86667    0.172014    0.267236   0.0282652
           5           3     0.28625    0.229944   0.0375592
           5     3.13333     0.11125     0.16741   0.0229127
           5     3.26667    0.137257    0.125257   0.0220069
           5         3.4    0.100764    0.159743   0.0188764
           5     3.53333   0.0798958    0.101646   0.0169842
           5     3.66667   0.0611806   0.0739861  0.00904475
           5         3.8   0.0388542   0.0606944  0.00771304
           5     3.93333   0.0145833    0.038125  0.00807143
           6   0.0666667 0.000347222  0.00269676  0.00178169
           6         0.2   0.0331597   0.0154282  0.00395428
           6    0.333333   0.0321875   0.0399595  0.00625616
           6    0.466667   0.0540972   0.0716088   0.0109341
           6         0.6    0.105278    0.122419  0.00752471
           6    0.733333    0.121424    0.167025   0.0194298
           6    0.866667    0.217222    0.231794    0.033984
           6           1    0.294479    0.257396   0.0284075
           6     1.13333    0.489792    0.360058   0.0329151
           6     1.26667    0.516944    0.428189   0.0413755
           6         1.4     0.61375     0.51625   0.0406063
           6     1.53333    0.582465    0.534502   0.0427888
           6     1.66667    0.499549    0.490775   0.0328077
           6         1.8    0.575521    0.475741   0.0342398
           6     1.93333    0.552778    0.452772   0.0281093
           6     2.06667    0.388229    0.399462   0.0206757
           6         2.2    0.302361     0.35206   0.0161275
           6     2.33333    0.335139    0.342442  0.00901352
           6     2.46667    0.205972    0.336221   0.0566729
           6         2.6    0.319306      0.3593   0.0540878
           6     2.73333    0.324132    0.304028   0.0220339
           6     2.86667     0.20684     0.25717   0.0252832
           6           3    0.204062    0.225631   0.0315461
           6     3.13333    0.137604    0.162442    0.019625
           6     3.26667   0.0883681    0.119109   0.0191787
           6         3.4    0.103854    0.150428   0.0178815
           6     3.53333   0.0764236   0.0974421   0.0146645
           6     3.66667   0.0604861   0.0717361  0.00781214
           6         3.8   0.0494444   0.0588194  0.00665153
           6     3.93333  0.00878472    0.033235  0.00807272
           7   0.0666667           0  0.00231151  0.00156826
           7         0.2  0.00614583   0.0141022  0.00360487
           7    0.333333   0.0774306   0.0453125  0.00730183
           7    0.466667   0.0598611   0.0699306  0.00949998
           7         0.6     0.14684    0.125908  0.00721332
           7    0.733333    0.186354    0.169787   0.0168492
           7    0.866667    0.396389    0.255308    0.036365
           7           1    0.368125    0.273214   0.0284141
           7     1.13333    0.502257    0.380372    0.033907
           7     1.26667    0.508472    0.439658   0.0370202
           7         1.4    0.534722    0.518889   0.0348911
           7     1.53333     0.63816    0.549311   0.0391547
           7     1.66667    0.606632    0.507326   0.0320248
           7         1.8    0.461979    0.473775   0.0294048
           7     1.93333    0.335729    0.436052    0.028638
           7     2.06667    0.236806    0.376225   0.0278725
           7         2.2    0.274479    0.340977   0.0172156
           7     2.33333    0.307465    0.337445  0.00900496
           7     2.46667    0.188611    0.315134   0.0523531
           7         2.6    0.304722    0.351503   0.0469195
           7     2.73333    0.324549    0.306959   0.0190802
           7     2.86667    0.235174    0.254028   0.0218658
           7           3    0.222639    0.225203   0.0270424
           7     3.13333    0.154688    0.161334   0.0168527
           7     3.26667    0.103472    0.116875   0.0165684
           7         3.4   0.0604514    0.137574   0.0194045
           7     3.53333   0.0587153   0.0919097   0.0135731
           7     3.66667   0.0600347   0.0700645  0.00687264
           7         3.8   0.0639236   0.0595486  0.00574114
           7     3.93333   0.0313542   0.0329663  0.00692395
           8   0.0666667   0.0171528  0.00416667  0.00221233
           8         0.2        0.04   0.0173394  0.00437254
           8    0.333333   0.0263889    0.042947   0.0067614
           8    0.466667    0.103507   0.0741276  0.00919297
           8         0.6     0.15316    0.129314  0.00707041
           8    0.733333    0.248403    0.179614    0.017374
           8    0.866667    0.275382    0.257817   0.0319058
           8           1    0.335764    0.281033   0.0259158
           8     1.13333    0.362604    0.378151   0.0297413
           8     1.26667    0.421771    0.437422   0.0324601
           8         1.4    0.518611    0.518854   0.0305297
           8     1.53333    0.539861    0.548129   0.0342782
           8     1.66667    0.477674     0.50362   0.0282354
           8         1.8     0.52125    0.479709   0.0263212
           8     1.93333    0.511076     0.44543   0.0265494
           8     2.06667    0.549549    0.397891   0.0317098
           8         2.2    0.376458    0.345412   0.0156245
           8     2.33333     0.22309    0.323151   0.0155201
           8     2.46667    0.265694    0.308954   0.0461723
           8         2.6    0.301319     0.34523   0.0414718
           8     2.73333    0.212083      0.2951   0.0200448
           8     2.86667    0.204479    0.247834   0.0199905
           8           3    0.191146    0.220946   0.0239949
           8     3.13333    0.177014    0.163294   0.0148596
           8     3.26667    0.160069    0.122274   0.0153519
           8         3.4    0.111076    0.134262   0.0172593
           8     3.53333   0.0531944   0.0870703     0.01271
           8     3.66667   0.0306597   0.0651389  0.00757573
           8         3.8   0.0402778   0.0571398   0.0055057
           8     3.93333   0.0216319   0.0315495  0.00620171
           9   0.0666667           0   0.0037037  0.00201438
           9         0.2  0.00909722   0.0164236  0.00398145
           9    0.333333      0.0375   0.0423418  0.00603716
           9    0.466667    0.163958   0.0841088   0.0124631
           9         0.6    0.258333     0.14365   0.0149054
           9    0.733333    0.318125    0.195004   0.0211906
           9    0.866667    0.316875    0.264379   0.0290277
           9           1    0.298785    0.283005   0.0231112
           9     1.13333    0.373333    0.377616   0.0264415
           9     1.26667    0.493958    0.443704    0.029455
           9         1.4    0.375278    0.502901   0.0310268
           9     1.53333    0.415243    0.533364   0.0334989
           9     1.66667      0.4625    0.499051   0.0254651
           9         1.8    0.529653    0.485258   0.0239744
           9     1.93333    0.638056    0.466833   0.0310503
           9     2.06667    0.465139    0.405363   0.0290535
           9         2.2     0.34809     0.34571   0.0138913
           9     2.33333    0.343194    0.325378   0.0139545
           9     2.46667    0.222118    0.299306   0.0420381
           9         2.6    0.371042    0.348098   0.0369629
           9     2.73333    0.265243    0.291782   0.0180901
           9     2.86667    0.167188    0.238873   0.0196754
           9           3   0.0946528    0.206914   0.0250988
           9     3.13333   0.0975694    0.155992   0.0148953
           9     3.26667   0.0705208    0.116524   0.0146837
           9         3.4   0.0479861    0.124676   0.0178059
           9     3.53333   0.0588542   0.0839352    0.011678
           9     3.66667   0.0727083   0.0659799  0.00678051
           9         3.8   0.0270486   0.0537963   0.0058213
           9     3.93333   0.0227778   0.0305748  0.00558869
          10   0.0666667           0  0.00333333  0.00184667
          10         0.2  0.00177083   0.0149583  0.00384349
          10    0.333333   0.0461458   0.0427222  0.00544542
          10    0.466667    0.103576   0.0860556   0.0113678
          10         0.6    0.155347    0.144819   0.0134607
          10    0.733333    0.265174    0.202021      0.0202
          10    0.866667    0.382743    0.276215   0.0284359
          10           1    0.383924    0.293097   0.0228977
          10     1.13333    0.411146    0.380969    0.024009
          10     1.26667    0.447743    0.444108   0.0265123
          10         1.4    0.415347    0.494146   0.0291333
          10     1.53333    0.577326     0.53776   0.0304361
          10     1.66667    0.492187    0.498365   0.0229278
          10         1.8    0.447778     0.48151    0.021868
          10     1.93333    0.669618    0.487111   0.0339269
          10     2.06667    0.347882    0.399615   0.0267107
          10         2.2    0.300347    0.341174   0.0132221
          10     2.33333    0.349549    0.327795   0.0127667
          10     2.46667    0.304375    0.299813   0.0378373
          10         2.6    0.327535    0.346042   0.0333237
          10     2.73333      0.2475    0.287354   0.0168143
          10     2.86667    0.217431    0.236729   0.0178243
          10           3    0.124965    0.198719   0.0238893
          10     3.13333      0.0925    0.149642   0.0146968
          10     3.26667   0.0781944    0.112691   0.0137065
          10         3.4   0.0632639    0.118535   0.0170515
          10     3.53333   0.0984722   0.0853889   0.0106003
          10     3.66667   0.0126736   0.0606493  0.00792553
          10         3.8   0.0569444   0.0541111  0.00524767
          10     3.93333  0.00690972   0.0282083  0.00550813
          11   0.0666667  0.00184028   0.0031976  0.00168378
          11         0.2   0.0224653   0.0156408  0.00355415
          11    0.333333   0.0309375   0.0416509  0.00505467
          11    0.466667   0.0405903   0.0819223   0.0110603
          11         0.6   0.0731597    0.138305   0.0137231
          11    0.733333    0.311285    0.211954    0.020662
          11    0.866667    0.336736    0.281717   0.0263777
          11           1    0.360764    0.299249   0.0216266
          11     1.13333    0.419306    0.384454   0.0220779
          11     1.26667    0.437743    0.443529   0.0241084
          11         1.4    0.495833    0.494299   0.0264852
          11     1.53333    0.647083    0.547699   0.0292468
          11     1.66667    0.471632    0.495934   0.0209719
          11         1.8    0.522812    0.485265   0.0201998
          11     1.93333     0.53684    0.491632   0.0311424
          11     2.06667    0.411806    0.400723   0.0243054
          11         2.2    0.442917    0.350423   0.0149083
          11     2.33333    0.314306    0.326569   0.0116648
          11     2.46667    0.280417    0.298049   0.0344386
          11         2.6    0.237326    0.336158    0.031726
          11     2.73333    0.179618     0.27756   0.0179126
          11     2.86667    0.255382    0.238425   0.0162844
          11           3     0.12316     0.19185   0.0226836
          11     3.13333    0.192118    0.153504   0.0138587
          11     3.26667   0.0857986    0.110246   0.0126766
          11         3.4   0.0534722     0.11262   0.0164954
          11     3.53333   0.0268056   0.0800631   0.0108927
          11     3.66667   0.0657986   0.0611174  0.00721884
          11         3.8   0.0294444   0.0518687  0.00522782
          11     3.93333   0.0299306   0.0283649  0.00500961
          12   0.0666667  0.00399306  0.00326389  0.00154476
          12         0.2   0.0110417   0.0152575  0.00327857
          12    0.333333   0.0303125    0.040706  0.00472093
          12    0.466667   0.0454514   0.0788831   0.0105479
          12         0.6    0.109618    0.135914   0.0127861
          12    0.733333    0.260972    0.216039   0.0193397
          12    0.866667    0.300799    0.283307   0.0242275
          12           1    0.333993    0.302144   0.0200173
          12     1.13333    0.380174    0.384097   0.0202409
          12     1.26667    0.576319    0.454595   0.0245077
          12         1.4    0.596493    0.502815   0.0256107
          12     1.53333    0.546806    0.547624   0.0268097
          12     1.66667    0.485417    0.495058   0.0192425
          12         1.8    0.573507    0.492619   0.0198098
          12     1.93333    0.470174    0.489844   0.0285985
          12     2.06667    0.510208    0.409847   0.0239313
          12         2.2    0.507014    0.363472   0.0185162
          12     2.33333    0.287813    0.323339   0.0111309
          12     2.46667    0.207813     0.29053   0.0323793
          12         2.6    0.201076    0.324902    0.031015
          12     2.73333        0.18     0.26943   0.0181714
          12     2.86667    0.312118    0.244566   0.0160436
          12           3    0.116701    0.185587   0.0216405
          12     3.13333   0.0595139    0.145671    0.014752
          12     3.26667   0.0621181    0.106236   0.0122382
          12         3.4   0.0696528    0.109039   0.0155045
          12     3.53333   0.0555208   0.0780179   0.0101751
          12     3.66667   0.0779167   0.0625174  0.00675165
          12         3.8   0.0310069   0.0501302    0.005073
          12     3.93333    0.036875   0.0290741  0.00464207
          13   0.0666667 0.000104167  0.00302083  0.00144493
          13         0.2  0.00621528    0.014562  0.00309928
          13    0.333333   0.0204861   0.0391506  0.00460688
          13    0.466667   0.0361458   0.0755956    0.010236
          13         0.6   0.0953472    0.132794   0.0121774
          13    0.733333    0.159028    0.211653   0.0183426
          13    0.866667     0.39375    0.291803   0.0238068
          13           1    0.422222    0.311381   0.0204981
          13     1.13333    0.579201    0.399105   0.0236009
          13     1.26667    0.581111    0.464327   0.0244787
          13         1.4    0.658194    0.514768   0.0262821
          13     1.53333    0.560868    0.548643   0.0247668
          13     1.66667    0.563542    0.500326   0.0184694
          13         1.8    0.427083    0.487577   0.0189165
          13     1.93333    0.594861    0.497922   0.0275159
          13     2.06667    0.300347    0.401424   0.0235261
          13         2.2    0.354583    0.362788   0.0171045
          13     2.33333    0.167639    0.311362   0.0154266
          13     2.46667    0.184653    0.282385   0.0308959
          13         2.6    0.286771    0.321968   0.0287676
          13     2.73333    0.169965    0.261779   0.0183137
          13     2.86667    0.189514    0.240331   0.0153582
          13           3    0.132951    0.181538   0.0203511
          13     3.13333    0.104792    0.142527   0.0139484
          13     3.26667    0.167431    0.110943   0.0121685
          13         3.4    0.100035    0.108347   0.0143273
          13     3.53333   0.0384722    0.074976  0.00983663
          13     3.66667   0.0560069   0.0620166  0.00625084
          13         3.8   0.0594792   0.0508494  0.00473346
          13     3.93333   0.0411111        0.03  0.00437636
          14   0.0666667 0.000173611  0.00281746  0.00135596
          14         0.2   0.0154167    0.014623   0.0028785
          14    0.333333   0.0290625   0.0384301  0.00433381
          14    0.466667    0.162292   0.0817882   0.0112228
          14         0.6    0.220903    0.139087   0.0128312
          14    0.733333    0.308924    0.218601    0.018301
          14    0.866667    0.396458    0.299278   0.0232504
          14           1    0.488125    0.324005   0.0225895
          14     1.13333    0.406389    0.399625   0.0219209
          14     1.26667    0.464028    0.464306   0.0227302
          14         1.4    0.550903    0.517349   0.0245312
          14     1.53333    0.440625    0.540928   0.0241697
          14     1.66667    0.404514    0.493482   0.0183744
          14         1.8    0.613611     0.49658   0.0195907
          14     1.93333    0.459236    0.495159   0.0256889
          14     2.06667    0.417639    0.402582   0.0218741
          14         2.2    0.422743    0.367071   0.0164101
          14     2.33333    0.215694    0.304529   0.0157657
          14     2.46667    0.176319    0.274809   0.0296033
          14         2.6   0.0819097    0.304821   0.0314101
          14     2.73333   0.0907292    0.249561   0.0206834
          14     2.86667    0.170799    0.235365   0.0150428
          14           3    0.172431    0.180888   0.0189078
          14     3.13333     0.16184    0.143906   0.0130201
          14     3.26667    0.153889     0.11401   0.0116796
          14         3.4        0.08    0.106322   0.0134462
          14     3.53333   0.0907986   0.0761062  0.00919872
          14     3.66667     0.11375   0.0657118  0.00680955
          14         3.8    0.115625   0.0554762   0.0062608
          14     3.93333   0.0287153   0.0299082  0.00406472
          15   0.0666667           0  0.00262963  0.00127851
          15         0.2   0.0289583   0.0155787  0.00284082
          15    0.333333   0.0677083   0.0403819  0.00446285
          15    0.466667       0.145   0.0860023    0.011238
          15         0.6    0.221528    0.144583   0.0131001
          15    0.733333    0.224688    0.219007   0.0170854
          15    0.866667       0.345    0.302326   0.0218992
          15           1    0.350486    0.325771   0.0211524
          15     1.13333    0.515208    0.407331   0.0217717
          15     1.26667    0.446736    0.463134    0.021245
          15         1.4    0.600347    0.522882   0.0235115
          15     1.53333    0.483403    0.537093   0.0228606
          15     1.66667    0.493125    0.493458   0.0171494
          15         1.8    0.417743    0.491324   0.0189766
          15     1.93333    0.391354    0.488238    0.024891
          15     2.06667    0.504444    0.409373   0.0214441
          15         2.2    0.417569    0.370437   0.0156576
          15     2.33333    0.232674    0.299738   0.0154253
          15     2.46667    0.280174    0.275167    0.027632
          15         2.6    0.165243    0.295516   0.0306634
          15     2.73333    0.171944    0.244387   0.0199412
          15     2.86667   0.0968403     0.22613   0.0166349
          15           3     0.16816    0.180039   0.0176663
          15     3.13333    0.258889    0.151572   0.0142308
          15     3.26667    0.139896    0.115736   0.0110277
          15         3.4   0.0747222    0.104215   0.0127138
          15     3.53333   0.0547222   0.0746806  0.00869523
          15     3.66667      0.1325   0.0701644  0.00767443
          15         3.8   0.0178125   0.0529653  0.00632692
          15     3.93333  0.00739583   0.0284074  0.00406138
          16   0.0666667           0  0.00246528  0.00120912
          16         0.2  0.00885417   0.0151584  0.00269418
          16    0.333333   0.0755556   0.0425803  0.00469424
          16    0.466667    0.100938   0.0869358   0.0105743
          16         0.6    0.207778    0.148533    0.012863
          16    0.733333    0.317535    0.225165   0.0170913
          16    0.866667    0.277326    0.300764   0.0205862
          16           1    0.209097    0.318479   0.0210499
          16     1.13333    0.443333    0.409581   0.0205269
          16     1.26667    0.576354    0.470211   0.0210627
          16         1.4    0.502917    0.521634   0.0220752
          16     1.53333    0.548472    0.537804   0.0214429
          16     1.66667    0.552639    0.497157   0.0164716
          16         1.8    0.463715    0.489599   0.0178688
          16     1.93333    0.428646    0.484514   0.0236123
          16     2.06667    0.410833    0.409464    0.020104
          16         2.2    0.390694    0.371704   0.0147301
          16     2.33333      0.2425    0.296161   0.0148702
          16     2.46667    0.289028    0.276033   0.0259185
          16         2.6    0.346389    0.298696   0.0289114
          16     2.73333    0.201806    0.241725   0.0188717
          16     2.86667    0.141146    0.220818   0.0164213
          16           3    0.122257    0.176428   0.0169273
          16     3.13333    0.224722    0.156144   0.0140566
          16     3.26667    0.147396    0.117715   0.0105145
          16         3.4   0.0837153    0.102934   0.0119835
          16     3.53333   0.0363542   0.0722852  0.00847531
          16     3.66667   0.0501042   0.0689106  0.00729647
          16         3.8   0.0143056    0.050549  0.00637619
          16     3.93333        0.01   0.0272569  0.00396714
          17   0.0666667           0  0.00232026  0.00114665
          17         0.2   0.0193403   0.0154044  0.00254691
          17    0.333333   0.0230903   0.0414338  0.00455596
          17    0.466667   0.0986458   0.0876246  0.00997471
          17         0.6     0.13441    0.147702   0.0121331
          17    0.733333    0.231181    0.225519   0.0160896
          17    0.866667    0.275625    0.299285   0.0194283
          17           1    0.405729    0.323611   0.0204277
          17     1.13333    0.522812    0.416242   0.0203715
          17     1.26667    0.507014    0.472375   0.0199347
          17         1.4    0.434757    0.516524     0.02136
          17     1.53333    0.371076    0.527996   0.0223119
          17     1.66667    0.599201     0.50316   0.0165604
          17         1.8    0.465208    0.488164   0.0168752
          17     1.93333    0.518403    0.486507   0.0223073
          17     2.06667    0.372188    0.407271   0.0190406
          17         2.2    0.330382    0.369273   0.0140627
          17     2.33333    0.346528    0.299124   0.0142876
          17     2.46667    0.392708    0.282896   0.0252863
          17         2.6    0.219132    0.294016   0.0275869
          17     2.73333    0.175208    0.237813   0.0181627
          17     2.86667    0.208785     0.22011   0.0154706
          17           3      0.2975     0.18355   0.0173653
          17     3.13333    0.207708    0.159177   0.0135531
          17     3.26667    0.197951    0.122435    0.010904
          17         3.4   0.0377083   0.0990972    0.011877
          17     3.53333   0.0293403    0.069759  0.00834475
          17     3.66667   0.0326736    0.066779  0.00717187
          17         3.8  0.00447917   0.0478391  0.00655176
          17     3.93333  0.00420139   0.0259007  0.00395882
          18   0.0666667   0.0003125  0.00220872  0.00108836
          18         0.2  0.00194444   0.0146566  0.00251279
          18    0.333333   0.0153125   0.0399826  0.00452807
          18    0.466667   0.0829514    0.087365  0.00942394
          18         0.6    0.206319    0.150959    0.011888
          18    0.733333    0.226528    0.225575   0.0151959
          18    0.866667    0.272292    0.297785   0.0184067
          18           1    0.406319    0.328206   0.0198029
          18     1.13333    0.315868    0.410666   0.0199884
          18     1.26667    0.522292    0.475149   0.0190191
          18         1.4    0.516701    0.516534   0.0201733
          18     1.53333    0.485972    0.525662   0.0211942
          18     1.66667    0.543194    0.505384    0.015789
          18         1.8    0.567292     0.49256   0.0165003
          18     1.93333    0.604722    0.493075   0.0220136
          18     2.06667    0.383403    0.405945   0.0180289
          18         2.2    0.364653    0.369016   0.0132838
          18     2.33333    0.350104    0.301956   0.0137717
          18     2.46667    0.316389    0.284757   0.0239499
          18         2.6    0.192014    0.288349     0.02663
          18     2.73333    0.148368    0.232843   0.0178204
          18     2.86667    0.237639    0.221084   0.0146417
          18           3    0.145069    0.181412   0.0165316
          18     3.13333    0.121111    0.157062   0.0129641
          18     3.26667    0.106667    0.121559   0.0103333
          18         3.4   0.0919097   0.0986979   0.0112239
          18     3.53333   0.0720486   0.0698862  0.00788212
          18     3.66667   0.0413889   0.0653684  0.00691076
          18         3.8   0.0811806   0.0496914  0.00644429
          18     3.93333   0.0584722   0.0277103  0.00413179
          19   0.0666667           0  0.00209247  0.00103727
          19         0.2  0.00586806   0.0141941  0.00242274
          19    0.333333   0.0235069   0.0391155  0.00437199
          19    0.466667   0.0920139   0.0876096  0.00893112
          19         0.6    0.195347    0.153295   0.0114896
          19    0.733333    0.197674    0.224106   0.0144669
          19    0.866667    0.264826    0.296051   0.0175195
          19           1    0.290451    0.326219   0.0188601
          19     1.13333    0.372917    0.408679   0.0190348
          19     1.26667    0.579583    0.480645   0.0187956
          19         1.4    0.618611    0.521906    0.019814
          19     1.53333    0.450764     0.52172    0.020442
          19     1.66667    0.451285    0.502537   0.0152126
          19         1.8    0.534444    0.494764   0.0157785
          19     1.93333    0.562951    0.496753   0.0211599
          19     2.06667    0.539792     0.41299   0.0184049
          19         2.2    0.336875    0.367325   0.0126919
          19     2.33333    0.474549     0.31104   0.0157605
          19     2.46667     0.34691    0.288028   0.0229116
          19         2.6     0.27441    0.287615   0.0252385
          19     2.73333    0.233542     0.23288   0.0168825
          19     2.86667   0.0843056    0.213885   0.0155404
          19           3   0.0651389    0.175292    0.016756
          19     3.13333        0.12    0.155111   0.0124276
          19     3.26667    0.148264    0.122964   0.0098846
          19         3.4   0.0935764   0.0984284   0.0106364
          19     3.53333   0.0211458   0.0673209  0.00787366
          19     3.66667   0.0444444   0.0642672   0.0066342
          19         3.8    0.055625   0.0500037  0.00611268
          19     3.93333   0.0149306   0.0270376   0.0039687
          20   0.0666667   0.0180208  0.00288889  0.00125443
          20         0.2    0.028125   0.0148906  0.00239964
          20    0.333333   0.0736806   0.0408437  0.00448199
          20    0.466667   0.0902431   0.0877413  0.00848553
          20         0.6    0.160069    0.153634   0.0109201
          20    0.733333    0.212847    0.223543   0.0137545
          20    0.866667    0.255486    0.294023   0.0167605
          20           1    0.217014    0.320759   0.0186908
          20     1.13333    0.422326    0.409361   0.0180953
          20     1.26667    0.633611    0.488293   0.0193495
          20         1.4    0.561632    0.523892   0.0189226
          20     1.53333    0.450035    0.518135   0.0197316
          20     1.66667    0.434479    0.499134   0.0148277
          20         1.8    0.505417    0.495297   0.0149985
          20     1.93333    0.723889    0.508109   0.0229481
          20     2.06667    0.447812    0.414731   0.0175668
          20         2.2     0.35684      0.3668   0.0120682
          20     2.33333       0.345    0.312738   0.0150637
          20     2.46667    0.262326    0.286743   0.0218021
          20         2.6        0.28    0.287234   0.0239794
          20     2.73333    0.252049    0.233839   0.0160656
          20     2.86667    0.184444    0.212413   0.0148329
          20           3    0.135382    0.173297   0.0160365
          20     3.13333    0.064375    0.150575   0.0126072
          20     3.26667   0.0919097    0.121411  0.00951154
          20         3.4    0.130972    0.100056   0.0102283
          20     3.53333   0.0540625    0.066658  0.00750783
          20     3.66667   0.0318403   0.0626458  0.00649759
          20         3.8  0.00930556   0.0479687  0.00613642
          20     3.93333   0.0466667   0.0280191  0.00388973
