           0      499.77
           1      482.08
           2     474.335
           3     471.682
           4     464.923
           5     452.656
           6     449.783
           7     439.183
           8     422.045
           9     410.224
          10     407.978
          11     405.369
          12     405.369
          13     400.136
          14     394.106
          15     393.268
          16     382.585
          17     377.167
          18     372.559
          19     372.006
          20     354.761
          21     354.193
          22     350.614
          23      341.81
          24     334.175
          25     331.793
          26     328.732
          27     327.175
          28      324.05
          29     316.381
          30     316.381
          31     313.614
          32     313.105
          33     310.714
          34     308.667
          35     304.669
          36      304.16
          37     301.757
          38     301.248
          39     301.071
          40     291.849
          41     289.346
          42     289.346
          43     282.305
          44     281.227
          45     277.371
          46     277.371
          47     274.162
          48      273.49
          49     271.658
          50     270.577
          51     269.743
          52      268.67
          53     266.144
          54     266.144
          55     262.403
          56     261.482
          57     261.214
          58     258.903
          59     255.485
          60     254.948
          61     253.034
          62      250.79
          63      250.79
          64     249.692
          65     248.353
          66     245.873
          67     245.873
          68     245.873
          69     244.935
          70     244.935
          71     244.935
          72     239.456
          73     239.456
          74     239.456
          75     237.633
          76     237.592
          77     237.592
          78     234.148
          79     234.148
          80     226.478
          81     226.478
          82      225.56
          83      225.56
          84     221.615
          85     219.946
          86     219.946
          87     218.377
          88     218.377
          89     212.204
          90     212.204
          91     212.204
          92     212.204
          93     210.865
          94     210.803
          95     210.501
          96     210.501
          97       210.5
          98     209.296
          99     208.962
           0     195.345
           1     195.345
           2     194.403
           3     194.403
           4     193.843
           5     192.677
           6     192.677
           7     191.986
           8     191.986
           9     191.466
          10     191.466
          11     191.466
          12      191.16
          13     190.913
          14     190.913
          15     188.858
          16     188.305
          17     188.305
          18     187.425
          19     187.425
          20     187.291
          21     185.915
          22     185.105
          23     184.348
          24     182.554
          25     181.275
          26     180.816
          27     180.816
          28     180.816
          29     180.765
          30      179.95
          31     178.989
          32     178.425
          33     178.277
          34     176.975
          35     176.118
          36     176.118
          37     176.118
          38     175.521
          39     175.477
          40     175.119
          41     175.119
          42     174.187
          43     173.276
          44     171.405
          45     171.405
          46     171.405
          47     170.352
          48     170.352
          49     170.352
          50     170.352
          51     169.292
          52     169.292
          53     168.869
          54     167.507
          55     166.292
          56     164.784
          57     164.784
          58     164.784
          59     162.668
          60     161.642
          61     161.642
          62     161.642
          63     158.827
          64     158.827
          65     158.827
          66     158.002
          67     158.002
          68     158.002
          69     158.002
          70     158.002
          71     157.453
          72     157.453
          73     157.105
          74      156.68
          75     156.256
          76     156.256
          77     156.256
          78     152.607
          79     152.607
          80     152.607
          81     149.723
          82     149.723
          83     149.723
          84     149.723
          85     149.723
          86     149.565
          87     148.657
          88     147.813
          89     146.287
          90     146.287
          91     146.285
          92     145.123
          93     145.052
          94     144.673
          95     143.439
          96     143.439
          97     140.891
          98     140.891
          99     140.713
           0     124.749
           1     124.749
           2     124.749
           3     124.749
           4     124.749
           5     124.749
           6     124.749
           7     124.749
           8     123.609
           9     123.609
          10     123.609
          11     123.447
          12     122.249
          13     122.249
          14     122.019
          15     121.996
          16     121.996
          17     121.766
          18     121.766
          19     121.766
          20     121.766
          21     121.766
          22     121.766
          23     118.172
          24     118.172
          25     117.342
          26     117.342
          27     117.342
          28     117.342
          29     117.342
          30     117.342
          31     117.342
          32     117.342
          33     117.342
          34     117.342
          35     117.342
          36     117.342
          37     117.342
          38     117.342
          39     117.342
          40     117.342
          41     117.342
          42     117.342
          43     115.858
          44     115.858
          45     115.858
          46     115.858
          47     115.099
          48     115.099
          49     115.099
          50     115.099
          51     115.099
          52     114.449
          53     114.449
          54     114.449
          55     114.449
          56     114.449
          57     114.449
          58     114.449
          59     114.449
          60     114.449
          61     113.133
          62     113.133
          63     112.521
          64     112.521
          65     112.521
          66     112.521
          67     112.521
          68     112.521
          69     112.463
          70     112.463
          71      111.34
          72      111.34
          73     111.281
          74     111.281
          75     111.281
          76     111.281
          77     111.281
          78     111.281
          79     111.281
          80     111.281
          81     111.281
          82     111.281
          83     111.281
          84     110.783
          85     110.783
          86     110.783
          87     110.783
          88     110.783
          89     110.783
          90     110.783
          91     110.783
          92     110.574
          93     110.574
          94     110.298
          95     110.298
          96      110.09
          97      110.09
          98      110.09
          99      110.09
           0      110.09
           1      110.09
           2      110.09
           3      110.09
           4     109.735
           5     109.735
           6     109.735
           7     109.735
           8     109.619
           9     109.619
          10     109.474
          11     109.474
          12     109.474
          13     109.474
          14     109.474
          15     109.474
          16     109.474
          17     109.474
          18     109.474
          19     109.279
          20     109.279
          21     109.279
          22     109.279
          23     109.279
          24     109.279
          25     109.279
          26     109.279
          27     109.279
          28     109.279
          29     109.279
          30     108.105
          31     108.105
          32     106.117
          33     106.117
          34     106.117
          35     105.998
          36     105.998
          37     105.998
          38     105.998
          39      105.75
          40      105.75
          41      105.75
          42      105.75
          43     105.485
          44     105.485
          45     105.236
          46     105.236
          47         105
          48         105
          49         105
          50         105
          51     104.681
          52     104.681
          53     104.681
          54     104.681
          55     104.681
          56     102.902
          57     102.902
          58     102.902
          59     102.902
          60     102.902
          61     102.902
          62     102.902
          63     102.902
          64     102.902
          65     102.902
          66     102.902
          67     102.902
          68      102.86
          69      102.86
          70      102.86
          71      102.86
          72     102.438
          73     102.438
          74     102.217
          75     102.217
          76     102.217
          77     102.217
          78     102.217
          79     102.217
          80     102.217
          81     102.217
          82     102.217
          83     102.217
          84     102.217
          85     102.217
          86     102.217
          87     102.217
          88     102.217
          89     102.217
          90     102.217
          91     102.217
          92     102.217
          93     102.217
          94     102.217
          95     102.217
          96     102.217
          97     102.184
          98     102.184
          99     102.184
           0     95.6966
           1     95.6966
           2     95.6966
           3     95.6966
           4     95.6966
           5     95.6966
           6     95.6966
           7     95.6966
           8     95.0317
           9     94.8379
          10     94.8379
          11     94.8379
          12     94.8379
          13     94.7398
          14     94.3721
          15     94.3721
          16     94.3721
          17     94.3149
          18     94.3149
          19     94.3149
          20     94.3149
          21     94.3149
          22     94.3149
          23     94.3149
          24     94.3149
          25     94.3149
          26     94.3149
          27     94.3149
          28     94.3149
          29     94.3149
          30     94.3149
          31     94.3149
          32     94.0742
          33     94.0557
          34     94.0557
          35     93.9585
          36     93.6992
          37     93.6992
          38     93.6992
          39     93.6992
          40     93.6992
          41     93.6992
          42     93.6992
          43     93.6992
          44     93.6992
          45     93.6992
          46     93.6992
          47     93.6992
          48     93.6992
          49     93.6992
          50     93.6992
          51     93.4945
          52     93.4945
          53     93.4945
          54     92.8436
          55     92.8298
          56     92.8298
          57     92.8298
          58     92.8298
          59     92.8298
          60     92.5078
          61     92.5078
          62     92.5078
          63     92.5078
          64     92.5078
          65     92.5078
          66     92.5078
          67     92.5078
          68     92.5078
          69     92.5078
          70     92.5078
          71     91.8041
          72     91.8041
          73     91.8041
          74     91.8041
          75     91.8041
          76     91.8041
          77     91.3092
          78     91.3092
          79     91.3092
          80     90.5026
          81     90.5026
          82     90.5026
          83     89.7509
          84     89.7509
          85     89.7509
          86     89.7509
          87     89.7509
          88     89.7509
          89     89.4219
          90     89.4219
          91     89.4219
          92     89.4219
          93     89.4219
          94     89.4219
          95     89.1783
          96     89.1783
          97     89.1783
          98     89.1783
          99     89.1783
           0     87.0344
           1     87.0344
           2     86.4698
           3     86.4698
           4     86.4698
           5     86.4698
           6     86.4332
           7     86.4332
           8     86.2994
           9      85.509
          10      85.509
          11      85.509
          12      85.509
          13     85.2895
          14     85.2895
          15     85.2895
          16     85.2895
          17     85.2895
          18     84.5571
          19     84.5571
          20     84.5571
          21     84.5571
          22     84.5254
          23     84.5254
          24     84.5254
          25     84.5254
          26     84.5254
          27     84.5254
          28     84.5254
          29     84.5254
          30     84.5254
          31     84.5254
          32     84.5254
          33     84.5254
          34     84.5254
          35     84.5254
          36     84.5254
          37     84.5254
          38     84.5254
          39     84.5254
          40     84.5254
          41      84.256
          42      84.256
          43     83.8935
          44     83.8935
          45     83.6241
          46     83.6241
          47     83.6241
          48     83.2979
          49     83.2979
          50     83.2979
          51     83.2979
          52     83.2979
          53     83.2979
          54     83.2979
          55     83.2979
          56     82.4267
          57     82.4267
          58     82.4085
          59     82.4085
          60     82.4085
          61     82.3455
          62     82.3455
          63     82.3455
          64     82.3455
          65     82.3455
          66     82.3455
          67     82.3455
          68     82.3455
          69     82.3455
          70     82.3455
          71     82.0991
          72     82.0991
          73     82.0991
          74     82.0991
          75     82.0991
          76     82.0991
          77     82.0991
          78     82.0991
          79     82.0991
          80     82.0991
          81     82.0991
          82     81.7229
          83     81.7229
          84     81.7229
          85     81.7014
          86     81.7014
          87     81.7014
          88     81.7014
          89     81.7014
          90     81.7014
          91     81.7014
          92     80.2192
          93     78.9354
          94     78.5592
          95     78.5592
          96     78.5592
          97     78.5592
          98     78.5592
          99     78.5592
           0     78.5592
           1     78.5592
           2     78.5592
           3     78.5592
           4     78.5592
           5     78.5592
           6     78.5586
           7     78.5586
           8     78.5586
           9     78.5586
          10     78.5586
          11     78.5586
          12     78.5586
          13     78.3179
          14     78.3179
          15     78.3179
          16     78.3179
          17     78.3179
          18     78.3179
          19     78.3179
          20     78.3179
          21     78.3179
          22     78.3179
          23     78.3179
          24     78.3179
          25     78.3179
          26     78.0676
          27     78.0676
          28     78.0676
          29     78.0676
          30     78.0676
          31     78.0676
          32     78.0676
          33     78.0676
          34     78.0676
          35     78.0676
          36     78.0676
          37     78.0676
          38     78.0676
          39     78.0676
          40     77.9025
          41     77.9025
          42     77.9025
          43     77.9025
          44     77.9025
          45     77.9025
          46     77.9025
          47     77.9025
          48     77.9025
          49     77.9025
          50     77.9025
          51     77.9025
          52     77.9025
          53     77.9025
          54     77.9025
          55     77.9025
          56     77.9025
          57     77.9025
          58     77.9025
          59     77.9025
          60     77.9025
          61     77.9025
          62     77.9025
          63     77.9025
          64     77.9025
          65     77.9025
          66     77.9025
          67     77.9025
          68     77.9025
          69     77.9025
          70     77.9025
          71     77.9025
          72     77.9025
          73     77.9025
          74     77.9025
          75     77.9025
          76     77.9025
          77     77.9025
          78     77.9025
          79     77.9025
          80     77.9025
          81     77.9025
          82     77.9025
          83     77.9025
          84     77.9025
          85     77.9025
          86     77.9025
          87     77.9025
          88     77.9025
          89     77.9025
          90     77.9025
          91     77.9025
          92     77.9025
          93     77.9025
          94     77.9025
          95     77.9025
          96     77.9025
          97     77.9025
          98     77.9025
          99     77.9025
           0     76.1936
           1     75.2506
           2     75.2506
           3     74.9951
           4     74.9951
           5     74.9951
           6     74.9951
           7     74.9951
           8     74.9951
           9     74.9951
          10     74.9951
          11     74.9951
          12     74.9951
          13     74.9951
          14     74.9951
          15     74.9951
          16     74.9951
          17     74.9951
          18     74.9951
          19     74.9951
          20     74.9951
          21     74.9951
          22     74.9951
          23     74.9951
          24     74.9951
          25     74.9951
          26     74.9951
          27     74.9951
          28     74.9951
          29     74.9951
          30     74.9951
          31     74.9951
          32     74.9951
          33     74.9951
          34     74.9951
          35     74.9951
          36     74.9951
          37     74.9951
          38     74.9951
          39     74.9951
          40     74.9951
          41     74.9951
          42     74.9951
          43     74.9951
          44     74.9951
          45     74.9951
          46     74.9951
          47     74.9951
          48     74.9951
          49     74.9951
          50     74.9951
          51     74.9951
          52     74.9951
          53     74.9951
          54     74.9951
          55     74.9951
          56     74.9082
          57     74.9082
          58     74.6227
          59     74.6227
          60     74.6227
          61     74.6227
          62     74.3745
          63     74.3745
          64     74.3745
          65     74.3745
          66     74.3745
          67     74.3745
          68     74.3745
          69     74.3745
          70     74.3745
          71     74.3745
          72     74.3745
          73     74.3745
          74     74.3745
          75     74.3745
          76     74.3745
          77     74.3745
          78     74.3745
          79     74.3745
          80     74.3745
          81     74.3745
          82     74.3745
          83     74.3745
          84     74.3642
          85     74.3642
          86     74.3315
          87     74.3315
          88     74.3212
          89     74.3212
          90     74.3212
          91     74.3212
          92     74.3212
          93     74.3212
          94     74.3212
          95     74.3212
          96     74.3212
          97     74.3212
          98     74.3212
          99     74.3212
           0     73.8519
           1     73.8519
           2     73.8519
           3     73.8519
           4     73.8519
           5     73.8519
           6     73.8519
           7     73.8519
           8     73.8519
           9     73.8519
          10     73.8519
          11     73.8519
          12     73.8519
          13     73.8519
          14     73.8519
          15     73.8519
          16     73.8519
          17     73.8519
          18     73.8519
          19     73.8519
          20     73.8519
          21     73.8519
          22     73.8519
          23     73.8519
          24     73.5003
          25     73.5003
          26     73.5003
          27     73.5003
          28     73.5003
          29     73.5003
          30     73.5003
          31     73.5003
          32     73.5003
          33     73.5003
          34     73.5003
          35     73.5003
          36     73.5003
          37     73.5003
          38     73.5003
          39     73.5003
          40     73.5003
          41     73.5003
          42     73.5003
          43     73.5003
          44     73.5003
          45     73.5003
          46     73.5003
          47     73.5003
          48     73.5003
          49     73.5003
          50     73.5003
          51     73.5003
          52     73.5003
          53     73.5003
          54     73.5003
          55     73.5003
          56     73.5003
          57     73.5003
          58     73.5003
          59     73.5003
          60     73.5003
          61     73.5003
          62     73.5003
          63     73.5003
          64     73.5003
          65     73.5003
          66     73.5003
          67     73.5003
          68     73.2622
          69     73.2622
          70     73.2622
          71     73.2622
          72     73.2622
          73     73.2622
          74     73.2622
          75     73.2622
          76     73.2622
          77     73.2622
          78     73.2622
          79     73.2622
          80     73.2622
          81     73.2622
          82     73.2622
          83     73.2622
          84     73.1004
          85     73.1004
          86     73.1004
          87     73.1004
          88     73.1004
          89     73.1004
          90     73.1004
          91     73.1004
          92     73.1004
          93     73.1004
          94     73.1004
          95     73.1004
          96     73.1004
          97     73.1004
          98     73.1004
          99     73.1004
           0     72.1544
           1     72.1544
           2     72.1544
           3     72.1544
           4     72.1544
           5     72.1544
           6     72.1544
           7     72.1544
           8     72.1544
           9     72.0173
          10     72.0173
          11     72.0173
          12     72.0173
          13     72.0173
          14     72.0173
          15     72.0173
          16     72.0173
          17     71.9003
          18     71.9003
          19     71.9003
          20     71.9003
          21     71.9003
          22     71.9003
          23     71.9003
          24     71.9003
          25     71.9003
          26     71.9003
          27     71.9003
          28     71.9003
          29     71.9003
          30     71.9003
          31     71.9003
          32     71.4425
          33     71.4425
          34     71.4425
          35     71.4425
          36     71.4425
          37     71.4425
          38     71.4425
          39     71.4425
          40     71.4425
          41     71.4425
          42     71.4425
          43     71.4425
          44     71.4425
          45     71.4425
          46     71.4425
          47     71.4425
          48     71.4425
          49     71.4425
          50     71.4425
          51     71.4425
          52     71.4425
          53     71.4425
          54     71.4425
          55     71.4425
          56     71.4425
          57     71.4425
          58     71.4425
          59     71.4425
          60     71.4425
          61     71.4425
          62     71.4425
          63     71.4425
          64     71.4425
          65     71.4425
          66     71.4425
          67     71.4425
          68     71.4425
          69     71.4425
          70     71.4425
          71     71.4425
          72     71.4425
          73     71.4425
          74     71.4425
          75     71.4425
          76     71.4425
          77     71.4425
          78     71.4425
          79     71.4425
          80     71.4425
          81     71.4425
          82     71.4425
          83     71.4425
          84     71.4425
          85     71.4425
          86     71.4425
          87     71.4425
          88     71.4425
          89     71.4425
          90     71.4425
          91     71.4425
          92     71.4425
          93     71.2182
          94     71.2182
          95     71.2182
          96     71.2182
          97     71.2182
          98     71.2182
          99     71.2182
           0     71.2182
           1     71.2182
           2     71.2182
           3     70.8834
           4     70.8834
           5     70.8834
           6     70.8834
           7     70.8834
           8     70.8834
           9     70.8834
          10     70.8834
          11     70.8834
          12     70.8834
          13     70.8834
          14     70.8834
          15     70.8834
          16     70.8834
          17     70.8834
          18     70.8834
          19     70.8834
          20     70.8834
          21     70.8834
          22     70.8834
          23     70.8834
          24     70.8834
          25     70.8834
          26     70.8834
          27     70.8834
          28     70.8834
          29     70.8834
          30     70.8834
          31     70.8834
          32     70.8834
          33     70.8834
          34     70.8834
          35     70.8834
          36     70.8834
          37     70.8834
          38     70.8834
          39     70.8834
          40     70.8834
          41     70.8834
          42     70.8834
          43     70.8834
          44     70.8834
          45     70.8834
          46     70.8834
          47     70.8834
          48     70.8834
          49     70.8834
          50     70.8834
          51     70.8834
          52     70.8834
          53     70.8834
          54     70.8834
          55     70.8834
          56     70.8834
          57     70.8834
          58     70.8834
          59     70.8834
          60     70.8834
          61     70.8834
          62     70.8834
          63     70.8834
          64     70.8834
          65     70.8834
          66     70.8834
          67     70.8834
          68     70.8834
          69     70.8834
          70     70.8834
          71     70.8834
          72     70.8834
          73     70.8834
          74     70.8834
          75     70.8834
          76     70.8834
          77     70.8834
          78     70.8834
          79     70.8834
          80     70.8834
          81     70.8834
          82     70.8834
          83     70.8834
          84     70.8834
          85     70.8834
          86     70.8834
          87     70.8834
          88     70.8834
          89     70.8834
          90     70.8834
          91     70.8834
          92     70.8834
          93     70.8834
          94     70.8834
          95     70.8834
          96     70.8834
          97     70.8834
          98     70.8834
          99     70.8834
           0     70.2891
           1     70.2891
           2     70.2891
           3     69.8372
           4     69.8372
           5     69.8372
           6     69.8372
           7     69.8372
           8     69.8372
           9     69.8372
          10     69.8372
          11     69.8372
          12     69.8372
          13     69.8372
          14     69.8372
          15     69.8372
          16     69.8372
          17     69.8372
          18     69.8372
          19     69.8372
          20     69.8372
          21     69.8372
          22     69.8372
          23     69.8372
          24     69.8372
          25     69.8372
          26     69.8372
          27     69.8372
          28     69.8372
          29     69.8372
          30     69.8372
          31     69.8372
          32     69.8372
          33     69.8372
          34     69.8372
          35     69.8372
          36     69.8372
          37     69.8372
          38     69.8372
          39     69.8372
          40     69.8372
          41     69.8372
          42     69.8372
          43     69.8372
          44     69.8372
          45     69.8372
          46     69.8372
          47     69.8372
          48     69.8372
          49     69.8372
          50     69.8372
          51     69.8372
          52     69.8372
          53     69.8372
          54     69.8372
          55     69.8372
          56     69.8372
          57     69.8372
          58     69.8372
          59     69.8372
          60     69.8372
          61     69.8372
          62     69.8372
          63     69.8372
          64     69.8372
          65     69.8372
          66     69.8372
          67     69.8372
          68     69.8372
          69     69.8372
          70     69.8372
          71     69.8372
          72     69.8372
          73     69.8372
          74     69.8372
          75     69.8372
          76     69.8372
          77     69.8372
          78     69.8372
          79     69.8372
          80     69.8372
          81     69.8372
          82     69.8372
          83     69.8372
          84     69.8372
          85     69.8372
          86     69.8372
          87     69.8372
          88     69.8372
          89     69.8372
          90     69.8372
          91     69.8372
          92     69.8372
          93     69.8372
          94     69.8372
          95     69.8372
          96     69.8372
          97     69.8372
          98     69.8372
          99     69.8372
           0     69.1972
           1     69.1972
           2     69.1972
           3     69.1972
           4     69.1972
           5     69.1972
           6     69.1972
           7     69.1972
           8     69.1972
           9     69.1972
          10     69.1972
          11     69.1972
          12     69.1972
          13     69.1972
          14     69.1972
          15     69.1972
          16     69.1972
          17     69.1972
          18     69.1972
          19     69.1972
          20     68.8419
          21     68.8419
          22     68.8419
          23     68.8419
          24     68.8419
          25     68.8419
          26     68.8419
          27     68.8419
          28     68.8419
          29     68.8419
          30     68.8419
          31     68.8419
          32     68.8419
          33     68.8419
          34     68.8419
          35     68.4859
          36     68.4859
          37     68.4859
          38     68.4859
          39     68.4859
          40     68.4859
          41     68.4859
          42     68.4859
          43     68.4859
          44     68.4859
          45     68.4859
          46     68.4859
          47     68.4859
          48     68.4859
          49     68.4859
          50     68.4859
          51     68.4859
          52     68.4859
          53     68.4859
          54     68.4859
          55     68.4859
          56     68.4859
          57     68.4859
          58     68.4859
          59     68.4859
          60     68.4859
          61     68.4859
          62     68.4859
          63     68.4859
          64     68.3737
          65     68.3737
          66     68.3737
          67     68.3737
          68     68.3737
          69     68.3737
          70     68.3737
          71     68.3737
          72     68.3737
          73     68.3737
          74     68.3737
          75     68.3737
          76     68.3737
          77     68.3737
          78     68.3737
          79     68.3737
          80     68.3737
          81     68.3737
          82     68.3737
          83     68.3737
          84     68.3737
          85     68.3737
          86     68.3737
          87     68.3737
          88     68.3737
          89     68.3737
          90     68.3737
          91     68.3737
          92     68.3737
          93     68.3737
          94     68.3737
          95     68.3737
          96     68.3737
          97     68.3737
          98     68.3737
          99     68.3737
           0     68.3737
           1     68.3737
           2     68.3737
           3     68.3737
           4     68.3737
           5     68.3737
           6     68.3737
           7     68.3737
           8     68.3737
           9     68.3737
          10     68.3737
          11     68.3737
          12     68.3737
          13     68.3737
          14     68.3737
          15     68.3737
          16     68.3737
          17     68.3737
          18     68.3737
          19     68.3737
          20     68.3737
          21     68.3737
          22     68.3737
          23     68.3737
          24     68.3737
          25     68.3737
          26     68.3737
          27     68.3737
          28     68.3737
          29     68.3737
          30     68.3737
          31     68.3737
          32     68.3737
          33     68.3737
          34     68.3737
          35     68.3737
          36     68.3737
          37     68.3737
          38     68.3737
          39     68.3737
          40     68.3737
          41     68.3737
          42     68.3737
          43     68.3737
          44     68.3737
          45     68.3737
          46     68.3737
          47     68.3737
          48     68.3737
          49     68.3737
          50     68.3737
          51     68.3737
          52     68.3737
          53     68.3737
          54     68.3737
          55     68.3737
          56     68.3737
          57     68.3737
          58     68.3737
          59     68.3737
          60     68.3737
          61     68.3737
          62     68.3737
          63     68.3737
          64     68.3737
          65     68.3737
          66     68.3737
          67     68.3737
          68     68.3737
          69     68.3737
          70     68.3737
          71     68.3737
          72     68.3737
          73     68.3737
          74     68.3737
          75     68.3737
          76     68.3737
          77     68.3737
          78     68.3737
          79     68.3737
          80     68.3737
          81     68.3737
          82     68.3737
          83     68.3737
          84     68.3737
          85     68.3737
          86     68.3737
          87     68.3737
          88     68.3737
          89     68.3737
          90     68.3737
          91     68.3737
          92     68.2707
          93     68.2707
          94     68.2707
          95     68.2707
          96     68.2707
          97     68.2707
          98     68.2707
          99     68.2707
           0     67.9259
           1     67.9259
           2     67.9259
           3     67.9259
           4     67.9259
           5     67.9259
           6     67.9259
           7     67.9259
           8     67.9259
           9     67.9259
          10     67.9259
          11     67.9259
          12     67.9259
          13     67.9259
          14     67.9259
          15     67.9259
          16     67.9259
          17     67.9259
          18     67.9259
          19     67.9259
          20     67.9259
          21     67.9259
          22     67.9259
          23     67.9259
          24     67.9259
          25     67.9259
          26     67.9259
          27     67.9259
          28     67.9259
          29     67.9259
          30     67.9259
          31     67.9259
          32     67.9259
          33     67.9259
          34     67.9259
          35     67.9259
          36     67.9259
          37     67.9259
          38     67.9259
          39     67.9259
          40     67.9259
          41     67.9259
          42     67.9259
          43     67.9259
          44     67.9259
          45     67.9259
          46     67.9259
          47     67.9259
          48     67.9259
          49     67.9259
          50     67.9259
          51     67.9259
          52     67.9259
          53     67.9259
          54     67.9259
          55     67.9259
          56     67.9259
          57     67.9259
          58     67.9259
          59     67.9259
          60     67.7292
          61     67.7292
          62     67.7292
          63     67.7292
          64     67.7292
          65     67.7292
          66     67.7292
          67     67.7292
          68     67.7292
          69     67.7292
          70     67.7292
          71     67.7292
          72     67.7292
          73     67.7292
          74     67.7292
          75     67.7292
          76     67.7292
          77     67.7292
          78     67.7292
          79     67.7292
          80     67.7292
          81     67.7292
          82     67.7292
          83     67.7292
          84     67.7292
          85     67.7292
          86     67.7292
          87     67.7292
          88     67.7292
          89     67.7292
          90     67.7292
          91     67.7292
          92     67.7292
          93     67.7292
          94     67.7292
          95     67.7292
          96     67.7292
          97     67.7292
          98     67.7292
          99     67.7292
           0     67.2967
           1     67.2967
           2     67.1938
           3     67.1938
           4     67.1938
           5     67.1938
           6     67.1938
           7     67.1938
           8     67.0767
           9     67.0767
          10     67.0767
          11     67.0767
          12     67.0767
          13     67.0767
          14     67.0767
          15     67.0767
          16     67.0767
          17     67.0767
          18     67.0767
          19     67.0767
          20     67.0767
          21     67.0767
          22     67.0767
          23     67.0767
          24     67.0767
          25     67.0767
          26     67.0767
          27     67.0767
          28     67.0767
          29     67.0767
          30     67.0767
          31     67.0767
          32     67.0767
          33     67.0767
          34     67.0767
          35     67.0767
          36     67.0767
          37     67.0767
          38     67.0767
          39     67.0767
          40     67.0767
          41     67.0767
          42     67.0767
          43     67.0767
          44     67.0767
          45     67.0767
          46     67.0767
          47     67.0767
          48     67.0767
          49     67.0767
          50     67.0767
          51     67.0767
          52     67.0767
          53     67.0767
          54     67.0767
          55     67.0767
          56     67.0767
          57     67.0767
          58     66.4424
          59     66.4424
          60     66.4424
          61     66.4424
          62     66.4424
          63     66.4424
          64     66.4424
          65     66.4424
          66     66.4424
          67     66.4424
          68     66.4424
          69     66.4424
          70     66.4424
          71     66.4424
          72     66.4424
          73     66.4424
          74     66.4424
          75     66.4424
          76     66.4424
          77     66.4424
          78     66.4424
          79     66.4424
          80     66.4424
          81     66.4424
          82     66.4424
          83     66.4424
          84     66.4424
          85     66.4424
          86     66.4424
          87     66.4424
          88     66.4424
          89     66.4424
          90     66.4424
          91     66.4424
          92     66.4424
          93     66.4424
          94     66.4424
          95     66.3966
          96     66.3966
          97     66.3966
          98     66.3966
          99     66.3966
           0     66.3966
           1     66.3966
           2     66.3966
           3     66.3966
           4     66.3966
           5     66.3966
           6     66.3966
           7     66.3966
           8     66.3966
           9     66.3966
          10     66.3966
          11     66.3966
          12     66.3966
          13     66.3966
          14     66.3966
          15     66.3966
          16     66.3966
          17     66.3966
          18     66.3966
          19     66.3966
          20     66.3966
          21     66.3966
          22     66.3966
          23     66.3966
          24     66.3966
          25     66.3966
          26     66.3966
          27     66.3966
          28     66.3966
          29     66.3966
          30     66.3966
          31     66.3966
          32     66.3966
          33     66.3966
          34     66.3966
          35     66.3966
          36     66.3966
          37     66.3966
          38     66.3966
          39     66.3966
          40     66.3966
          41     66.3966
          42     66.3966
          43     66.3966
          44     66.3966
          45     66.3966
          46     66.3966
          47     66.3966
          48     66.3966
          49     66.3966
          50     66.3966
          51     66.3966
          52     66.3966
          53     66.3966
          54     66.3966
          55     66.3966
          56     66.3966
          57     66.3966
          58     66.3966
          59     66.3966
          60     66.3966
          61     66.3966
          62     66.3966
          63     66.3966
          64     66.3966
          65     66.3966
          66     66.3966
          67     66.3966
          68     66.3966
          69     66.3966
          70     66.3966
          71     66.3966
          72     66.3966
          73     66.3966
          74     66.3966
          75     66.3966
          76     66.3966
          77     66.3966
          78     66.3966
          79     66.3966
          80     66.3966
          81     66.3966
          82     66.3966
          83     66.3966
          84     66.3966
          85     66.3966
          86     66.3966
          87     66.3966
          88     66.3966
          89     66.3966
          90     66.3966
          91     66.3966
          92     66.3966
          93     66.3966
          94     66.3966
          95     66.3966
          96     66.3966
          97     66.3966
          98     66.3966
          99     66.3966
           0     66.3966
           1     66.3966
           2     66.3966
           3     66.3966
           4     66.3966
           5     66.3966
           6     66.3966
           7     66.3966
           8     66.3966
           9     66.3966
          10     66.3966
          11     66.3966
          12     66.3966
          13     66.3966
          14     66.3966
          15     66.3966
          16     66.3966
          17     66.3966
          18     66.3966
          19     66.3966
          20     66.3966
          21     66.3966
          22     66.3966
          23     66.3966
          24     66.3966
          25     66.3966
          26     66.3966
          27     66.3966
          28     66.3966
          29     66.3966
          30     66.3966
          31     66.3966
          32     66.3966
          33     66.3966
          34     66.3966
          35     66.3966
          36     66.3966
          37     66.3966
          38     66.3966
          39     66.3966
          40     66.3966
          41     66.3966
          42     66.3966
          43     66.3966
          44     66.3966
          45     66.3966
          46     66.3966
          47     66.3966
          48     66.3966
          49     66.3966
          50     66.3966
          51     66.3966
          52     66.3966
          53     66.3966
          54     66.3966
          55     66.3966
          56     66.3966
          57     66.3966
          58     66.3966
          59     66.3966
          60     66.3966
          61     66.3966
          62     66.3966
          63     66.3966
          64     66.3966
          65     66.3966
          66     66.3966
          67     66.3966
          68     66.3966
          69     66.3966
          70     66.3966
          71     66.3966
          72     66.3966
          73     66.3966
          74     66.3966
          75     66.3966
          76     66.3966
          77     66.3966
          78     66.3966
          79     66.3966
          80     66.3966
          81     66.3966
          82     66.3966
          83     66.3966
          84     66.3966
          85     66.3966
          86     66.3966
          87     66.3966
          88     66.3966
          89     66.3966
          90     66.3966
          91     66.3966
          92     66.3966
          93     66.3966
          94     66.3966
          95     66.3966
          96     66.3966
          97     66.3966
          98     66.3966
          99     66.3966
           0     66.2312
           1     66.2312
           2     66.2312
           3     66.2312
           4     66.2312
           5     66.2312
           6     66.2312
           7     66.2312
           8     66.2312
           9     66.2312
          10     66.2312
          11     66.2312
          12     66.2312
          13     66.2312
          14     66.2312
          15     66.2312
          16     66.2312
          17     66.2312
          18     66.2312
          19     66.2312
          20     66.2312
          21     66.2312
          22     66.2312
          23     66.2312
          24     66.2312
          25     66.2312
          26     66.2312
          27     66.2312
          28     66.2312
          29     66.2312
          30     66.2312
          31     66.2312
          32     66.2312
          33     66.2312
          34     66.2312
          35     66.2312
          36     66.2312
          37     66.2312
          38     66.2312
          39     66.2312
          40     66.2312
          41     66.2312
          42     66.2312
          43     66.2312
          44     66.2312
          45     66.2312
          46     66.2312
          47     66.2312
          48     66.2312
          49     66.2312
          50     66.2312
          51     66.2312
          52     66.2312
          53     66.2312
          54     66.2312
          55     66.2312
          56     66.2312
          57     66.2312
          58     66.2312
          59     66.2312
          60     66.2312
          61     66.2312
          62     66.2312
          63     66.2312
          64     66.2312
          65     66.2312
          66     66.2312
          67     66.2312
          68     66.2312
          69     66.2312
          70     66.2312
          71     66.2312
          72     66.2312
          73     66.2312
          74     66.2312
          75     66.2312
          76     66.2312
          77     66.2312
          78     66.2312
          79     66.2312
          80     66.2312
          81     66.2312
          82     66.2312
          83     66.2312
          84     66.2312
          85     66.2312
          86     66.2312
          87     66.2312
          88     66.2312
          89     66.2312
          90     66.2312
          91     66.2312
          92     66.2312
          93     66.2312
          94     66.2312
          95     66.2312
          96     66.2312
          97     66.2312
          98     66.2312
          99     66.2312
           0     66.2312
           1     66.2312
           2     66.2312
           3     66.2312
           4     66.2312
           5     66.2312
           6     66.2312
           7     66.2312
           8     66.2312
           9     66.2312
          10     66.2312
          11     66.2312
          12     66.2312
          13     66.2312
          14     66.2312
          15     66.2312
          16     66.2312
          17     66.2312
          18     66.2312
          19     66.2312
          20     66.2312
          21     66.2312
          22     66.2312
          23     66.2312
          24     66.2312
          25     66.2312
          26     66.2312
          27     66.2312
          28     66.2312
          29     66.2312
          30     66.2312
          31     66.2312
          32     66.2312
          33     66.2312
          34     66.2312
          35     66.2312
          36     66.2312
          37     66.2312
          38     66.2312
          39     66.2312
          40     66.2312
          41     66.2312
          42     66.2312
          43     66.2312
          44     66.2312
          45     66.2312
          46     66.2312
          47     66.2312
          48     66.2312
          49     66.2312
          50     66.2312
          51     66.2312
          52     66.2312
          53     66.2312
          54     66.2312
          55     66.2312
          56     66.2312
          57     66.2312
          58     66.2312
          59     66.2312
          60     66.2312
          61     66.2312
          62     66.2312
          63     66.2312
          64     66.2312
          65     66.2312
          66     66.2312
          67     66.2312
          68     66.2312
          69     66.2312
          70     66.2312
          71     66.2312
          72     66.2312
          73     66.2312
          74     66.2312
          75     66.2312
          76     66.2312
          77     66.2312
          78     66.2312
          79     66.2312
          80     66.2312
          81     66.2312
          82     66.2312
          83     66.2312
          84     66.2312
          85     66.2312
          86     66.2312
          87     66.2312
          88     66.2312
          89     66.2312
          90     66.2312
          91     66.2312
          92     66.2312
          93     66.2312
          94     66.2312
          95     66.2312
          96     66.2312
          97     66.2312
          98     66.2312
          99     66.2312
