           0     133.874
           1      128.56
           2      128.56
           3     126.605
           4     120.911
           5     119.728
           6     118.148
           7     115.725
           8     112.144
           9     112.011
          10     109.024
          11     108.809
          12     107.203
          13      105.59
          14     104.069
          15     101.791
          16     98.7579
          17     97.5591
          18     97.5591
          19       96.29
          20     96.2638
          21     95.3097
          22     93.3962
          23     92.5147
          24     92.1953
          25     89.0983
          26     89.0864
          27     86.4689
          28     85.0267
          29     84.6725
          30     84.0051
          31     83.7862
          32     81.9706
          33     81.7807
          34     80.4162
          35     80.4162
          36     79.9892
          37     79.5835
          38      78.462
          39     76.9889
          40     76.8926
          41     75.0998
          42     75.0998
          43     74.0345
          44     73.3699
          45     72.7847
          46     72.7589
          47     71.5465
          48     71.5465
          49     69.9407
          50     69.3145
          51     69.2467
          52     69.1096
          53     68.4966
          54     68.1654
          55     67.1265
          56     66.8879
          57     66.8879
          58     66.1317
          59     65.9485
          60     64.9538
          61     64.9538
          62     64.2132
          63     64.0046
          64     63.5478
          65      62.457
          66      62.457
          67     62.0836
          68     62.0836
          69     61.3402
          70     60.3725
          71     60.3725
          72     60.3207
          73     59.5595
          74     58.5918
          75     58.5918
          76     56.6448
          77     56.6448
          78     54.9983
          79      54.182
          80     54.1098
          81     53.8963
          82     53.8963
          83     53.8963
          84      53.836
          85      53.836
          86     53.6576
          87      53.049
          88     53.0083
          89     52.6074
          90     52.6074
          91     51.6514
          92     51.6514
          93      51.217
          94     49.9026
          95     49.7411
          96     48.8376
          97     48.3582
          98     48.3582
          99     48.2854
           0     46.8918
           1     46.8918
           2     46.8602
           3      46.653
           4     46.5245
           5     46.1551
           6     45.9931
           7     45.8784
           8     45.8504
           9     45.3208
          10     43.9611
          11     43.9611
          12     43.9611
          13       43.65
          14     43.3247
          15     43.3247
          16     43.2736
          17     43.2732
          18     43.2729
          19     43.0755
          20     42.7008
          21      42.043
          22     41.8449
          23     41.6109
          24     41.6105
          25     41.0381
          26     41.0381
          27     40.4839
          28     40.4839
          29     40.4839
          30     40.2017
          31     40.2017
          32     40.2017
          33     39.9387
          34     39.8474
          35     39.6967
          36     37.4147
          37     37.4147
          38     37.3241
          39     37.3241
          40     37.0821
          41     37.0821
          42     37.0742
          43     36.8321
          44     36.8321
          45     36.8321
          46     36.8321
          47     36.5427
          48       36.54
          49     36.2553
          50     36.2553
          51     35.1747
          52     35.1747
          53     35.1747
          54     34.6186
          55     34.6186
          56     34.4412
          57     33.6134
          58       32.75
          59       32.75
          60     32.2456
          61     32.2456
          62     32.2456
          63     32.2456
          64     32.1768
          65     32.1114
          66     31.9781
          67     31.9163
          68     31.7268
          69     30.8457
          70     30.5945
          71     30.5945
          72     30.5945
          73     30.5945
          74     30.5945
          75     30.5945
          76     30.5945
          77     29.0839
          78     29.0839
          79     29.0839
          80     29.0839
          81     29.0839
          82     29.0813
          83     29.0813
          84     28.9328
          85     28.9302
          86     28.9302
          87     28.9302
          88     28.7403
          89     28.7403
          90     28.7384
          91     28.4538
          92     28.4538
          93     28.4492
          94     28.4492
          95     28.1079
          96     28.1079
          97      28.104
          98     27.8681
          99     27.8681
           0     27.8681
           1     27.8681
           2     27.8681
           3     27.5401
           4     27.4049
           5     27.4049
           6     26.5731
           7     26.5731
           8     26.5731
           9     26.5731
          10     26.4227
          11     25.6654
          12     25.6654
          13     25.5151
          14     25.5151
          15     25.2106
          16     25.2106
          17     25.2106
          18     25.2106
          19      24.951
          20     24.4276
          21     24.4276
          22     24.4276
          23     24.4276
          24     24.4276
          25     24.4276
          26     24.4276
          27     24.4276
          28     24.4276
          29     24.4273
          30     23.9154
          31     23.9154
          32     23.7733
          33     23.7733
          34     23.7733
          35     23.6878
          36     23.6878
          37     23.6878
          38     23.5457
          39     23.3325
          40     23.3325
          41     22.8533
          42     22.8533
          43      22.844
          44      22.844
          45     22.6896
          46     22.6802
          47     22.0439
          48     22.0439
          49     22.0439
          50     21.9691
          51     21.9691
          52      21.952
          53     21.7149
          54     21.7149
          55     21.7149
          56     21.7149
          57     21.7149
          58     21.7149
          59     21.7149
          60     21.3646
          61     21.3646
          62     21.3646
          63     21.1247
          64     21.1247
          65     21.1247
          66     21.1232
          67     21.1232
          68     21.1232
          69     21.1232
          70     21.0678
          71     21.0678
          72     21.0678
          73     21.0673
          74     21.0673
          75     21.0673
          76     21.0673
          77     21.0673
          78      21.012
          79      21.012
          80      21.012
          81      21.012
          82      21.012
          83     20.9831
          84     20.4273
          85     20.4273
          86     20.2684
          87     20.2684
          88     20.2684
          89     20.2684
          90     20.2684
          91     20.2674
          92     20.2674
          93     20.2674
          94     20.2661
          95     20.2661
          96     20.2661
          97     20.2651
          98     20.2651
          99     20.2651
           0     20.1798
           1     20.1798
           2     19.9119
           3     19.9119
           4     19.9119
           5     19.8266
           6     19.8256
           7     19.8256
           8     19.1975
           9     19.1975
          10     19.1975
          11     19.1975
          12     19.1975
          13     19.1975
          14     19.1975
          15     19.1975
          16     19.1122
          17     19.1122
          18     19.1122
          19     19.0852
          20     18.9998
          21     18.9998
          22     18.9998
          23     18.9998
          24     18.9723
          25     18.9723
          26     18.9723
          27     18.9723
          28     18.8824
          29     18.8824
          30     18.8824
          31     18.7131
          32     18.5389
          33     18.5389
          34     18.5389
          35     18.5389
          36      18.418
          37      18.418
          38      18.418
          39     18.3391
          40     18.3391
          41     18.3391
          42     18.2663
          43     18.2663
          44     18.1209
          45     18.1209
          46     18.0827
          47     18.0827
          48     18.0827
          49     18.0827
          50     18.0827
          51     18.0827
          52     18.0827
          53     18.0827
          54     18.0827
          55     18.0827
          56     18.0827
          57     18.0827
          58     18.0818
          59     18.0818
          60     18.0818
          61     18.0818
          62     18.0818
          63     18.0818
          64     18.0818
          65     18.0818
          66     18.0818
          67     18.0818
          68     18.0818
          69     18.0818
          70     18.0818
          71     17.8953
          72     17.8953
          73     17.8953
          74     17.8953
          75     17.8953
          76      17.883
          77      17.883
          78      17.883
          79      17.883
          80      17.883
          81      17.883
          82     17.8411
          83     17.8411
          84     17.8407
          85     17.8407
          86     17.8407
          87     17.8407
          88     17.8407
          89     17.8407
          90     17.8407
          91     17.8407
          92     17.8407
          93     17.8407
          94     17.8407
          95     17.8407
          96     17.8407
          97     17.8407
          98     17.8407
          99     17.8407
           0     17.8407
           1     17.8407
           2     17.8407
           3     17.8407
           4     17.8407
           5     17.8118
           6     17.8118
           7     17.8118
           8     17.8118
           9     17.7865
          10     17.7865
          11     17.7865
          12     17.7865
          13     17.7865
          14     17.5851
          15     17.5851
          16     17.5851
          17     17.5851
          18     17.5851
          19     17.5851
          20     17.5851
          21     17.5851
          22     17.5851
          23     17.5851
          24     17.5851
          25     17.5851
          26     17.5851
          27     17.5851
          28     17.5851
          29     17.4276
          30     17.4276
          31     17.4276
          32     17.4274
          33     17.4274
          34     17.4274
          35     17.4011
          36     17.2433
          37     17.2433
          38     17.2433
          39     17.2433
          40     17.2235
          41     17.2235
          42     17.2235
          43     17.2235
          44     17.2235
          45     17.2235
          46     17.2235
          47     17.2235
          48     17.2235
          49     17.2235
          50     17.2235
          51     17.2235
          52     17.1976
          53     17.1976
          54     17.1976
          55     17.1976
          56     17.1976
          57     17.1976
          58     17.1976
          59     17.1976
          60     17.1976
          61     17.1976
          62     17.1976
          63     17.1976
          64     17.1976
          65     17.1976
          66     17.1976
          67     17.1976
          68     17.1976
          69     17.1976
          70     17.1976
          71     17.1976
          72     17.1976
          73     17.1976
          74     17.1976
          75     17.1976
          76     17.1976
          77     17.1976
          78     17.1976
          79     17.1976
          80     17.1976
          81     17.1976
          82     17.1976
          83     17.1976
          84     17.1707
          85     17.1707
          86     17.1707
          87     17.1707
          88     17.1707
          89      17.106
          90      17.106
          91      17.106
          92      17.106
          93      17.106
          94      17.106
          95      17.106
          96      17.106
          97      17.106
          98      17.106
          99     17.0074
           0     17.0074
           1     17.0074
           2     17.0074
           3     17.0074
           4     17.0074
           5     17.0074
           6     17.0074
           7     17.0074
           8     17.0049
           9     17.0049
          10     17.0049
          11     17.0049
          12     17.0036
          13     17.0036
          14     17.0036
          15     17.0036
          16     17.0036
          17     17.0036
          18     17.0036
          19     17.0036
          20     17.0036
          21     17.0036
          22     17.0036
          23     17.0036
          24     17.0036
          25     17.0036
          26     17.0036
          27     17.0036
          28     17.0036
          29     17.0036
          30     17.0036
          31     17.0036
          32     17.0036
          33     17.0036
          34     17.0036
          35     17.0036
          36     17.0036
          37     17.0036
          38     17.0036
          39     17.0036
          40     17.0036
          41     17.0036
          42     17.0036
          43     17.0036
          44     17.0036
          45     17.0036
          46     17.0036
          47     16.8658
          48     16.8658
          49     16.8658
          50     16.8658
          51     16.8658
          52     16.8658
          53     16.8658
          54     16.8658
          55     16.8658
          56     16.8658
          57     16.7077
          58     16.7077
          59     16.7077
          60     16.7077
          61     16.7077
          62     16.7077
          63     16.7077
          64     16.7077
          65     16.7077
          66     16.7077
          67     16.7077
          68     16.7077
          69     16.7063
          70     16.7063
          71     16.6935
          72     16.6935
          73     16.6935
          74     16.6921
          75     16.6921
          76     16.6921
          77     16.6921
          78     16.6921
          79     16.6921
          80     16.6921
          81     16.6921
          82     16.6921
          83     16.6921
          84     16.6921
          85     16.6921
          86     16.5841
          87     16.5841
          88     16.5841
          89     16.5841
          90     16.5841
          91     16.5839
          92     16.5839
          93     16.5839
          94     16.5839
          95     16.5839
          96     16.5839
          97     16.5683
          98     16.5683
          99     16.4908
           0     16.4908
           1     16.4908
           2     16.4752
           3     16.4752
           4     16.4752
           5     16.4752
           6     16.4752
           7     16.3342
           8     16.3342
           9     16.3342
          10     16.3342
          11     16.3267
          12      16.321
          13      16.321
          14      16.321
          15      16.321
          16      16.321
          17      16.321
          18      16.321
          19      16.321
          20      16.321
          21     16.2593
          22     16.2593
          23     16.2593
          24     16.2593
          25     16.2573
          26     16.0417
          27     16.0417
          28     16.0064
          29     16.0064
          30     16.0064
          31     16.0032
          32     15.8112
          33     15.8112
          34      15.729
          35      15.727
          36      15.535
          37      15.535
          38      15.535
          39      15.535
          40      15.535
          41      15.535
          42      15.535
          43      15.535
          44      15.535
          45      15.535
          46      15.535
          47     15.5016
          48     15.3398
          49     15.3398
          50     15.3398
          51     15.3064
          52     15.3064
          53     15.0412
          54      14.846
          55      14.846
          56     14.7738
          57     14.7738
          58     14.7599
          59     14.7599
          60     14.7599
          61     14.7599
          62     14.7599
          63     14.6877
          64     14.6877
          65     14.6877
          66     14.6877
          67     14.3735
          68     14.3735
          69     14.3735
          70     14.3735
          71     14.3735
          72     14.3735
          73     14.3735
          74     14.3735
          75     14.3735
          76     14.1549
          77      14.083
          78      14.083
          79     14.0545
          80     14.0545
          81     14.0545
          82     14.0545
          83     14.0532
          84     14.0112
          85     14.0112
          86     14.0112
          87     14.0112
          88     14.0112
          89     14.0112
          90     14.0112
          91     14.0112
          92     14.0112
          93     14.0112
          94     14.0112
          95     14.0112
          96     14.0108
          97     14.0108
          98     14.0108
          99      13.974
           0      13.974
           1     13.9736
           2     13.9736
           3     13.9736
           4     13.9736
           5     13.9736
           6     13.9736
           7     13.9736
           8     13.9736
           9     13.9736
          10     13.9736
          11     13.9736
          12     13.9736
          13     13.9736
          14     13.9736
          15     13.9736
          16     13.9736
          17     13.9736
          18     13.9736
          19     13.9736
          20     13.9736
          21     13.9736
          22     13.9736
          23     13.9736
          24     13.9736
          25     13.9736
          26     13.9736
          27     13.9736
          28     13.9736
          29     13.9736
          30     13.9736
          31     13.9736
          32     13.9736
          33     13.9736
          34     13.9736
          35     13.9736
          36     13.9736
          37     13.9736
          38     13.9736
          39     13.9729
          40     13.9729
          41     13.9729
          42     13.9729
          43     13.9729
          44     13.9729
          45      13.946
          46      13.946
          47      13.946
          48     13.6401
          49     13.6132
          50     13.6132
          51     13.6132
          52     13.6132
          53     13.4772
          54     13.4772
          55     13.4772
          56     13.3895
          57     13.3895
          58     12.9224
          59     12.9224
          60     12.8348
          61     12.8348
          62     12.8348
          63     12.8348
          64     12.8348
          65     12.8348
          66     12.8348
          67      12.792
          68      12.792
          69      12.792
          70      12.792
          71      12.792
          72      12.792
          73     12.7821
          74     12.7821
          75     12.7821
          76     12.7821
          77     12.7821
          78     12.7821
          79     12.7821
          80     12.7821
          81     12.7821
          82     12.7216
          83     12.6381
          84     12.6381
          85     12.6074
          86     12.5774
          87     12.5774
          88     12.5774
          89     12.2098
          90     12.2098
          91     12.2098
          92     12.2098
          93     12.2098
          94      12.106
          95      12.106
          96      12.106
          97      12.106
          98      12.106
          99      12.106
           0      12.106
           1      12.106
           2      12.106
           3      12.106
           4      12.106
           5      12.106
           6      12.106
           7      12.106
           8      12.106
           9      12.106
          10      12.106
          11      12.106
          12     12.1059
          13     12.1059
          14     12.1059
          15     12.1059
          16     12.1059
          17     12.1059
          18     12.1059
          19     12.1059
          20     12.1059
          21     12.1059
          22     12.1059
          23     12.1059
          24     12.1059
          25     12.1059
          26     12.1059
          27     11.9548
          28     11.9548
          29     11.8148
          30     11.8148
          31     11.8148
          32     11.8146
          33     11.8146
          34     11.8146
          35     11.8146
          36     11.6635
          37     11.6635
          38     11.6635
          39     11.6635
          40     11.6635
          41     11.6635
          42     11.6635
          43     11.6635
          44     11.6635
          45     11.6635
          46     11.6635
          47     11.6072
          48     11.6072
          49     11.5497
          50     11.5497
          51     11.5497
          52     11.5497
          53     11.5496
          54     11.5496
          55     11.5496
          56     11.5496
          57     11.4671
          58     11.4671
          59     11.4671
          60     11.4671
          61     11.4671
          62     11.4671
          63     11.4671
          64     11.4671
          65     11.4671
          66     11.4671
          67     11.4671
          68     11.4671
          69     11.4671
          70     11.4671
          71     11.4671
          72     11.4671
          73     11.4671
          74     11.4671
          75     11.4671
          76     11.4671
          77     11.4671
          78     11.4671
          79     11.4671
          80     11.4671
          81     11.4671
          82     11.4671
          83     11.4671
          84     11.4671
          85      11.415
          86      11.415
          87      11.415
          88      11.415
          89      11.415
          90      11.415
          91      11.415
          92      11.415
          93      11.415
          94      11.415
          95      11.415
          96      11.415
          97      11.415
          98      11.415
          99      11.415
           0      11.415
           1      11.415
           2      11.415
           3      11.415
           4      11.415
           5      11.415
           6      11.415
           7      11.415
           8      11.415
           9      11.415
          10      11.415
          11      11.415
          12      11.415
          13      11.415
          14      11.415
          15      11.415
          16      11.415
          17      11.415
          18      11.415
          19      11.415
          20      11.415
          21     11.1598
          22     11.1598
          23     11.1598
          24     11.1598
          25     11.1598
          26     11.1598
          27     11.1598
          28     11.1598
          29     11.1598
          30      11.074
          31      11.074
          32      11.074
          33      11.074
          34     10.6613
          35     10.6613
          36     10.5017
          37     10.5017
          38     10.4763
          39     10.4763
          40     10.4763
          41     10.4763
          42     10.4752
          43     10.4463
          44     10.4463
          45     10.4463
          46     10.4463
          47     10.4463
          48     10.4463
          49     10.4463
          50     10.4452
          51      10.445
          52      10.445
          53      10.445
          54      10.445
          55      10.445
          56      10.445
          57      10.445
          58     10.4437
          59     10.4437
          60     10.1808
          61     10.1808
          62     10.1796
          63     10.1796
          64     10.1795
          65     10.1795
          66     10.1795
          67     10.1795
          68     10.1795
          69     10.1596
          70     10.1596
          71     10.1596
          72     10.1596
          73     10.1596
          74     10.1596
          75     10.1491
          76     10.1491
          77     10.1491
          78     10.1491
          79     10.1491
          80     10.1491
          81     10.1276
          82     10.1276
          83     10.1276
          84     10.1276
          85     10.1276
          86     10.1276
          87     10.1276
          88     10.1276
          89     10.1276
          90     9.98406
          91     9.98406
          92     9.98406
          93     9.88961
          94     9.88961
          95     9.88961
          96     9.88961
          97     9.53891
          98     9.53891
          99     9.44446
           0     9.42256
           1     9.42256
           2     9.42256
           3     9.42256
           4     9.42256
           5     9.42256
           6     9.42256
           7     9.42256
           8     9.42256
           9     9.42256
          10     9.42256
          11     9.42256
          12     9.42256
          13     9.42256
          14     9.42256
          15      9.4224
          16      9.4224
          17      9.4224
          18      9.4224
          19      9.4224
          20     9.15992
          21     9.15992
          22     9.15992
          23     9.15992
          24     9.15814
          25     9.15814
          26     9.15814
          27     9.14764
          28      8.9674
          29     8.95512
          30     8.95512
          31     8.95512
          32     8.95512
          33      8.9272
          34      8.9272
          35      8.9272
          36      8.9272
          37      8.9121
          38      8.9121
          39      8.9121
          40      8.9121
          41      8.9121
          42     8.89983
          43     8.89983
          44     8.89983
          45     8.89983
          46     8.89974
          47     8.89974
          48     8.89974
          49     8.89974
          50     8.89974
          51     8.89974
          52     8.89974
          53     8.89974
          54     8.89974
          55     8.89974
          56     8.89974
          57     8.89974
          58     8.89974
          59     8.89974
          60     8.89974
          61     8.89974
          62     8.89974
          63     8.89974
          64     8.89974
          65     8.89974
          66     8.84302
          67     8.84302
          68     8.84302
          69     8.84302
          70     8.84302
          71     8.84302
          72     8.84302
          73     8.84302
          74     8.83401
          75     8.83401
          76     8.83401
          77     8.83401
          78     8.60024
          79     8.60024
          80     8.60024
          81     8.60024
          82     8.60024
          83     8.48505
          84     8.48505
          85     8.48505
          86     8.48505
          87     8.48505
          88     8.48505
          89     8.48505
          90     8.48505
          91     8.48505
          92     8.48505
          93     8.48505
          94     8.48505
          95     8.48505
          96     8.48505
          97     8.48505
          98     8.48505
          99     8.48505
           0     8.48505
           1     8.48505
           2     8.48505
           3     8.48478
           4     8.48478
           5     8.48478
           6     8.48478
           7     8.48478
           8     8.48478
           9     8.48478
          10     8.48478
          11     8.48478
          12     8.48478
          13     8.48472
          14     8.48472
          15     8.48472
          16     8.48472
          17     8.27365
          18     8.27365
          19     8.27365
          20     8.27365
          21     8.27365
          22     8.27365
          23     8.27365
          24     8.27365
          25     8.19612
          26     8.19612
          27     8.19612
          28     8.19612
          29     8.19612
          30     8.19612
          31     8.11943
          32     8.11531
          33     8.11531
          34     8.11531
          35     8.11531
          36     8.11531
          37     8.11531
          38     8.07791
          39     8.07683
          40     8.07683
          41     8.07683
          42     8.07683
          43     8.07683
          44     8.07683
          45     8.07683
          46     8.07683
          47     8.07683
          48     8.07683
          49     8.07683
          50     8.07683
          51     8.07683
          52     8.07683
          53     8.07683
          54     8.07683
          55     8.07683
          56     8.07683
          57     8.07683
          58     8.07683
          59     8.07683
          60     8.07683
          61     8.07683
          62     8.07683
          63     8.07683
          64     8.07683
          65     8.07683
          66     8.07683
          67     8.07683
          68     8.07683
          69     8.07683
          70     8.07683
          71     8.07683
          72     8.07683
          73     8.07683
          74     7.83985
          75     7.83985
          76     7.83985
          77     7.83985
          78     7.83985
          79     7.83985
          80     7.83985
          81     7.83985
          82     7.83985
          83     7.58816
          84     7.58816
          85     7.58816
          86     7.58816
          87     7.58816
          88     7.58816
          89      7.5449
          90      7.5449
          91      7.5449
          92      7.5449
          93      7.5449
          94      7.5449
          95      7.5449
          96     7.52312
          97     7.52312
          98     7.52312
          99     7.52312
           0     7.52312
           1     7.52312
           2     7.52312
           3     7.52312
           4     7.52312
           5     7.52312
           6     7.52312
           7     7.52298
           8     7.52298
           9     7.52298
          10     7.52298
          11     7.52298
          12     7.52298
          13     7.51522
          14     7.51522
          15     7.51508
          16     7.51508
          17     7.51508
          18     7.51508
          19     7.51508
          20     7.51508
          21     7.51488
          22     7.51488
          23     7.51488
          24     7.51488
          25     7.23587
          26     7.23587
          27     7.23587
          28     7.23587
          29     7.23587
          30     7.23587
          31     7.23587
          32     7.23587
          33     7.20708
          34     7.20708
          35     7.20708
          36     7.20708
          37     7.20708
          38     7.20708
          39     7.20708
          40     7.20708
          41     7.20708
          42     7.20708
          43     7.20708
          44     7.20708
          45     7.20708
          46     7.20708
          47     7.20708
          48     7.20708
          49     7.20708
          50     7.20708
          51     7.20708
          52     7.20708
          53     7.20708
          54     7.07711
          55     7.07699
          56     7.07699
          57     7.07699
          58     7.07699
          59     7.07699
          60     7.07699
          61     7.07699
          62     7.07699
          63     7.07637
          64     7.07637
          65     7.07637
          66     7.07637
          67     7.07637
          68     7.07637
          69     7.07637
          70     7.07637
          71     7.07637
          72     7.07637
          73     7.07637
          74     7.07637
          75     7.07637
          76     7.07637
          77     7.07637
          78     7.07637
          79     7.07637
          80     7.07637
          81     7.07637
          82     7.07637
          83     7.07637
          84     7.07533
          85     7.07533
          86     7.07533
          87     7.07533
          88     7.07533
          89     7.07533
          90     7.07533
          91     7.07533
          92     7.07533
          93     7.07533
          94     7.07533
          95     7.07533
          96     7.07533
          97     7.07533
          98     7.07533
          99     7.07533
           0     7.07533
           1     7.07533
           2     7.07533
           3     7.07533
           4     7.07533
           5     7.07533
           6     7.07533
           7     7.07533
           8     7.07533
           9     7.07533
          10     7.07533
          11     7.07533
          12     7.07533
          13     7.07533
          14     7.07533
          15     7.07533
          16     7.07533
          17     7.07533
          18     7.07533
          19     7.07533
          20     7.07533
          21     7.07533
          22     7.07533
          23     7.07533
          24     7.07533
          25     7.07533
          26     7.07533
          27     7.07533
          28     7.07533
          29     7.07533
          30     7.07533
          31     7.03579
          32     7.03579
          33     7.03579
          34     7.03579
          35     7.03579
          36     7.03579
          37     7.03579
          38     7.00956
          39     7.00956
          40     7.00956
          41     7.00956
          42     7.00956
          43     6.88928
          44     6.88928
          45     6.88928
          46     6.88928
          47     6.88928
          48     6.88928
          49     6.88928
          50     6.88928
          51     6.88928
          52     6.88928
          53     6.88928
          54     6.88928
          55     6.88928
          56     6.88928
          57     6.88928
          58     6.88928
          59     6.88928
          60     6.88928
          61     6.88928
          62     6.88928
          63     6.88928
          64     6.88928
          65     6.88928
          66     6.88928
          67     6.88928
          68     6.88928
          69     6.88928
          70     6.88928
          71     6.88928
          72     6.88928
          73     6.88928
          74     6.88928
          75     6.88928
          76     6.88928
          77     6.88928
          78     6.88928
          79     6.88928
          80     6.88928
          81     6.88928
          82     6.88928
          83     6.88928
          84     6.88928
          85     6.88928
          86     6.88928
          87     6.88928
          88     6.88928
          89     6.88928
          90     6.88928
          91     6.88928
          92     6.88928
          93     6.88928
          94     6.88928
          95     6.88928
          96     6.88928
          97     6.88928
          98     6.88928
          99     6.88928
           0     6.88928
           1     6.88928
           2     6.88928
           3     6.88928
           4     6.88928
           5     6.88928
           6     6.88928
           7     6.88928
           8     6.88928
           9     6.88928
          10     6.88928
          11     6.88928
          12     6.88928
          13     6.88928
          14     6.88928
          15     6.88928
          16     6.88928
          17     6.88928
          18     6.88928
          19     6.88928
          20     6.88928
          21     6.88928
          22     6.88928
          23     6.88928
          24     6.88928
          25     6.88928
          26     6.88928
          27     6.88928
          28     6.88928
          29     6.88928
          30     6.88928
          31     6.88928
          32     6.88928
          33     6.88928
          34     6.88928
          35     6.88928
          36     6.88928
          37     6.88928
          38     6.88928
          39     6.88928
          40     6.88928
          41     6.88928
          42     6.88928
          43     6.88928
          44     6.88928
          45     6.88928
          46     6.88928
          47     6.81576
          48     6.81546
          49     6.81546
          50     6.81546
          51     6.81546
          52     6.75996
          53     6.68636
          54     6.68636
          55     6.68636
          56     6.68636
          57     6.68636
          58     6.68636
          59     6.68636
          60     6.68636
          61     6.68636
          62     6.53253
          63     6.53253
          64     6.53253
          65     6.53253
          66     6.53253
          67     6.40496
          68     6.40496
          69     6.40496
          70     6.40496
          71     6.40496
          72     6.38745
          73     6.38745
          74     6.38745
          75     6.38745
          76     6.38745
          77     6.38745
          78     6.38745
          79     6.38745
          80     6.38745
          81     6.38745
          82     6.38745
          83     6.38745
          84     6.38745
          85     6.38745
          86     6.38745
          87     6.38745
          88     6.38745
          89     6.38745
          90     6.38745
          91     6.38745
          92     6.38745
          93     6.38745
          94     6.38745
          95     6.38745
          96     6.38745
          97     6.38745
          98     6.38745
          99     6.38745
           0     6.38745
           1     6.38745
           2     6.38745
           3     6.38745
           4     6.38745
           5     6.38745
           6     6.38745
           7     6.38745
           8     6.38745
           9     6.38745
          10     6.38745
          11     6.38745
          12     6.38745
          13     6.38745
          14     6.38745
          15     6.38745
          16     6.38745
          17     6.38745
          18     6.38745
          19     6.38745
          20     6.38745
          21     6.38745
          22     6.38745
          23     6.38745
          24     6.38745
          25     6.38745
          26     6.38745
          27     6.38745
          28     6.38745
          29     6.38745
          30     6.38745
          31     6.38745
          32     6.38745
          33     6.38745
          34     6.38745
          35     6.38745
          36     6.38745
          37     6.38745
          38     6.38745
          39     6.38745
          40     6.38745
          41     6.38745
          42     6.38745
          43     6.38745
          44     6.38745
          45     6.38745
          46     6.38745
          47     6.38745
          48     6.38745
          49     6.38745
          50     6.38745
          51     6.38745
          52     6.38745
          53     6.38745
          54     6.38745
          55     6.38745
          56     6.38745
          57     6.38745
          58     6.38745
          59     6.38745
          60     6.38745
          61     6.38745
          62     6.38745
          63     6.38745
          64     6.38745
          65     6.38745
          66     6.38745
          67     6.38745
          68     6.38745
          69     6.38745
          70     6.38745
          71     6.38745
          72     6.38745
          73     6.38745
          74     6.38745
          75     6.38745
          76     6.38745
          77     6.38745
          78     6.38745
          79     6.38745
          80     6.38745
          81     6.38745
          82     6.38745
          83     6.38745
          84     6.38745
          85     6.38745
          86     6.38745
          87     6.38745
          88     6.38745
          89     6.38745
          90     6.38745
          91     6.38745
          92     6.38745
          93     6.38745
          94     6.38745
          95     6.38745
          96     6.38745
          97     6.38745
          98     6.38745
          99     6.38745
           0     6.38745
           1     6.38745
           2     6.38745
           3     6.38745
           4     6.38745
           5     6.38745
           6     6.38745
           7     6.38745
           8     6.38745
           9     6.38745
          10     6.38745
          11     6.38745
          12     6.38745
          13     6.38745
          14     6.38745
          15     6.38745
          16     6.38745
          17     6.38745
          18     6.38745
          19     6.38745
          20     6.38745
          21     6.38745
          22     6.38745
          23     6.38745
          24     6.38745
          25     6.38745
          26     6.38745
          27     6.38745
          28     6.38745
          29     6.38745
          30     6.38745
          31     6.38745
          32     6.38745
          33     6.38745
          34     6.38745
          35     6.38745
          36     6.38745
          37     6.38745
          38     6.38745
          39     6.38745
          40     6.38745
          41     6.38745
          42     6.38745
          43     6.38745
          44     6.38745
          45     6.38745
          46     6.38745
          47     6.38745
          48     6.38745
          49     6.38745
          50     6.38745
          51     6.38745
          52     6.38745
          53     6.38745
          54     6.38745
          55     6.38745
          56     6.38745
          57     6.38745
          58     6.38745
          59     6.38745
          60     6.38745
          61     6.38745
          62     6.38745
          63     6.38745
          64     6.38745
          65     6.38745
          66     6.38745
          67     6.38745
          68     6.38745
          69     6.38745
          70     6.38745
          71     6.38745
          72     6.38745
          73     6.38745
          74     6.38745
          75     6.38745
          76     6.38745
          77     6.38745
          78     6.38745
          79     6.38745
          80     6.38745
          81     6.38745
          82     6.38745
          83     6.38745
          84     6.38745
          85     6.38745
          86     6.38745
          87     6.38745
          88     6.38745
          89     6.38745
          90     6.38745
          91     6.38745
          92     6.38745
          93     6.38745
          94     6.38745
          95     6.38745
          96     6.38745
          97     6.38745
          98     6.38745
          99     6.38745
           0     6.38745
           1     6.38745
           2     6.38745
           3     6.38745
           4     6.38745
           5     6.38745
           6     6.38745
           7     6.38745
           8     6.38745
           9     6.38745
          10     6.38745
          11     6.38745
          12     6.38745
          13     6.38745
          14     6.38745
          15     6.38745
          16     6.38745
          17     6.38745
          18     6.38745
          19     6.38745
          20     6.38745
          21     6.38745
          22     6.38745
          23     6.38745
          24     6.38745
          25     6.38745
          26     6.38745
          27     6.38745
          28     6.38745
          29     6.38745
          30     6.38745
          31     6.38745
          32     6.38745
          33     6.38745
          34     6.38745
          35     6.38745
          36     6.38745
          37     6.38745
          38     6.38745
          39     6.38745
          40     6.38745
          41     6.38745
          42     6.38745
          43     6.38745
          44     6.38745
          45     6.38745
          46     6.38745
          47     6.38745
          48     6.38745
          49     6.38745
          50     6.38745
          51     6.38745
          52     6.38745
          53     6.38745
          54     6.38745
          55     6.38745
          56     6.38745
          57     6.38745
          58     6.38745
          59     6.38745
          60     6.38745
          61     6.38745
          62     6.38745
          63     6.38745
          64     6.38745
          65     6.38745
          66     6.38745
          67     6.38745
          68     6.38745
          69     6.38745
          70     6.38745
          71     6.38745
          72     6.38745
          73     6.38745
          74     6.38745
          75     6.38745
          76     6.38745
          77     6.38745
          78     6.38745
          79     6.38745
          80     6.38745
          81     6.38745
          82     6.38745
          83     6.38745
          84     6.38745
          85     6.38745
          86     6.38745
          87     6.38745
          88     6.38745
          89     6.38745
          90     6.38745
          91     6.38745
          92     6.38745
          93     6.38745
          94     6.38745
          95     6.38745
          96     6.38745
          97     6.38745
          98     6.38745
          99     6.38745
           0     6.38745
           1     6.38745
           2     6.38745
           3     6.38745
           4     6.38745
           5     6.38745
           6     6.38745
           7     6.38745
           8     6.38745
           9     6.38745
          10     6.38745
          11     6.38745
          12     6.38745
          13     6.38745
          14     6.38745
          15     6.38745
          16     6.38745
          17     6.38745
          18     6.38745
          19     6.38745
          20     6.38745
          21     6.38745
          22     6.38745
          23     6.38745
          24     6.38745
          25     6.38745
          26     6.38745
          27     6.38745
          28     6.38745
          29     6.38745
          30     6.38745
          31     6.38745
          32     6.38745
          33     6.38745
          34     6.38745
          35     6.38745
          36     6.38745
          37     6.38745
          38     6.38745
          39     6.38745
          40     6.38745
          41     6.38745
          42     6.38745
          43     6.38745
          44     6.38745
          45     6.38745
          46     6.38745
          47     6.38745
          48     6.38745
          49     6.38745
          50     6.38745
          51     6.38745
          52     6.38745
          53     6.38745
          54     6.38745
          55     6.38745
          56     6.38745
          57     6.38745
          58     6.38745
          59     6.38745
          60     6.38745
          61     6.38745
          62     6.38745
          63     6.38745
          64     6.38745
          65     6.38745
          66     6.38745
          67     6.38745
          68     6.38745
          69     6.38745
          70     6.38745
          71     6.38745
          72     6.38745
          73     6.38745
          74     6.38745
          75     6.38745
          76     6.38745
          77     6.38745
          78     6.38745
          79     6.38745
          80     6.38745
          81     6.38745
          82     6.38745
          83     6.38745
          84     6.38745
          85     6.38745
          86     6.38745
          87     6.38745
          88     6.38745
          89     6.38745
          90     6.38745
          91     6.38745
          92     6.38745
          93     6.38745
          94     6.38745
          95     6.38745
          96     6.38745
          97     6.38745
          98     6.38745
          99     6.38745
           0     6.38745
           1     6.38745
           2     6.38745
           3     6.38745
           4     6.38745
           5     6.38745
           6     6.38745
           7     6.38745
           8     6.38745
           9     6.38745
          10     6.38745
          11     6.38745
          12     6.38745
          13     6.38745
          14     6.38745
          15     6.38745
          16     6.38745
          17     6.38745
          18     6.38745
          19     6.38745
          20     6.38745
          21     6.38745
          22     6.38745
          23     6.38745
          24     6.38745
          25     6.38745
          26     6.38745
          27     6.38745
          28     6.38745
          29     6.38745
          30     6.38745
          31     6.38745
          32     6.38745
          33     6.38745
          34     6.38745
          35     6.38745
          36     6.38745
          37     6.38745
          38     6.38745
          39     6.38745
          40     6.38745
          41     6.38745
          42     6.38745
          43     6.38745
          44     6.38745
          45     6.38745
          46     6.38745
          47     6.38745
          48     6.38745
          49     6.38745
          50     6.38745
          51     6.38745
          52     6.38745
          53     6.38745
          54     6.38745
          55     6.38745
          56     6.38745
          57     6.38745
          58     6.38745
          59     6.38745
          60     6.38745
          61     6.38745
          62     6.38745
          63     6.38745
          64     6.38745
          65     6.38745
          66     6.38745
          67     6.38745
          68     6.38745
          69     6.38745
          70     6.38745
          71     6.38745
          72     6.38745
          73     6.38745
          74     6.38745
          75     6.38745
          76     6.38745
          77     6.38745
          78     6.38745
          79     6.38745
          80     6.38745
          81     6.38745
          82     6.38745
          83     6.38745
          84     6.38745
          85     6.38745
          86     6.38745
          87     6.38745
          88     6.38745
          89     6.38745
          90     6.38745
          91     6.38745
          92     6.38745
          93     6.38745
          94     6.38745
          95     6.38745
          96     6.38745
          97     6.38745
          98     6.38745
          99     6.38745
