#gen      BHL
           0     512.942
           1     508.593
           2     501.375
           3     495.201
           4     485.637
           5     476.956
           6     470.011
           7     461.435
           8     451.544
           9     445.152
          10     436.842
          11     431.845
          12      425.41
          13     418.345
          14     407.198
          15     400.511
          16     393.001
          17     382.034
          18     378.122
          19     372.152
          20      364.31
          21     359.001
          22     354.775
          23     350.699
          24     347.043
          25     343.782
          26     339.162
          27     333.646
          28     330.202
          29     328.484
          30         323
          31     319.047
          32     315.946
          33     314.232
          34     313.767
          35     311.654
          36     308.801
          37      307.07
          38      303.39
          39     301.065
          40     299.367
          41     297.614
          42      293.95
          43     292.281
          44     289.594
          45     286.741
          46     283.168
          47     282.189
          48     277.465
          49     274.712
          50     270.795
          51     268.049
          52      266.66
          53     266.224
          54     264.565
          55     263.856
          56     262.536
          57     261.464
          58     257.553
          59     256.189
          60     252.342
          61      250.65
          62     249.344
          63     248.889
          64     247.485
          65     247.216
          66     245.735
          67     244.225
          68     243.565
          69     240.313
          70      239.81
          71     238.154
          72     237.591
          73     236.086
          74     234.301
          75      231.76
          76     229.355
          77     227.889
          78     225.509
          79     224.276
          80     223.623
          81     220.458
          82     219.612
          83     217.928
          84     215.882
          85     214.147
          86     212.652
          87     209.955
          88     208.476
          89     207.277
          90     205.806
          91     203.627
          92      202.84
          93     201.765
          94     201.316
          95     199.915
          96     198.778
          97      196.73
          98     194.832
          99     193.784
           0     191.671
           1     190.422
           2     190.839
           3     190.808
           4     190.244
           5      187.39
           6     186.575
           7     186.419
           8     186.941
           9     184.301
          10      183.49
          11     182.875
          12     182.648
          13     182.578
          14     182.353
          15     181.551
          16     180.748
          17     180.052
          18      179.82
          19     178.644
          20     179.278
          21     180.086
          22     178.802
          23     178.381
          24     178.023
          25     177.485
          26     176.921
          27     177.109
          28      177.35
          29     176.926
          30     177.549
          31     176.503
          32     176.279
          33     174.894
          34     175.134
          35     175.799
          36     176.076
          37     174.859
          38     173.529
          39     172.142
          40     172.268
          41       171.9
          42     170.412
          43     170.121
          44     170.589
          45     169.919
          46     168.892
          47     167.293
          48     166.184
          49     165.035
          50      164.05
          51     165.871
          52      164.55
          53      163.61
          54     163.246
          55     161.639
          56     162.133
          57     161.738
          58     160.118
          59     158.621
          60     159.516
          61       159.4
          62     158.307
          63     159.069
          64     158.164
          65       157.7
          66      157.11
          67     155.981
          68     154.982
          69     157.255
          70     157.182
          71     154.692
          72     153.819
          73     153.509
          74     153.874
          75      153.28
          76      152.29
          77     150.467
          78     148.214
          79      148.25
          80     147.834
          81     148.326
          82     147.451
          83     146.563
          84      146.46
          85      146.54
          86     145.814
          87     146.414
          88     145.635
          89     144.757
          90     145.063
          91     144.788
          92     144.895
          93       144.7
          94     145.418
          95      146.65
          96      146.83
          97     148.177
          98     148.387
          99     147.753
           0     145.708
           1     145.047
           2     142.602
           3     138.815
           4     133.556
           5     130.961
           6     129.785
           7     128.997
           8     129.069
           9     129.701
          10     129.547
          11     129.895
          12     129.335
          13     129.212
          14     128.335
          15     128.843
          16     129.243
          17      130.21
          18     129.404
          19     127.558
          20     128.823
          21     127.156
          22     126.185
          23     125.783
          24     126.406
          25     125.847
          26     127.002
          27     127.089
          28     126.283
          29     126.331
          30     125.978
          31      125.71
          32     125.815
          33     126.171
          34     126.477
          35     126.782
          36     125.936
          37     126.605
          38     125.021
          39     124.638
          40      124.28
          41     124.674
          42     122.965
          43     122.662
          44      122.56
          45     122.853
          46     124.029
          47     124.615
          48     124.226
          49     124.004
          50     122.515
          51     122.567
          52     124.193
          53     122.545
          54     121.953
          55     121.177
          56     120.987
          57     119.244
          58     120.021
          59     122.257
          60     122.412
          61     121.126
          62     119.736
          63     120.278
          64     120.092
          65      118.25
          66     118.885
          67     118.447
          68     117.689
          69     117.907
          70     118.267
          71     117.909
          72     117.023
          73     116.563
          74     116.693
          75     117.734
          76     119.284
          77     117.949
          78     117.164
          79     117.075
          80     117.722
          81      117.05
          82     118.743
          83     118.324
          84     118.177
          85     116.447
          86     115.191
          87     115.627
          88     115.315
          89     113.978
          90     112.142
          91     111.214
          92     112.521
          93     113.193
          94     113.092
          95     110.481
          96     111.271
          97     111.494
          98     112.435
          99     113.807
           0      114.23
           1      113.99
           2      113.75
           3     114.624
           4     115.136
           5     116.278
           6     115.591
           7     115.187
           8     114.441
           9     113.934
          10     113.357
          11     111.292
          12      111.67
          13     111.737
          14     111.125
          15     111.129
          16     110.698
          17     111.849
          18     112.765
          19      112.78
          20     112.599
          21     113.731
          22     113.416
          23     111.677
          24     111.529
          25     112.232
          26      111.52
          27     109.924
          28     110.746
          29     111.725
          30     112.314
          31     112.637
          32     111.841
          33     111.229
          34     110.927
          35     110.891
          36     110.804
          37     110.831
          38     109.814
          39     109.819
          40     109.827
          41     109.588
          42     110.962
          43      109.71
          44     108.079
          45     107.864
          46     108.477
          47     109.586
          48     109.117
          49     108.464
          50     108.494
          51      108.26
          52     107.335
          53     108.125
          54     108.907
          55     108.943
          56      109.52
          57     109.219
          58     108.945
          59     107.076
          60     108.466
          61     109.694
          62     108.463
          63     108.591
          64     109.428
          65     107.724
          66     107.193
          67     108.455
          68     108.119
          69     107.247
          70     108.374
          71     107.848
          72     107.628
          73     106.504
          74     106.397
          75     106.423
          76     107.018
          77     105.857
          78      106.08
          79      106.78
          80       107.1
          81     106.154
          82     106.345
          83     105.809
          84     106.259
          85     106.483
          86      106.34
          87     106.545
          88     106.775
          89      107.96
          90     108.563
          91     108.747
          92     109.746
          93     107.608
          94     106.277
          95     105.652
          96      105.82
          97      106.02
          98     105.381
          99     107.452
           0     107.145
           1     106.338
           2     105.546
           3     102.907
           4       100.9
           5     101.079
           6     101.792
           7     100.454
           8     100.978
           9      100.31
          10     98.9587
          11     99.5689
          12     98.5896
          13      98.321
          14     97.5289
          15      97.126
          16     97.3808
          17     97.8881
          18     97.6009
          19      97.154
          20     96.8577
          21     97.1811
          22     97.1035
          23     97.0024
          24     97.2404
          25       96.81
          26      97.319
          27      96.701
          28     97.6761
          29     96.5387
          30     96.7926
          31      96.271
          32     96.6006
          33     96.2589
          34     96.0401
          35     97.0643
          36     96.4895
          37     96.1222
          38     96.2126
          39     96.2173
          40     96.1294
          41     96.2757
          42      96.353
          43     96.6125
          44     96.1286
          45     96.9212
          46     97.1821
          47     96.9288
          48     95.9994
          49     95.4165
          50     95.0868
          51     96.1256
          52     96.4508
          53     95.3262
          54     97.4345
          55     95.4924
          56     94.9063
          57     95.4169
          58     96.4777
          59     97.1872
          60     97.4093
          61     96.8908
          62     96.2311
          63     95.5406
          64     96.1289
          65     95.7021
          66      94.109
          67     93.5088
          68     94.1791
          69     94.3683
          70     95.6876
          71     94.9793
          72     95.3185
          73     94.8689
          74      93.956
          75     93.4634
          76     95.3018
          77     94.6686
          78     96.1527
          79     94.3803
          80     93.4652
          81     92.7985
          82      92.187
          83     92.8591
          84     92.9255
          85     92.0414
          86     92.4266
          87     93.1436
          88     94.2439
          89     94.0186
          90      92.809
          91     92.2366
          92     91.1617
          93     90.9452
          94     91.3664
          95     90.8057
          96     91.8494
          97     91.8822
          98      91.556
          99     91.1694
           0     91.1867
           1     93.2332
           2     95.0361
           3     96.3812
           4     97.7278
           5     97.2294
           6     95.8864
           7      94.881
           8     94.3438
           9     93.9043
          10     93.4523
          11     92.6807
          12     91.1478
          13     91.7241
          14     90.5721
          15     89.9007
          16     90.5524
          17     90.6352
          18     90.5334
          19     90.2481
          20     89.8827
          21     89.9939
          22     88.6104
          23     89.6806
          24     90.3088
          25     89.6332
          26     89.5918
          27     90.6319
          28     90.1323
          29     90.3526
          30      89.325
          31     89.9814
          32     89.0109
          33     89.4618
          34     89.6325
          35     89.6586
          36     90.1571
          37     89.6974
          38     89.8045
          39     89.5237
          40     89.5608
          41     90.9228
          42     89.4644
          43     88.8442
          44     90.1471
          45      89.114
          46     87.8235
          47     87.3111
          48     86.9738
          49     86.7474
          50     87.8044
          51     87.8977
          52     88.1909
          53     87.7821
          54     88.5148
          55     89.0187
          56     89.5552
          57      89.449
          58     87.8661
          59     87.6798
          60     87.7442
          61     87.7648
          62     87.7698
          63     88.9383
          64     88.6453
          65      89.888
          66     87.2824
          67     87.2694
          68     89.1289
          69     87.9197
          70     88.0729
          71     87.4955
          72     87.5158
          73     88.3483
          74     87.3011
          75     87.6143
          76     88.1192
          77     87.4013
          78     86.3576
          79      87.612
          80     87.9329
          81     87.8871
          82     87.2337
          83     87.8971
          84     86.5909
          85     86.9593
          86     86.5932
          87     87.1482
          88     87.0946
          89     87.1559
          90     85.8966
          91     85.9633
          92     86.2253
          93     86.1157
          94     86.1194
          95     86.1454
          96     87.0943
          97     86.7463
          98     87.2803
          99     86.7468
           0      86.616
           1     88.0907
           2      88.304
           3     89.7343
           4     89.0513
           5     86.4886
           6     85.7735
           7     85.1459
           8     84.0093
           9     82.8463
          10      83.538
          11     82.8533
          12     82.8188
          13     82.1797
          14     81.0108
          15     82.2061
          16     81.9578
          17     81.9693
          18     81.2905
          19     81.2808
          20     80.6123
          21     80.2533
          22     81.3547
          23     82.5652
          24     81.6451
          25     82.3803
          26     81.1832
          27     80.3362
          28     80.0782
          29     81.7502
          30     81.8466
          31     83.2931
          32     81.8143
          33     81.9942
          34     82.2873
          35      81.983
          36     81.3829
          37     80.6985
          38     80.1772
          39     80.9998
          40     80.1813
          41     81.0004
          42     80.5708
          43     80.7627
          44     79.3807
          45     79.2353
          46      79.851
          47     80.3627
          48     81.1435
          49     81.0514
          50     80.8478
          51     81.4066
          52     83.1614
          53     81.8757
          54     82.8802
          55     83.0308
          56     84.0081
          57     82.2013
          58     81.7966
          59     82.0938
          60     82.4925
          61     82.2475
          62     82.0009
          63     81.8795
          64     82.4732
          65     82.3258
          66     81.3437
          67     83.7821
          68     83.1347
          69      83.423
          70     82.4596
          71     79.9618
          72     79.0994
          73     80.8047
          74     80.4079
          75     80.8695
          76     81.0471
          77     80.4848
          78     80.6362
          79     80.3555
          80     80.5077
          81     81.5897
          82     81.6225
          83     82.8458
          84     80.7508
          85     81.7135
          86      80.668
          87     82.4224
          88      81.158
          89     79.4506
          90     79.9825
          91     80.7039
          92      79.901
          93     79.8692
          94     79.8113
          95     79.8086
          96     82.2443
          97     81.4823
          98     81.1192
          99     80.4578
           0     80.5518
           1     80.2348
           2     80.8653
           3     80.4301
           4     79.8272
           5     79.5409
           6     78.8745
           7     79.2424
           8     82.1502
           9      81.277
          10     79.3013
          11     80.0678
          12     78.8744
          13     78.7099
          14     78.3824
          15     79.4257
          16     80.7625
          17     78.9944
          18     79.3896
          19     79.4154
          20     80.1502
          21     79.5708
          22     79.4775
          23     79.2442
          24     78.9704
          25     77.9956
          26     78.7603
          27     79.6919
          28     79.1375
          29     78.4428
          30     77.9843
          31     79.2535
          32     78.5501
          33     79.0231
          34     78.2904
          35     76.8746
          36     77.8257
          37     78.6211
          38     78.9361
          39      78.273
          40     78.2278
          41     78.9661
          42     81.1197
          43     78.9831
          44     78.1145
          45     78.8213
          46      80.795
          47     81.7187
          48     81.1846
          49     80.7888
          50     80.3825
          51     80.8965
          52       82.77
          53     81.2074
          54     81.4237
          55     82.6441
          56     81.0081
          57     82.0069
          58     82.0865
          59     82.4963
          60     81.9876
          61     83.2225
          62     81.5523
          63     81.1996
          64     79.3843
          65     80.3651
          66     80.6453
          67     78.6127
          68     76.5798
          69      77.824
          70      77.876
          71     79.5936
          72       79.18
          73     80.2548
          74     79.1683
          75     78.2108
          76     79.4158
          77     79.6528
          78     81.7496
          79     80.6617
          80     81.6766
          81     81.3854
          82     80.1636
          83     78.3925
          84      78.639
          85      79.031
          86     78.8456
          87      78.732
          88     78.6261
          89     78.1037
          90      78.917
          91     78.7071
          92     78.0096
          93     79.0745
          94     78.6115
          95     77.6039
          96     75.9418
          97     77.5599
          98     77.7698
          99     77.8057
           0     77.1998
           1     78.8167
           2      78.413
           3      80.233
           4     80.8339
           5     81.1181
           6     81.4795
           7     80.4514
           8     80.0602
           9     78.0924
          10     76.7625
          11     77.1275
          12     77.2531
          13     77.2766
          14     75.9426
          15     75.3182
          16     76.0399
          17     76.0541
          18     75.8185
          19     76.0545
          20     75.8896
          21     75.4697
          22     74.4687
          23     75.2926
          24     76.3093
          25      76.026
          26     75.6567
          27     76.3951
          28     76.6353
          29     75.7693
          30     76.4448
          31     76.0156
          32     76.4248
          33     76.9094
          34     77.4221
          35     77.2115
          36      76.095
          37     76.4328
          38     77.1006
          39     77.0554
          40     76.1846
          41     75.8125
          42     75.4549
          43     75.1317
          44     75.4607
          45     77.2582
          46     77.2355
          47     77.7259
          48     76.7482
          49     78.8859
          50     77.3968
          51     77.5535
          52     76.5151
          53     76.7544
          54     75.8614
          55     75.1416
          56     75.0787
          57     75.3824
          58     75.6911
          59     76.0091
          60     75.1436
          61     75.9533
          62     75.8169
          63     75.2341
          64     76.3927
          65     75.3253
          66      76.273
          67     77.8344
          68     77.1654
          69     77.2752
          70     77.6993
          71     77.5144
          72     77.2955
          73     75.6129
          74     75.2178
          75     75.4593
          76     75.5411
          77     75.7227
          78     75.9268
          79     76.1469
          80     76.2105
          81     76.8624
          82     78.3167
          83     77.4802
          84     77.2788
          85     77.7131
          86     77.2993
          87     75.9508
          88     75.4873
          89     74.9326
          90     75.7584
          91      76.529
          92     77.0878
          93     77.2058
          94     76.8965
          95      75.879
          96     76.5633
          97     76.4154
          98     75.6081
          99     75.6213
           0     76.2602
           1     76.2008
           2     75.3216
           3     75.5386
           4     75.5955
           5      75.399
           6     75.5823
           7     75.5299
           8      75.352
           9     74.7528
          10      75.269
          11     74.7752
          12     74.0114
          13     74.5004
          14     74.9748
          15     75.5215
          16     75.5638
          17     77.4565
          18     78.4987
          19     77.3641
          20     77.3601
          21      76.167
          22      76.383
          23     77.1441
          24     76.4257
          25     75.2156
          26     76.3514
          27     75.0764
          28     75.2656
          29     75.1256
          30     74.6829
          31     75.0296
          32     74.8461
          33      75.357
          34     74.6487
          35     75.4699
          36     76.1222
          37     74.8783
          38       75.17
          39     74.9306
          40      74.241
          41     75.0599
          42     74.3642
          43     74.2857
          44     75.0307
          45     75.1143
          46     75.0978
          47     74.4799
          48     74.4578
          49     75.0379
          50     75.3932
          51     74.8621
          52     75.9839
          53     76.0449
          54     76.6346
          55     75.7137
          56     74.9268
          57     75.4108
          58     75.3187
          59      76.028
          60     76.1494
          61     75.3979
          62     75.2635
          63      74.962
          64      75.318
          65     74.6955
          66     75.6774
          67     76.8882
          68     76.8268
          69     77.9656
          70     76.5715
          71      76.096
          72     75.0115
          73     74.6661
          74     74.9017
          75     75.1863
          76     75.1812
          77     74.7947
          78     75.3594
          79     75.4485
          80     74.2359
          81     74.2248
          82     74.4829
          83     74.7818
          84       74.23
          85     74.8773
          86     74.9874
          87     75.6039
          88     74.7002
          89     74.8912
          90     75.1674
          91     74.1228
          92     76.2204
          93     77.0457
          94     77.3481
          95     76.3734
          96     75.7849
          97     74.9856
          98     75.3303
          99     74.2734
           0     74.2705
           1      74.404
           2     76.4583
           3     77.0526
           4     76.3943
           5     75.8645
           6      74.767
           7     77.1695
           8     76.5902
           9     76.2073
          10      76.445
          11     76.8264
          12     75.6815
          13     77.0745
          14     75.1467
          15     75.6041
          16     77.1924
          17     76.2727
          18     76.4968
          19     76.1468
          20     76.6657
          21     76.6943
          22     75.4605
          23     76.0677
          24     77.0461
          25     76.2796
          26     76.2583
          27     76.5151
          28     77.4105
          29      75.976
          30     75.9889
          31     76.1377
          32     75.3092
          33     74.8352
          34      76.403
          35     75.5937
          36     74.8939
          37     73.6806
          38     73.9641
          39     73.3386
          40     73.3948
          41     72.6407
          42     72.0115
          43     73.0231
          44      73.044
          45     72.7668
          46     72.7671
          47     73.0505
          48     73.9903
          49     73.1615
          50      73.596
          51     73.2041
          52     73.1829
          53     74.3002
          54     75.0395
          55      75.516
          56     73.5045
          57     74.0534
          58     73.6218
          59     74.1732
          60       75.85
          61     75.4683
          62     74.8943
          63     74.9373
          64     73.8148
          65     73.4781
          66     72.9977
          67     73.3127
          68     72.9903
          69     73.1795
          70     73.0895
          71      73.135
          72     73.9487
          73      73.067
          74     75.1262
          75     74.2096
          76     74.4454
          77     74.1595
          78     73.5087
          79     75.1151
          80     74.0892
          81     73.8031
          82     73.7468
          83     73.4185
          84     73.2461
          85     73.0508
          86     72.6243
          87      74.103
          88     74.5713
          89     73.9724
          90      75.014
          91     74.1354
          92     73.6838
          93      72.502
          94     72.9227
          95     73.1973
          96     73.4652
          97     72.6884
          98     73.1492
          99     73.1666
           0      72.882
           1     75.3767
           2      75.887
           3      75.789
           4     76.5921
           5     78.0108
           6     78.1555
           7     76.1692
           8      75.126
           9     76.2571
          10     76.5911
          11     77.3911
          12     76.4623
          13     75.6487
          14      77.723
          15     76.9518
          16     76.8674
          17     79.0025
          18     77.6493
          19     77.8014
          20     76.5551
          21     77.1774
          22     75.8049
          23     76.3094
          24     76.9835
          25     74.9283
          26     75.3277
          27     73.5868
          28     72.9756
          29      72.383
          30     73.3518
          31     73.7419
          32     73.6403
          33     72.6605
          34     73.2052
          35     73.4377
          36      74.447
          37     74.6287
          38     75.0549
          39     74.2105
          40     74.9147
          41     75.4586
          42     73.7385
          43     73.2619
          44     73.1849
          45     73.8585
          46     72.8232
          47      74.176
          48     75.8658
          49      77.901
          50     77.9212
          51     75.8765
          52     74.3545
          53     75.6283
          54     75.2312
          55     77.1963
          56     76.9325
          57       76.43
          58     76.0056
          59     74.3528
          60     73.7244
          61     73.4054
          62     72.5901
          63     76.2842
          64     75.6959
          65     76.2425
          66     75.0945
          67     74.6313
          68     74.8703
          69     75.3136
          70     75.6694
          71     75.2625
          72     76.3138
          73     75.2543
          74     74.0181
          75     74.1228
          76     74.8598
          77     74.8543
          78     74.3793
          79     75.9779
          80     75.3401
          81     74.4424
          82     76.2445
          83     75.8225
          84     76.5104
          85     74.2764
          86     74.8525
          87     73.9373
          88     73.4395
          89     74.0062
          90     75.9618
          91     74.0198
          92     74.5977
          93     76.1489
          94     74.4285
          95      73.667
          96     74.1226
          97     74.0494
          98     74.2519
          99     74.7473
           0     74.5276
           1     74.6661
           2     73.5094
           3     73.3692
           4     74.9682
           5     74.6536
           6     74.3554
           7     73.4927
           8     73.4968
           9     73.1675
          10      72.022
          11     72.2564
          12     73.1573
          13     72.7964
          14     73.7607
          15     72.0944
          16     72.2544
          17     72.3582
          18     71.8162
          19     73.2288
          20     74.4636
          21     74.4779
          22     73.2464
          23     71.7528
          24     70.7518
          25     72.2664
          26     73.9708
          27     72.9312
          28      72.572
          29      72.243
          30     70.6623
          31     70.7516
          32     71.0866
          33     72.2026
          34       72.99
          35     73.9462
          36     74.5978
          37     73.9296
          38     73.8075
          39     74.1656
          40     73.1552
          41     71.5718
          42     72.4288
          43     72.8766
          44     72.4291
          45     72.8499
          46      72.783
          47     72.8711
          48     72.4867
          49     74.0321
          50     72.7238
          51     72.9044
          52      72.255
          53     71.3177
          54     71.0436
          55     70.5882
          56     71.8298
          57     71.4969
          58     71.0035
          59     71.3574
          60     72.5144
          61     71.4666
          62     70.7092
          63     71.7422
          64     70.8657
          65     71.5484
          66      72.846
          67      71.902
          68     72.0244
          69     72.5709
          70     72.1557
          71     71.3209
          72     71.8464
          73     72.2102
          74     71.4739
          75     71.6542
          76     70.8382
          77     72.6211
          78     72.4226
          79     72.3371
          80     70.8988
          81     71.1455
          82     70.8779
          83     71.8727
          84     72.8523
          85     73.4387
          86     73.4666
          87     73.4479
          88      74.445
          89     75.8026
          90     75.9492
          91      74.886
          92      73.784
          93     71.9634
          94     70.7853
          95      70.401
          96     70.6557
          97     70.9774
          98      70.548
          99     72.3644
           0      71.446
           1     72.2774
           2     71.0133
           3     70.7268
           4     69.9579
           5     70.8219
           6     71.5078
           7     70.9145
           8     70.2563
           9     70.6082
          10     71.1683
          11     70.7108
          12     71.5425
          13     71.7142
          14     69.9803
          15     69.6848
          16     69.4961
          17     69.3944
          18     70.4108
          19     70.4582
          20     69.6308
          21     69.2604
          22       69.73
          23      69.092
          24     70.8111
          25     72.1707
          26     72.2998
          27      71.708
          28     72.1697
          29      71.779
          30     71.8098
          31     72.2491
          32     71.2891
          33     71.9306
          34     72.2516
          35     73.2142
          36     71.5346
          37      70.769
          38     70.4834
          39     71.0327
          40     71.3166
          41     71.0811
          42      71.596
          43     70.2246
          44     69.7131
          45       70.83
          46     70.4081
          47     70.0636
          48     70.9168
          49     71.2245
          50     70.4736
          51     70.2633
          52     70.6628
          53     71.0737
          54      71.209
          55      71.017
          56     70.2472
          57     69.7549
          58     72.4595
          59     72.1332
          60     71.4509
          61     72.8375
          62     70.8261
          63     72.3657
          64     72.7596
          65     75.3243
          66     75.2555
          67     75.1764
          68     73.4216
          69     71.3117
          70      71.259
          71     71.7371
          72     72.1995
          73     70.3589
          74     71.0914
          75     70.8921
          76     70.3463
          77     71.1163
          78     70.9792
          79     71.6418
          80     72.1272
          81     72.8644
          82     72.2797
          83     73.6458
          84     72.2591
          85     71.2269
          86     71.7259
          87     70.7687
          88     69.4655
          89     70.2863
          90     69.5198
          91     71.4917
          92     72.5926
          93     70.9216
          94     70.7902
          95     71.7519
          96     71.5518
          97     72.4806
          98     71.7575
          99     71.2393
           0     70.8387
           1     70.7767
           2     72.7259
           3     70.3468
           4     71.4353
           5     70.1895
           6     70.0045
           7     71.2124
           8     70.5052
           9     69.8088
          10     69.3362
          11     70.0134
          12      70.632
          13     70.9204
          14     71.7111
          15     71.1977
          16     73.2647
          17     72.8993
          18     71.5053
          19     71.0307
          20     71.3059
          21     72.0736
          22     72.0138
          23     71.4399
          24     71.0564
          25     72.1731
          26     72.1214
          27     71.1444
          28     70.4683
          29     71.4581
          30     71.9224
          31      71.563
          32     71.9057
          33     71.4177
          34     70.2854
          35      70.387
          36     70.1533
          37     71.3998
          38     70.4036
          39     70.9626
          40     69.5368
          41     69.3179
          42     69.7871
          43     69.6592
          44      70.397
          45     71.3709
          46     71.4448
          47     71.2242
          48     70.7452
          49     70.4223
          50     70.3059
          51     72.4929
          52     72.2397
          53      71.845
          54     72.5256
          55     73.8708
          56     71.9913
          57     74.1525
          58     72.7801
          59     72.0683
          60     71.5713
          61     71.2331
          62     70.5759
          63     70.8859
          64     71.3128
          65     73.2423
          66     72.6439
          67      72.318
          68     70.6801
          69     70.7881
          70     69.8959
          71     70.2914
          72     70.5352
          73     71.0438
          74      72.122
          75     72.2027
          76     70.7286
          77     71.0535
          78     72.2165
          79     71.4385
          80     70.3851
          81     70.3362
          82     72.0453
          83     72.2204
          84     71.9511
          85     71.0281
          86     70.0249
          87     71.3884
          88     71.5696
          89     70.2285
          90     70.2434
          91     70.5172
          92     70.7856
          93     70.6905
          94     70.9351
          95      71.227
          96      72.667
          97      71.187
          98     71.5603
          99     72.1664
           0     70.7106
           1     71.5508
           2     71.4149
           3     73.0742
           4     72.3279
           5     70.7463
           6       70.37
           7     69.4714
           8     69.7083
           9     70.0743
          10     70.3266
          11     70.3244
          12     70.8067
          13     71.6186
          14     72.2122
          15     72.6781
          16     71.5551
          17     69.3658
          18     70.6427
          19     70.0335
          20     70.3642
          21     69.7628
          22     69.9797
          23     70.3693
          24     70.1076
          25     69.9955
          26     70.6416
          27     70.0624
          28     70.6893
          29     70.4401
          30     72.1405
          31     70.1137
          32     70.5336
          33     71.4121
          34     69.7136
          35      71.268
          36     71.9132
          37     71.3217
          38     71.1528
          39     70.6317
          40     71.3898
          41     69.4402
          42     69.8739
          43     69.8758
          44     69.3603
          45     69.1616
          46     69.3337
          47     70.6161
          48     71.3787
          49     71.5163
          50     72.7296
          51     74.7699
          52     72.9228
          53     71.8757
          54      70.864
          55     70.3425
          56     72.1338
          57     71.7777
          58     70.5638
          59     71.3505
          60     70.7082
          61     72.2264
          62     70.7786
          63     71.1058
          64     71.5142
          65     71.0436
          66     70.7541
          67     70.7043
          68     72.2876
          69     70.1326
          70     70.7396
          71     70.1157
          72     72.0356
          73     72.8916
          74     73.0741
          75      72.281
          76     71.7528
          77     71.5926
          78     70.3004
          79     69.8788
          80     71.7187
          81     72.1263
          82     72.2385
          83     71.8551
          84     71.1614
          85     72.5718
          86     70.8326
          87     70.2978
          88     71.3498
          89     71.4499
          90     70.9949
          91     71.9911
          92     71.5412
          93     69.9271
          94     69.3285
          95     69.1048
          96     68.9753
          97     68.8994
          98     70.1406
          99     71.4074
           0     70.0199
           1     69.6046
           2     69.8786
           3     70.7873
           4     70.0589
           5     68.7836
           6     68.2589
           7      67.803
           8     69.6003
           9      68.554
          10      68.279
          11      69.118
          12     70.2551
          13     71.2747
          14      71.581
          15     71.6429
          16     71.1868
          17     70.8458
          18     70.3544
          19     69.9192
          20     71.3725
          21     70.6759
          22     69.3073
          23     68.7605
          24     69.0129
          25     68.7949
          26     69.1791
          27     70.8381
          28     72.0519
          29     71.5424
          30     70.4403
          31      69.906
          32     70.1881
          33     69.3268
          34     68.7266
          35     70.6306
          36     71.3031
          37     71.7384
          38      70.036
          39     69.9427
          40     68.8084
          41     69.0481
          42     70.4915
          43     69.7469
          44     69.9773
          45     69.8771
          46     70.9301
          47     69.8366
          48     68.9441
          49     68.1292
          50     68.6091
          51     68.7112
          52     68.3831
          53     70.0526
          54     68.9393
          55     68.4602
          56     68.0613
          57     68.0394
          58     67.8987
          59     68.0975
          60     69.2929
          61     68.1479
          62     68.7751
          63     69.8069
          64     70.1758
          65     68.9213
          66     69.8914
          67     69.6089
          68     69.4904
          69      69.887
          70     69.0228
          71      70.372
          72     69.4848
          73      71.415
          74      70.305
          75     68.9841
          76     69.1546
          77     69.1384
          78     69.2206
          79     70.7888
          80     72.0109
          81     71.3182
          82     69.9777
          83     70.6892
          84     71.0776
          85     70.4067
          86     70.7337
          87     73.0053
          88     69.8417
          89     70.2438
          90     68.3003
          91      68.228
          92     68.0956
          93     68.3299
          94     68.6376
          95     70.0811
          96     70.8211
          97     70.0656
          98     72.7388
          99     72.0991
           0     69.9496
           1     69.5184
           2     68.9528
           3     69.2532
           4     68.0836
           5     68.5886
           6     67.7909
           7     68.5908
           8      69.346
           9     68.6308
          10     69.7311
          11     70.0444
          12       71.59
          13      71.408
          14     70.8655
          15      68.499
          16     69.0662
          17     69.0206
          18     70.0871
          19     69.8211
          20     70.2284
          21       69.21
          22     69.5786
          23     70.4558
          24     68.4587
          25     68.9281
          26     69.4994
          27      69.931
          28     69.4971
          29       70.71
          30     70.5921
          31     71.3437
          32     71.4407
          33     71.3914
          34     72.9574
          35     72.1688
          36     71.1486
          37     70.3883
          38     70.1436
          39     70.2383
          40      68.987
          41     69.0167
          42     69.5938
          43     68.9942
          44     70.0282
          45     70.8446
          46      71.338
          47     69.2035
          48     70.1539
          49     70.2604
          50     71.0869
          51     72.2232
          52     71.6901
          53     68.9624
          54     67.9645
          55      69.887
          56     68.8652
          57       70.63
          58     69.2398
          59     68.1693
          60     68.6874
          61     70.1389
          62     71.2859
          63     70.9576
          64     72.4354
          65     70.2762
          66     70.9899
          67     71.1286
          68     70.9237
          69     71.3604
          70     69.4355
          71     69.9464
          72     69.9749
          73     71.4669
          74     71.1323
          75     70.7376
          76     69.3009
          77     70.9459
          78     69.2403
          79     69.7657
          80     70.6719
          81     69.4011
          82     72.2953
          83     71.9783
          84     70.6224
          85     70.1654
          86     70.4723
          87     72.6322
          88     72.1256
          89     72.3969
          90     71.9845
          91     70.8862
          92     71.0678
          93     70.2322
          94     70.2032
          95     69.7435
          96     68.3626
          97     69.3113
          98     68.9273
          99     69.7165
           0     68.9913
           1     69.7969
           2     68.9114
           3     68.5091
           4     68.8016
           5     70.5839
           6     70.2482
           7     71.3382
           8      71.825
           9     72.9288
          10     71.8343
          11     71.3156
          12     71.4293
          13     71.2171
          14      71.111
          15     69.4929
          16     70.5787
          17     70.6716
          18      69.881
          19     69.6047
          20     70.3409
          21     71.5875
          22     70.2662
          23     69.4397
          24       68.84
          25     69.3443
          26     68.7982
          27     69.3514
          28     69.8415
          29     69.0207
          30     69.1624
          31     69.4003
          32     69.6078
          33     69.6963
          34     68.1518
          35     69.5904
          36      69.352
          37     69.9398
          38     70.1015
          39     68.3949
          40     69.0965
          41     69.3956
          42     70.4667
          43     70.7563
          44      71.287
          45     70.9458
          46     70.7458
          47     69.7393
          48     71.8917
          49     70.4041
          50     69.7169
          51     70.2039
          52     70.0906
          53     69.5165
          54     69.1836
          55     69.7779
          56     72.5217
          57     70.9765
          58     69.3604
          59      69.743
          60      70.865
          61     70.7699
          62     71.4384
          63     72.9992
          64     72.3978
          65     73.4866
          66     71.8538
          67     73.1433
          68     72.0903
          69     71.9074
          70     71.8662
          71     71.3767
          72     69.8742
          73      69.324
          74     68.6665
          75     69.3243
          76     69.6665
          77     69.2741
          78     69.0473
          79     69.7687
          80     67.8066
          81     68.3484
          82     68.8659
          83      69.068
          84     69.2206
          85     71.8189
          86     70.6133
          87     70.3317
          88     69.9326
          89      70.122
          90     70.0784
          91     70.0397
          92     69.0128
          93     69.3346
          94     69.1189
          95     68.7835
          96     68.1373
          97     68.7196
          98      68.925
          99     70.0295
           0     68.4974
           1     69.6139
           2     68.0292
           3     68.6642
           4     67.9806
           5     68.5919
           6     69.3498
           7     71.6267
           8     70.3167
           9     71.7301
          10     70.5783
          11     70.7445
          12      70.069
          13     71.4758
          14     70.1349
          15     68.4804
          16     69.0366
          17     68.9388
          18     68.6988
          19     70.4932
          20     70.3948
          21     69.3959
          22      67.886
          23     68.4517
          24     67.9976
          25     68.2107
          26     67.9004
          27     68.7229
          28     70.0385
          29     70.6739
          30     70.8867
          31     69.7916
          32     68.4853
          33     68.8642
          34       69.07
          35     69.8423
          36     69.3944
          37     70.3279
          38     69.7272
          39     69.1843
          40     68.5134
          41     69.0696
          42     68.9674
          43     69.3164
          44     71.1804
          45     71.4175
          46     71.1402
          47     71.7183
          48     72.6161
          49     72.3082
          50     70.5755
          51     70.3684
          52     69.7607
          53      70.235
          54     69.7301
          55     71.0351
          56     70.1831
          57     71.7822
          58     69.6952
          59     70.5483
          60     70.6299
          61     69.4199
          62     69.4406
          63     68.8312
          64     68.2843
          65     67.7968
          66     67.9943
          67     70.0332
          68     67.9975
          69      70.012
          70     69.6635
          71     70.0781
          72     69.5259
          73     69.1758
          74     71.3919
          75     71.8496
          76     70.6923
          77     70.1839
          78     71.0411
          79     70.6625
          80     69.6638
          81     70.6515
          82     71.1476
          83      69.464
          84     68.2975
          85     67.8964
          86     67.7292
          87     68.7358
          88     68.9158
          89     68.6337
          90     68.9794
          91     68.0359
          92      68.323
          93      69.524
          94     68.9633
          95      69.184
          96     69.8238
          97     69.6937
          98     69.6347
          99     69.1249
