#gen      BHL
           0     506.224
           1     499.059
           2     489.762
           3     480.849
           4     470.597
           5     458.683
           6      449.16
           7     441.456
           8     437.002
           9     429.484
          10     424.289
          11     417.835
          12     411.188
          13      406.22
          14     400.853
          15     397.013
          16     393.273
          17     391.258
          18     386.466
          19     381.707
          20      380.01
          21     374.404
          22      366.56
          23     359.874
          24     353.835
          25     348.336
          26     345.571
          27     341.213
          28     337.274
          29     333.694
          30     331.053
          31     326.222
          32     319.986
          33     315.681
          34     312.972
          35     311.899
          36     308.983
          37     306.487
          38     302.809
          39     298.739
          40     292.526
          41     288.234
          42     286.043
          43     284.717
          44     281.186
          45     278.977
          46     274.683
          47     271.262
          48     271.019
          49     269.383
          50      267.26
          51     266.905
          52     264.897
          53     263.184
          54     261.059
          55     259.293
          56     257.198
          57     254.794
          58     252.994
          59      252.41
          60     250.532
          61       247.9
          62     246.566
          63     245.771
          64     244.599
          65     244.214
          66     242.867
          67     242.084
          68     240.811
          69      240.91
          70     237.438
          71      234.67
          72     232.576
          73      230.92
          74     229.726
          75     228.628
          76     226.329
          77     223.881
          78     223.104
          79     222.464
          80     220.535
          81      219.44
          82      217.49
          83      215.73
          84     213.448
          85     211.792
          86     207.809
          87      206.23
          88     203.835
          89     202.594
          90     200.126
          91      199.09
          92     197.122
          93     196.376
          94     195.449
          95     196.604
          96     195.695
          97     196.403
          98     195.964
          99     195.703
           0     194.181
           1     193.248
           2     194.857
           3      193.21
           4     191.867
           5     190.258
           6     190.684
           7     189.436
           8     188.424
           9     188.574
          10     187.518
          11     186.256
          12     183.915
          13     183.041
          14      180.99
          15     180.245
          16      179.34
          17     177.978
          18     176.358
          19     174.621
          20     174.372
          21      173.69
          22     173.943
          23     174.768
          24     174.633
          25     173.915
          26     173.408
          27     170.954
          28     169.415
          29     169.287
          30       168.8
          31     168.709
          32     168.685
          33     165.506
          34     165.054
          35      163.94
          36     163.828
          37     163.428
          38     163.668
          39     163.846
          40      162.97
          41     163.038
          42     163.502
          43     162.052
          44     159.828
          45     159.177
          46     159.253
          47     158.731
          48     159.424
          49     160.203
          50     158.415
          51     157.359
          52     156.195
          53     155.328
          54     156.112
          55      155.24
          56     155.656
          57     155.058
          58     153.542
          59     154.069
          60     154.193
          61     153.053
          62     152.681
          63     152.581
          64     151.877
          65     151.909
          66     150.741
          67     150.787
          68     150.915
          69     151.346
          70     150.577
          71     151.599
          72     150.293
          73     149.993
          74     148.956
          75     147.708
          76      147.14
          77     147.549
          78     146.938
          79     147.434
          80     146.893
          81     146.713
          82     146.142
          83     143.183
          84     142.809
          85     141.865
          86     142.419
          87       139.1
          88     138.154
          89     138.048
          90     137.508
          91     136.708
          92      135.08
          93     134.574
          94     134.098
          95     133.743
          96     132.861
          97     131.563
          98     131.045
          99     131.313
           0     130.421
           1     129.549
           2     128.668
           3      129.16
           4     128.533
           5     128.249
           6     127.848
           7     127.652
           8     127.412
           9     127.026
          10      126.67
          11     126.805
          12     127.624
          13     128.785
          14     129.045
          15     127.902
          16     129.372
          17     128.641
          18     127.326
          19      128.09
          20     125.865
          21     126.405
          22     127.205
          23     127.841
          24     127.289
          25     126.789
          26      124.28
          27       123.6
          28     123.833
          29     123.639
          30     123.701
          31     124.314
          32     123.335
          33     125.423
          34     123.873
          35     124.893
          36     124.404
          37     124.102
          38      127.01
          39     126.746
          40      124.93
          41     126.158
          42     125.776
          43      124.68
          44     123.862
          45      124.24
          46     123.526
          47     123.852
          48     124.417
          49     123.072
          50     122.431
          51     120.526
          52     121.606
          53     120.999
          54     120.386
          55     122.895
          56     122.106
          57     122.532
          58     122.612
          59     122.512
          60     124.201
          61     123.744
          62     122.856
          63     121.444
          64     121.987
          65     122.363
          66     121.886
          67      121.67
          68     121.946
          69     122.398
          70     120.904
          71     120.133
          72     119.744
          73     120.407
          74     119.794
          75     118.284
          76     118.699
          77     118.672
          78     117.134
          79     117.873
          80     117.816
          81     118.735
          82     119.953
          83     119.235
          84     119.744
          85     119.303
          86     121.118
          87     119.138
          88     117.826
          89     116.317
          90     116.813
          91      116.39
          92     118.369
          93     119.921
          94     119.731
          95     120.046
          96     120.435
          97     118.423
          98     116.934
          99     117.936
           0     118.018
           1     117.847
           2      117.44
           3     116.721
           4     114.719
           5     114.093
           6      114.09
           7     114.617
           8     114.713
           9     113.471
          10     113.084
          11     113.656
          12      116.19
          13     113.839
          14     113.499
          15     113.094
          16     111.385
          17     109.823
          18     109.617
          19     109.184
          20     108.481
          21     108.469
          22     109.063
          23     110.432
          24     109.898
          25     110.154
          26     110.338
          27     110.218
          28     110.507
          29     111.256
          30     111.292
          31     112.172
          32     111.042
          33     110.558
          34     111.342
          35     111.079
          36     111.211
          37      111.64
          38     110.692
          39     108.596
          40     108.639
          41     109.719
          42     110.139
          43     112.389
          44     110.502
          45     107.986
          46     107.102
          47      106.19
          48     106.084
          49     106.372
          50     107.345
          51      108.49
          52     107.239
          53     107.733
          54     108.453
          55     108.532
          56     107.932
          57      107.41
          58       106.8
          59     105.636
          60      107.97
          61     108.213
          62     108.861
          63     109.286
          64     110.218
          65     107.879
          66     107.361
          67     108.714
          68      108.72
          69     107.546
          70     107.233
          71     109.126
          72     110.201
          73     107.576
          74     108.697
          75     110.129
          76     108.695
          77     107.776
          78     107.982
          79     106.846
          80     105.663
          81     106.412
          82     105.805
          83     105.494
          84     105.982
          85     107.608
          86     106.013
          87      106.92
          88     107.042
          89     106.449
          90     105.609
          91     106.496
          92     105.352
          93     106.786
          94     107.032
          95     107.869
          96     108.289
          97     105.955
          98     104.887
          99      104.76
           0     104.809
           1     105.444
           2     104.765
           3     103.392
           4     104.353
           5     103.709
           6      101.93
           7     101.623
           8     101.776
           9     100.934
          10     99.2007
          11     98.5441
          12     98.8019
          13      97.939
          14     98.2867
          15     98.0127
          16     99.0091
          17     99.0027
          18     98.3497
          19     98.3323
          20     97.7093
          21     96.4308
          22     96.6178
          23     97.3976
          24     98.0576
          25     98.3449
          26     98.0222
          27     98.3163
          28      98.005
          29     97.1258
          30     97.2932
          31      96.132
          32     96.8607
          33     96.7025
          34     95.8078
          35      95.654
          36     96.4456
          37     96.8406
          38     94.8734
          39     95.6659
          40     95.7029
          41     95.4172
          42     96.9298
          43     96.1613
          44     96.2621
          45     96.8885
          46     95.8221
          47     95.6359
          48     96.6922
          49     97.0055
          50     96.4425
          51     96.3258
          52     95.5178
          53     94.7638
          54     94.4701
          55     93.2469
          56     92.9298
          57     92.8805
          58     91.8605
          59     92.5164
          60     92.7941
          61      93.133
          62     93.3462
          63     94.5509
          64      94.283
          65     94.5106
          66     93.1686
          67     94.2265
          68     93.6031
          69     93.8457
          70     92.7958
          71     91.5813
          72     91.8146
          73     92.8491
          74     92.4555
          75     92.3586
          76     91.5629
          77     90.6058
          78     90.5925
          79     91.3435
          80     91.2445
          81     91.5639
          82     91.7753
          83      92.761
          84     91.8808
          85       92.72
          86     90.8707
          87     90.4532
          88     90.4541
          89      89.828
          90     90.5446
          91     91.4844
          92     91.1759
          93     92.4301
          94      91.851
          95     91.3448
          96     91.2163
          97     90.4402
          98     91.1165
          99     91.1312
           0     90.1642
           1     90.7095
           2     89.9464
           3     91.2934
           4     89.9717
           5     90.2311
           6     89.6846
           7     91.2579
           8     89.9382
           9     89.8422
          10     90.3425
          11     89.9732
          12     89.8447
          13     90.4788
          14     91.2747
          15     91.7557
          16     93.5488
          17     91.8009
          18      92.375
          19     91.9925
          20     92.5941
          21     94.0255
          22     94.3625
          23     93.1727
          24      93.269
          25     92.0597
          26     91.6517
          27     90.8249
          28     90.5157
          29     90.2279
          30     89.3918
          31     90.9328
          32     91.0825
          33     90.2315
          34     90.4505
          35     91.2019
          36     90.3923
          37     90.8243
          38     91.2219
          39     92.0477
          40     91.4492
          41     92.5218
          42     92.1142
          43     92.5749
          44     90.7885
          45     91.3675
          46     91.8576
          47      91.459
          48      91.464
          49     91.7716
          50     93.6757
          51     91.5627
          52     92.6246
          53     92.4547
          54     92.6794
          55     90.8727
          56     91.5399
          57     91.2533
          58     90.4318
          59      89.115
          60     89.0592
          61     89.5314
          62     89.1909
          63       89.48
          64     88.8324
          65     89.4143
          66     89.4209
          67     90.0945
          68     90.8496
          69      89.314
          70      87.794
          71     86.5099
          72     87.2126
          73     89.6076
          74     88.9015
          75     88.2927
          76     87.8682
          77     88.7697
          78     89.6304
          79     89.1379
          80     88.8643
          81     88.3364
          82     88.8297
          83     89.7935
          84     89.3501
          85     87.6671
          86     89.3333
          87     89.0998
          88     89.0744
          89      86.587
          90     87.5574
          91     87.8395
          92     87.9647
          93      88.179
          94     87.5603
          95     87.5184
          96     87.6763
          97     87.4696
          98     89.0374
          99     89.8361
           0      87.505
           1     88.4049
           2     89.0857
           3     89.3161
           4     87.6096
           5     85.6534
           6     84.6063
           7     85.5778
           8     83.3882
           9     82.7413
          10     83.0633
          11     83.8766
          12     83.8871
          13     83.9897
          14     82.6486
          15     82.8601
          16     82.8501
          17     82.8132
          18      84.816
          19     82.1656
          20     82.2642
          21     83.2024
          22     84.6367
          23     83.1623
          24     82.8352
          25     82.9971
          26     82.8224
          27     83.9599
          28     83.1076
          29     82.9698
          30     83.3872
          31     82.4409
          32     82.3875
          33     82.1513
          34     81.6328
          35     81.5706
          36     82.2452
          37     81.3762
          38     82.3432
          39     84.1671
          40     83.0894
          41      83.443
          42     83.6348
          43     83.2891
          44     82.8914
          45     82.9806
          46     81.7736
          47     83.2316
          48     83.1973
          49     83.0268
          50     81.5342
          51     81.4676
          52     80.8852
          53     80.5715
          54     80.5692
          55     83.5399
          56     83.8945
          57     82.4416
          58     82.6151
          59     84.4409
          60     83.2325
          61     83.4193
          62     84.1128
          63      83.006
          64     81.7905
          65     82.1001
          66     81.6027
          67     80.9093
          68     80.6203
          69     81.5232
          70     81.7144
          71     81.7867
          72     84.0656
          73      86.487
          74     82.5156
          75     82.2253
          76     81.1436
          77     80.5087
          78     80.5998
          79     80.4083
          80     79.3904
          81     79.0802
          82     80.2357
          83     79.8148
          84     81.9468
          85     82.1518
          86     82.4443
          87      80.611
          88     81.4055
          89      82.024
          90     81.5245
          91     80.8842
          92     82.9327
          93     83.2904
          94     83.0846
          95     82.1811
          96     80.6559
          97     83.7853
          98     83.4945
          99     81.4724
           0     82.4263
           1     83.8545
           2     81.8028
           3     80.9472
           4     80.3057
           5     80.0348
           6     79.7173
           7      80.523
           8     81.6251
           9     81.1509
          10     79.7251
          11     82.0544
          12     82.3336
          13     81.0734
          14     82.3978
          15      83.394
          16     82.7097
          17     80.6679
          18     81.2762
          19     83.1521
          20     84.0129
          21     83.7047
          22     81.6935
          23     80.1836
          24     80.2105
          25     83.3347
          26     81.8982
          27     83.2464
          28     80.9189
          29     77.7878
          30     79.9431
          31     80.4198
          32     79.5626
          33       79.85
          34     79.5665
          35     82.1099
          36     81.2851
          37      81.418
          38     82.8734
          39     79.9131
          40     79.8861
          41     79.5725
          42     78.8508
          43     79.6959
          44     79.0435
          45     79.0299
          46     80.7789
          47      80.285
          48     79.5056
          49     81.7631
          50     80.5214
          51      81.375
          52     81.9266
          53     81.3356
          54     80.6863
          55     80.2077
          56     81.3866
          57     79.9104
          58     80.5553
          59     80.7281
          60     81.8586
          61      80.774
          62     80.0266
          63     80.3439
          64     81.5787
          65     81.5686
          66     80.0648
          67     80.4277
          68     79.7683
          69     79.9086
          70      78.273
          71     79.1298
          72     80.4351
          73     82.8274
          74     79.8887
          75     81.3987
          76      80.872
          77     80.3162
          78     80.1313
          79     79.8026
          80     80.1378
          81     80.2603
          82     81.9234
          83     79.9535
          84      80.058
          85     79.2702
          86     79.1542
          87     79.5067
          88     80.3405
          89     79.4258
          90     79.1906
          91      80.797
          92     80.3387
          93     82.8298
          94     83.0208
          95     81.2076
          96     80.9385
          97     81.3918
          98     81.6279
          99     80.6901
           0     80.6081
           1     82.3579
           2     79.7974
           3     81.5889
           4     80.3856
           5      79.542
           6     78.0312
           7     78.6822
           8     78.3998
           9     76.9798
          10      76.788
          11     77.7798
          12     77.0758
          13     76.6513
          14     76.8365
          15     78.1947
          16      79.099
          17     75.6353
          18     74.7108
          19     76.3756
          20      75.452
          21     75.8386
          22     75.5503
          23     75.5778
          24     75.7379
          25     75.9007
          26     75.8353
          27     76.3534
          28     76.2497
          29     76.7376
          30     77.7345
          31      77.135
          32     77.8019
          33     76.6924
          34     77.0625
          35     78.9274
          36     79.3389
          37     78.4767
          38     77.7758
          39     77.1322
          40      76.594
          41     77.2441
          42     77.8149
          43     77.5529
          44     77.2854
          45     77.0021
          46     78.1582
          47      77.144
          48     75.7047
          49     76.1773
          50     74.7821
          51     75.0373
          52     75.5006
          53     75.8464
          54      75.798
          55     76.4973
          56     77.1192
          57     77.3267
          58     76.3802
          59      76.334
          60     75.8462
          61      76.492
          62     76.1851
          63     76.0225
          64     76.3275
          65     77.6901
          66     76.3355
          67     75.6122
          68     75.4986
          69     74.7576
          70     75.4776
          71     75.5704
          72     76.6841
          73     76.7614
          74     77.7189
          75     77.0608
          76     76.7043
          77     76.3388
          78     77.1032
          79     75.9318
          80     77.1987
          81     78.3389
          82     76.1526
          83     75.3369
          84     74.9857
          85     76.1431
          86     75.7257
          87     76.5171
          88     77.2284
          89     75.7899
          90     75.1067
          91     75.4273
          92     75.6195
          93     74.8771
          94     74.0282
          95     74.8556
          96     75.6937
          97     77.2289
          98     76.8544
          99      76.536
           0     77.2244
           1     78.4644
           2     78.4444
           3     78.8556
           4     80.3655
           5     80.0641
           6     80.7879
           7     80.4058
           8     81.9352
           9     79.8097
          10     76.3074
          11     75.1209
          12      75.702
          13     75.8577
          14     76.2442
          15     76.4278
          16     74.5848
          17     74.4091
          18     75.7288
          19     76.7929
          20       76.75
          21      76.804
          22     76.2312
          23     76.5133
          24     75.7176
          25     75.8005
          26     76.2738
          27     76.5691
          28     77.4902
          29     75.2041
          30     75.8352
          31     75.9782
          32     77.5001
          33     75.2755
          34       75.85
          35     75.8686
          36     76.3448
          37     77.0616
          38     76.3173
          39     75.5935
          40     76.8432
          41     75.3897
          42     75.1275
          43     74.6923
          44     74.9914
          45     76.1224
          46     75.9567
          47     78.1154
          48     77.8874
          49       76.48
          50      75.766
          51     76.2974
          52     77.5589
          53     77.4375
          54     77.2467
          55     77.4178
          56     77.5879
          57      76.718
          58     75.5843
          59     76.3859
          60     77.9026
          61     76.6291
          62     76.3419
          63     76.7515
          64     75.1794
          65     76.3852
          66     77.2718
          67      76.642
          68     76.0728
          69     75.4496
          70     75.3391
          71     73.8621
          72     74.2374
          73     73.8801
          74     74.9147
          75     74.3728
          76     73.5801
          77     74.8444
          78     75.9286
          79     75.5938
          80     75.0537
          81     74.7102
          82     75.6521
          83     75.4665
          84     75.2049
          85     75.1584
          86     75.8048
          87     75.3621
          88     76.0697
          89     75.1101
          90     74.6847
          91     74.6527
          92     74.4974
          93     74.4794
          94     75.4398
          95     75.5944
          96     77.2633
          97     77.2786
          98     77.1198
          99     77.0331
           0     77.0533
           1     76.3418
           2     76.4875
           3     77.6423
           4     77.5808
           5     76.5076
           6     75.3148
           7      74.256
           8     74.4586
           9     74.3894
          10     73.6165
          11     74.9677
          12     74.9436
          13     75.2248
          14     74.4262
          15     75.6257
          16      75.661
          17     75.7629
          18     76.1471
          19     76.2658
          20     74.2178
          21     72.8723
          22     73.4664
          23     75.0838
          24      74.008
          25     73.7241
          26     73.9728
          27     75.1471
          28     75.1116
          29     74.9482
          30     75.7515
          31     76.1097
          32     78.1336
          33     78.4013
          34          76
          35     75.2518
          36     75.8342
          37     74.9481
          38     74.2536
          39     74.1599
          40     74.4301
          41      73.356
          42     73.8332
          43     73.6276
          44     73.6352
          45     73.9712
          46     74.9056
          47     74.4814
          48      76.028
          49     75.8747
          50     74.0774
          51     74.4311
          52     73.5045
          53     73.9111
          54     73.5882
          55     74.8035
          56     74.7057
          57     75.5201
          58     75.0265
          59     76.4531
          60     76.0328
          61     75.5319
          62     74.7214
          63     73.2913
          64     74.7313
          65     73.5591
          66     73.0349
          67     73.8555
          68     73.7003
          69     73.4555
          70     72.4601
          71     71.8534
          72     72.7159
          73     74.3254
          74     73.4801
          75     74.1958
          76     74.4307
          77     74.3287
          78     73.1816
          79     73.6331
          80     73.2989
          81     74.0987
          82      73.512
          83     73.7586
          84     75.3457
          85     74.8728
          86      73.585
          87     72.2372
          88      71.696
          89     73.7644
          90     72.7776
          91     72.6668
          92     73.4143
          93     74.3192
          94     73.8903
          95     73.3773
          96     73.7226
          97     71.9837
          98     73.0889
          99     74.7009
           0     73.2293
           1      73.321
           2     72.3577
           3     72.4204
           4     73.5207
           5     73.3046
           6     74.8236
           7     73.5229
           8     73.6172
           9     74.1717
          10     74.6929
          11     74.3135
          12     72.9091
          13     72.8665
          14     74.0352
          15     72.7925
          16     73.5737
          17     73.9588
          18      73.426
          19     72.7024
          20     73.1094
          21     73.2428
          22     73.1577
          23     73.8598
          24     72.9418
          25      73.509
          26     73.2226
          27     73.5879
          28      72.136
          29     73.0506
          30     72.5185
          31     72.5609
          32     73.0475
          33     73.8855
          34     72.0177
          35     73.0366
          36     72.6247
          37     73.1244
          38     72.3687
          39      73.562
          40     73.6662
          41     71.6555
          42     71.9419
          43     72.4369
          44     72.2813
          45     73.3593
          46     73.9525
          47     72.9933
          48     74.0679
          49     73.1623
          50     75.0614
          51     75.7195
          52     73.9576
          53     74.5082
          54     75.9663
          55     74.9503
          56     72.9438
          57     72.3669
          58     73.4305
          59     73.8186
          60     74.5107
          61     73.8186
          62     73.3795
          63     72.8874
          64     73.5871
          65     72.5877
          66     73.6089
          67     73.7574
          68      72.825
          69     72.9639
          70     73.1609
          71     74.2414
          72     73.7437
          73     73.7803
          74     72.0622
          75     73.6018
          76      74.794
          77     73.4262
          78     74.1944
          79     72.3455
          80     71.6253
          81     73.2828
          82     71.9319
          83     72.0281
          84     71.8907
          85     71.4459
          86     73.2788
          87     73.8209
          88     73.7743
          89     72.3214
          90     71.8094
          91     72.7944
          92     72.1503
          93     73.1684
          94     71.8204
          95     72.3156
          96     71.8478
          97     72.6357
          98     73.7285
          99     73.6136
           0     72.3236
           1     73.6601
           2     72.8282
           3     73.4841
           4     73.3865
           5     72.2878
           6     72.9864
           7     71.1383
           8     72.5851
           9     71.2404
          10     71.0033
          11     70.9089
          12      71.517
          13     71.5802
          14     70.9546
          15     70.2781
          16     71.7466
          17     71.3599
          18     71.7009
          19     71.0457
          20     71.5366
          21     70.9149
          22     71.3445
          23     73.0107
          24      73.251
          25     75.3843
          26     76.2845
          27     75.6727
          28     74.3402
          29     73.2634
          30     73.3652
          31     73.8313
          32     73.9484
          33     74.6151
          34     72.9023
          35     73.3059
          36     73.1667
          37     73.8286
          38     75.1901
          39     74.8089
          40     76.7644
          41     75.1652
          42     73.7798
          43      72.481
          44     72.1704
          45     72.6304
          46     72.1483
          47     72.4821
          48     75.2257
          49     75.3434
          50     72.8703
          51     73.4766
          52     71.3915
          53     72.1174
          54     72.3605
          55     71.7987
          56      72.484
          57     72.1538
          58     73.9247
          59     72.6475
          60     71.8544
          61     72.8701
          62     73.2338
          63     74.2972
          64     73.4946
          65     71.8578
          66     72.5262
          67     71.9906
          68     73.0661
          69      72.455
          70     71.7777
          71      70.709
          72     72.0065
          73     71.6106
          74     72.0091
          75     71.6221
          76     72.1489
          77      72.072
          78     70.5515
          79     70.8996
          80     70.5796
          81     70.9025
          82      69.789
          83     70.7468
          84     70.8043
          85     71.8923
          86     72.3391
          87     72.8534
          88     72.0196
          89     72.0321
          90     73.5446
          91     73.0537
          92     72.3753
          93     71.6775
          94     72.8517
          95     72.6768
          96     71.3955
          97     71.5112
          98      71.983
          99      73.056
           0     72.7102
           1     70.8817
           2     71.0223
           3     71.7484
           4     70.5681
           5     71.4639
           6     71.2131
           7     73.8553
           8     74.9502
           9     74.2164
          10     74.7939
          11     73.2841
          12     72.2949
          13     72.0355
          14     72.3729
          15       71.87
          16     72.3985
          17     72.7356
          18     72.2746
          19      70.385
          20     71.3905
          21     72.2141
          22     71.9144
          23     70.4699
          24     71.0598
          25     70.9623
          26     71.3625
          27     71.9198
          28     72.7528
          29     72.6836
          30     71.2384
          31     71.4768
          32     71.6522
          33     72.2736
          34     71.7345
          35     71.3215
          36     73.7986
          37     72.3679
          38     72.0487
          39     72.2541
          40     73.1758
          41     72.6702
          42     72.8059
          43      71.401
          44     73.1835
          45     71.8564
          46     71.9646
          47     71.3754
          48     71.6627
          49      71.856
          50     70.9573
          51     71.2765
          52     71.6483
          53     71.0209
          54     70.6304
          55     71.4023
          56     71.0865
          57     69.8361
          58     70.4608
          59     70.1737
          60     71.1166
          61     70.8606
          62     70.9756
          63     72.2358
          64     73.2018
          65     71.6169
          66     71.9679
          67     71.6136
          68     71.3875
          69     71.7526
          70     72.2341
          71     70.2897
          72     72.1356
          73      71.662
          74     72.1637
          75     70.3273
          76     70.4623
          77     72.0109
          78     70.9414
          79      70.751
          80     70.1807
          81     70.1221
          82     70.2047
          83     69.7733
          84     68.6669
          85     70.4559
          86     70.5889
          87     70.1907
          88     69.7105
          89     69.7634
          90     71.2845
          91     70.7739
          92     71.3783
          93     70.2027
          94     71.2358
          95     71.8957
          96     70.9652
          97     71.8462
          98     71.9166
          99      71.176
           0     71.0759
           1     71.8724
           2     70.4997
           3     69.5318
           4     70.1302
           5     70.5839
           6     71.3136
           7      70.957
           8      72.649
           9     72.4558
          10     71.6872
          11     71.7211
          12     71.5594
          13     72.3898
          14     72.7581
          15     72.8138
          16     71.1148
          17     72.1295
          18     73.4537
          19     71.7643
          20     71.2503
          21     71.4466
          22     70.2133
          23      72.279
          24      71.698
          25     71.1233
          26       70.99
          27     71.8003
          28     70.9638
          29     70.7166
          30     70.9383
          31      72.135
          32      71.396
          33     71.2042
          34     72.0847
          35     73.1579
          36     72.4736
          37     72.9733
          38     73.2916
          39     73.9011
          40     74.7126
          41     73.5801
          42     72.4505
          43      70.886
          44     70.8106
          45      70.306
          46     71.9576
          47      70.371
          48     70.4165
          49     70.4852
          50     71.0627
          51     70.9204
          52     71.7896
          53     70.8101
          54     71.3275
          55     70.8416
          56     70.3144
          57     69.7258
          58      70.106
          59     70.2584
          60     72.1088
          61     71.9135
          62     71.8027
          63     70.9399
          64     71.6325
          65     72.3808
          66     73.4498
          67     74.1168
          68     73.0753
          69     72.3727
          70      71.327
          71     72.1718
          72     70.2978
          73     71.1684
          74     70.4585
          75     70.9261
          76     71.3606
          77     70.1724
          78     70.6061
          79     71.0212
          80     70.6202
          81     72.1777
          82     71.8923
          83      70.938
          84     70.0455
          85     70.7331
          86      71.198
          87      70.748
          88     71.4344
          89     72.5174
          90     72.9341
          91     74.6786
          92     74.7004
          93     72.8527
          94     73.0189
          95     73.0486
          96     72.6129
          97     71.7888
          98     70.8004
          99       71.49
           0     71.1222
           1      70.518
           2     69.7544
           3     70.6306
           4     70.9367
           5     71.7613
           6     72.4663
           7     72.8869
           8     73.7674
           9     72.2017
          10     71.9393
          11     70.5471
          12     70.8964
          13     72.3817
          14     70.3479
          15     70.9828
          16     71.8682
          17     70.3684
          18     70.8784
          19     73.2614
          20     73.3436
          21     71.8673
          22      70.791
          23       70.56
          24     70.9307
          25     71.2641
          26     71.6514
          27     69.5247
          28     69.4945
          29     70.2885
          30     70.7165
          31     72.5994
          32     71.6994
          33     71.2723
          34     70.7761
          35     71.3992
          36     71.9727
          37       71.14
          38     70.8176
          39     70.7145
          40     69.9546
          41     70.9317
          42     70.0076
          43     70.4038
          44      70.103
          45     70.4282
          46     70.4919
          47     70.5833
          48     71.1217
          49     70.5634
          50     70.7572
          51      69.893
          52     68.9616
          53     69.5972
          54     69.7225
          55     68.5866
          56     67.8866
          57     68.0925
          58     69.5286
          59     70.3291
          60     70.4319
          61     70.9067
          62     72.4482
          63     70.9329
          64     71.5419
          65     72.0017
          66     71.8788
          67     72.7362
          68     70.9501
          69     70.2656
          70     69.2425
          71     69.4959
          72     69.6197
          73     68.9963
          74     68.6843
          75     70.1402
          76     70.8446
          77      71.804
          78     71.6685
          79     71.4292
          80     69.8747
          81     70.7596
          82     69.7614
          83     71.0578
          84     70.7123
          85      71.547
          86      72.545
          87     71.4111
          88      71.068
          89     70.4693
          90     70.7989
          91     70.4836
          92     69.8466
          93     71.9682
          94     72.4427
          95     71.5702
          96     71.1087
          97     69.9677
          98     70.6594
          99     69.9601
           0     69.4191
           1     70.0364
           2     70.0155
           3     69.5433
           4     68.9635
           5     69.6499
           6     71.4774
           7     69.9022
           8     70.4925
           9     71.0423
          10     71.9563
          11     70.9233
          12     71.4621
          13     71.7497
          14     72.0128
          15     71.7785
          16     70.4593
          17     71.4178
          18     69.7786
          19     69.4379
          20     69.3741
          21     69.9931
          22     69.4167
          23     71.1592
          24     71.4171
          25     70.5686
          26     69.7703
          27     68.5432
          28     69.6626
          29     70.0513
          30     70.2666
          31     70.8732
          32     72.7021
          33     70.8701
          34     72.6187
          35     70.3998
          36     68.3812
          37     68.7686
          38     68.0092
          39     68.2038
          40      68.124
          41     69.2232
          42     69.0986
          43     68.4039
          44     69.7971
          45     70.1729
          46     69.5714
          47     69.0389
          48     69.5947
          49     70.0121
          50      70.295
          51     71.0577
          52     69.9058
          53     68.9414
          54     70.4045
          55     70.5873
          56      69.472
          57      69.589
          58     69.7023
          59     69.8653
          60     70.7296
          61     70.3959
          62     70.5028
          63     69.1236
          64     70.1322
          65     69.5994
          66     69.2752
          67     71.1588
          68     70.2501
          69     69.7398
          70     70.9115
          71     70.4334
          72     71.6944
          73     69.8725
          74     68.6082
          75     69.9226
          76     71.2674
          77     71.5148
          78     71.6886
          79      72.383
          80     71.2888
          81     71.7733
          82     71.0627
          83     70.9904
          84     71.7614
          85     72.2083
          86     71.6486
          87     72.2145
          88     70.7481
          89      70.092
          90     69.0233
          91     70.0687
          92     69.9854
          93     70.6947
          94     69.4735
          95     69.4374
          96     69.4483
          97     68.2909
          98     68.3909
          99     67.8092
           0      68.196
           1      68.262
           2     68.9803
           3     68.6417
           4      68.603
           5     68.9341
           6     68.7835
           7     69.3055
           8     69.9841
           9     69.5037
          10     67.8018
          11     68.6806
          12     68.1482
          13     68.4301
          14     68.5737
          15     68.8526
          16     70.5466
          17     70.7743
          18     70.5013
          19      70.074
          20      71.319
          21      72.148
          22     70.4555
          23     70.6246
          24     69.9083
          25     70.3732
          26      70.204
          27     70.2903
          28      70.138
          29     70.5799
          30     71.7515
          31     69.2991
          32     69.6498
          33     70.2083
          34     69.4229
          35     68.6969
          36      69.175
          37     70.3692
          38      69.364
          39     69.2751
          40      71.059
          41      70.067
          42     71.3165
          43      71.794
          44     71.2009
          45     71.0344
          46     69.8453
          47     69.8531
          48     69.4761
          49     72.0306
          50      72.669
          51     70.7353
          52     72.6181
          53     71.1672
          54     71.8944
          55     71.8844
          56     72.2427
          57     70.2657
          58     68.6999
          59     69.5519
          60     70.5426
          61     71.9489
          62     72.8895
          63     71.9966
          64     71.7232
          65     71.0694
          66     70.4562
          67     70.3296
          68     70.9437
          69     70.3291
          70     70.3034
          71      70.429
          72     70.8422
          73     69.9368
          74     69.8755
          75     70.2909
          76     70.7673
          77     70.9844
          78     70.2803
          79     70.8444
          80     71.7287
          81     70.7157
          82     68.6465
          83     69.3018
          84     69.2784
          85     68.8399
          86     69.3568
          87     68.5471
          88      69.786
          89     68.2551
          90     69.6476
          91     70.8309
          92     69.2701
          93     70.1784
          94      70.844
          95     71.3071
          96      70.016
          97     69.0801
          98     68.7416
          99     69.2368
           0     68.4842
           1     68.5871
           2     68.7763
           3     69.0748
           4     68.8448
           5     68.5192
           6     68.6921
           7      70.314
           8     69.6491
           9     69.3428
          10     67.7104
          11     68.4279
          12     69.0256
          13     69.2909
          14     68.8711
          15     68.0198
          16      67.928
          17      68.847
          18     69.1285
          19     70.0785
          20     70.1336
          21     70.7298
          22     69.9936
          23      69.995
          24     70.3861
          25     70.3534
          26     70.1798
          27     70.5836
          28     69.8611
          29      70.342
          30     69.2892
          31     69.4145
          32     70.0024
          33     68.6277
          34      69.317
          35     70.5074
          36     72.0039
          37     71.3416
          38     71.6507
          39     72.0549
          40     70.3065
          41     69.6012
          42     68.7983
          43     67.9653
          44     69.6135
          45     69.4188
          46     70.0335
          47     69.1807
          48     68.7651
          49     69.0381
          50     67.7787
          51     68.8166
          52      69.465
          53     69.0523
          54     69.9339
          55     71.3875
          56     70.7965
          57     70.7263
          58     71.1234
          59     71.1699
          60      69.989
          61     70.3528
          62     70.0581
          63     68.9091
          64     69.2673
          65     70.5477
          66     69.2064
          67     69.3434
          68     69.4405
          69     68.9751
          70     68.9987
          71     69.8552
          72     71.3611
          73     70.1474
          74      70.095
          75     70.4015
          76     71.2718
          77     70.0598
          78     70.2837
          79     68.5149
          80      68.934
          81     68.4604
          82     70.8435
          83     69.6095
          84     68.9476
          85     67.9742
          86     68.5814
          87      69.096
          88      69.597
          89      69.258
          90     69.7208
          91     70.1025
          92     69.6352
          93     69.4159
          94     69.6773
          95      70.406
          96     69.3822
          97     69.6456
          98     68.7053
          99     69.0295
           0      68.214
           1     68.1661
           2      68.355
           3     68.8174
           4     68.6491
           5     68.7191
           6     68.7876
           7     68.3943
           8     67.8745
           9     67.9045
          10     67.9116
          11     69.2758
          12     68.0519
          13     69.5949
          14     69.5548
          15     68.6312
          16     68.9573
          17     68.6216
          18     69.2462
          19     68.1786
          20     69.2933
          21     69.0918
          22     68.5883
          23     68.5771
          24     68.6639
          25     69.5236
          26     69.1474
          27     69.7886
          28     70.0463
          29     70.4552
          30     70.4318
          31     70.1605
          32     69.1916
          33     68.5227
          34     69.5209
          35     69.6889
          36     69.7711
          37     70.7998
          38     70.6127
          39     70.7609
          40      72.228
          41     71.2321
          42     70.1107
          43     70.9466
          44      69.467
          45     70.9386
          46      70.607
          47      69.779
          48     69.5709
          49      72.309
          50     71.1665
          51     70.6161
          52     70.8195
          53     70.0185
          54     70.2518
          55     71.5995
          56     72.2034
          57      71.553
          58     71.4384
          59     70.4221
          60     70.0238
          61     69.7823
          62     70.5769
          63     70.8424
          64     70.1392
          65     68.0399
          66     69.0571
          67     68.1096
          68     68.4904
          69     69.9402
          70     69.9803
          71     69.7952
          72     69.9716
          73     68.9739
          74     68.9586
          75      69.388
          76     69.3425
          77     68.2437
          78     68.2786
          79     69.6412
          80     69.0077
          81     67.5354
          82     68.6472
          83      68.752
          84     69.0882
          85     69.1101
          86     69.1992
          87      69.754
          88     69.6441
          89     69.9657
          90     71.6054
          91      68.969
          92     69.5121
          93      69.618
          94     70.1515
          95     70.2619
          96     68.9734
          97     69.2977
          98     68.1503
          99     68.8434
