#gen      BHL
           0     136.433
           1     134.794
           2     133.338
           3     131.063
           4     129.362
           5     126.499
           6     124.428
           7     122.063
           8     119.661
           9     117.252
          10      115.12
          11     112.715
          12     111.495
          13     110.572
          14     109.181
          15     107.081
          16     106.073
          17     104.313
          18     103.314
          19     100.809
          20     99.6851
          21     98.8382
          22      98.116
          23     97.0095
          24     95.5896
          25     94.6089
          26     93.2396
          27     92.0407
          28     90.7138
          29      89.166
          30     87.6242
          31     86.6804
          32     85.7718
          33     85.1163
          34     84.6438
          35     83.5466
          36     82.6777
          37      82.197
          38     81.5921
          39     80.6265
          40     79.7507
          41     78.9496
          42     78.0265
          43     77.9408
          44     77.0629
          45     76.0647
          46     75.6235
          47     74.9479
          48     74.3081
          49     73.9211
          50     73.2721
          51     72.5116
          52     71.6161
          53     71.0552
          54     70.7376
          55     70.7217
          56     70.4126
          57     69.8532
          58     69.5403
          59      68.349
          60     68.1639
          61     67.5582
          62     66.7257
          63     66.3745
          64      66.101
          65     65.3635
          66     65.0826
          67     65.1085
          68     64.3063
          69     64.0186
          70     63.3098
          71     63.0811
          72     62.9836
          73     62.1505
          74     61.3769
          75     60.9822
          76     60.5824
          77     59.8869
          78     59.5797
          79     58.7273
          80     57.6878
          81     56.7076
          82     55.7926
          83     55.4929
          84     55.7519
          85     54.9154
          86     55.1264
          87     55.3363
          88     55.6988
          89     55.7169
          90     55.4602
          91     55.0904
          92     54.9474
          93     54.9778
          94     54.4049
          95     53.5277
          96     52.8978
          97      53.019
          98     52.1477
          99       51.55
           0     50.3547
           1     50.0118
           2      49.103
           3     48.8324
           4     48.4386
           5     48.4116
           6     48.0199
           7     48.3542
           8     47.7627
           9      47.713
          10     47.6692
          11     46.8297
          12     46.4473
          13     45.9257
          14     45.8567
          15      45.663
          16     45.5481
          17     45.1568
          18     45.0041
          19     44.7057
          20     44.4163
          21     44.1316
          22     44.4476
          23     44.2063
          24     43.8157
          25     43.4445
          26     42.9715
          27      42.994
          28     43.3421
          29     42.9416
          30     42.8718
          31     42.3555
          32     42.0273
          33     42.3213
          34     41.9876
          35     41.8463
          36     41.8573
          37     41.6295
          38     40.8855
          39     39.9455
          40     39.8133
          41     39.3757
          42     38.6082
          43     38.6702
          44     39.1953
          45     39.0113
          46     39.0298
          47     38.4278
          48     38.3965
          49     37.7437
          50     37.9537
          51     37.7265
          52     37.6858
          53     37.2848
          54     37.2076
          55     36.3807
          56     35.8215
          57     36.0527
          58     35.5733
          59     35.1014
          60     35.1372
          61     34.1237
          62     34.4367
          63     34.1201
          64     33.8797
          65     33.6841
          66     33.6788
          67     33.5232
          68     33.4411
          69     33.3223
          70     33.4784
          71      33.119
          72     32.9149
          73     32.5635
          74     32.2024
          75     32.3289
          76     32.3978
          77     32.3783
          78     32.4748
          79     32.2295
          80     31.3557
          81     30.9555
          82     30.9186
          83     31.5106
          84     31.2948
          85      31.713
          86      31.293
          87       30.88
          88     30.2156
          89     30.1892
          90     30.1942
          91     30.0269
          92     30.2343
          93      30.142
          94     29.7122
          95     30.1768
          96     29.9956
          97     29.5828
          98     29.4735
          99     29.8007
           0     29.9266
           1     29.6711
           2     29.7825
           3     30.0607
           4     30.3777
           5     30.2978
           6     30.2684
           7     29.8415
           8     29.6632
           9     29.4654
          10     28.7725
          11     28.8116
          12     29.0676
          13     29.1208
          14     28.2502
          15     27.6131
          16     27.6017
          17     27.5357
          18     27.1802
          19     26.7191
          20     26.5654
          21     26.3821
          22      26.502
          23      26.301
          24      26.375
          25     26.1275
          26     26.0576
          27     26.1082
          28     26.7692
          29     26.4773
          30     26.1005
          31      26.227
          32     25.6094
          33     25.2312
          34     25.3991
          35      25.466
          36     25.9731
          37     26.0635
          38     26.3115
          39     25.7897
          40     25.8807
          41      26.226
          42     26.1015
          43     25.7867
          44     25.2497
          45     24.3891
          46     24.2482
          47     24.3253
          48     24.2753
          49     24.4563
          50     24.4456
          51     24.5124
          52     24.4136
          53     23.5567
          54     23.4377
          55     23.8172
          56     24.2642
          57     23.9321
          58     23.6215
          59     23.0721
          60     22.9961
          61     22.9205
          62     23.4525
          63     23.3364
          64     22.7689
          65     22.0174
          66     22.6602
          67      22.988
          68     23.0155
          69     22.9156
          70     22.7564
          71     22.6995
          72     22.4445
          73     23.0078
          74       23.01
          75     23.0126
          76     22.8911
          77     23.0528
          78     22.6933
          79     23.5935
          80     23.2068
          81     23.5566
          82     22.7376
          83     22.4939
          84     22.7347
          85     22.2514
          86     22.7106
          87     22.7569
          88     21.8941
          89     21.8511
          90     21.9407
          91     22.3259
          92     22.0556
          93     21.6748
          94     21.3597
          95     21.6737
          96     22.5542
          97     21.8534
          98       21.96
          99     21.6795
           0     21.9285
           1     22.1911
           2     21.8011
           3     21.4946
           4      22.151
           5     21.7325
           6     21.7737
           7     21.5411
           8     21.0674
           9     21.1908
          10     21.3757
          11     21.1335
          12     20.6754
          13     20.4018
          14     20.3928
          15     20.1489
          16     19.9202
          17     19.6233
          18     19.4845
          19     19.4485
          20     19.3806
          21     19.4672
          22     19.5799
          23     20.0006
          24     20.0183
          25     20.0375
          26     20.2834
          27     20.1244
          28      20.129
          29     20.7081
          30     20.8287
          31      20.022
          32     20.0104
          33     20.1067
          34     20.1505
          35     20.1679
          36     19.6321
          37     19.9029
          38     19.6122
          39     19.6618
          40     20.1058
          41     19.8725
          42     19.9741
          43     19.8001
          44     19.9955
          45     20.1302
          46     19.8811
          47     19.8144
          48     19.5831
          49     19.5849
          50     19.6265
          51     19.4059
          52     19.4204
          53     19.3588
          54     19.5881
          55     19.7679
          56     20.2394
          57     20.0311
          58     19.6392
          59     19.7678
          60      20.027
          61     20.3694
          62      20.354
          63      19.992
          64     20.0757
          65     20.1782
          66     20.0779
          67     19.6988
          68     19.8151
          69     20.2056
          70     20.1497
          71     19.8512
          72      19.653
          73     19.5751
          74     19.8437
          75     19.8478
          76     20.3816
          77     20.4813
          78     19.9715
          79     19.7892
          80     19.8485
          81     20.2227
          82      19.754
          83      19.953
          84     19.7582
          85       19.12
          86     19.2093
          87     19.1756
          88     19.0366
          89     19.5403
          90     19.6675
          91     20.2516
          92     19.9329
          93     19.9534
          94     20.0515
          95     20.1582
          96     19.9039
          97     20.0053
          98      20.393
          99     20.2502
           0      20.017
           1     19.4531
           2     19.7381
           3      20.135
           4     20.1145
           5     19.8819
           6     20.2986
           7     20.0988
           8     19.4657
           9     19.7113
          10     19.4506
          11      19.532
          12      20.115
          13     20.4542
          14     19.8448
          15     19.7836
          16     19.7053
          17     19.6877
          18     19.1935
          19      19.264
          20     19.0161
          21     19.1645
          22     18.6655
          23     19.0102
          24     19.1508
          25     19.0887
          26     18.9849
          27     18.6075
          28     18.8987
          29     18.8714
          30     18.8955
          31     19.0562
          32     18.9659
          33     19.2735
          34     19.0471
          35      19.214
          36     19.2722
          37     18.9134
          38     18.5745
          39      18.686
          40     18.7828
          41     19.3045
          42     19.3523
          43     19.1733
          44     18.7889
          45      18.834
          46      18.894
          47     18.9181
          48     19.0285
          49     19.4304
          50     19.0782
          51     19.0076
          52     18.8383
          53     18.6992
          54     18.5364
          55     18.5402
          56     18.4899
          57     18.7072
          58     18.8513
          59     18.7479
          60     18.3469
          61     18.2645
          62     18.5964
          63     18.6361
          64     19.1251
          65      18.979
          66     19.0833
          67     19.0722
          68      18.737
          69     19.2356
          70     18.7827
          71     18.9258
          72      18.779
          73     19.1518
          74     19.1282
          75     19.2689
          76     19.2796
          77     18.7819
          78     18.3785
          79     18.8544
          80     19.1411
          81     18.8671
          82     19.0454
          83     19.0657
          84     18.6364
          85     19.1853
          86     19.1108
          87     18.8066
          88     18.4809
          89     18.6455
          90     18.9292
          91     18.9161
          92      18.354
          93     18.6664
          94     18.3882
          95     19.1838
          96     18.9767
          97     19.3573
          98     19.0654
          99     18.5975
           0     18.3675
           1     18.5671
           2      18.636
           3      18.515
           4     18.8557
           5     19.1761
           6     18.8402
           7     19.0199
           8     19.3935
           9     18.8729
          10     18.8737
          11     19.0961
          12     19.0114
          13     18.7613
          14     18.6014
          15     19.1055
          16     18.9236
          17     19.0908
          18      18.358
          19     18.9311
          20     18.6804
          21     18.6296
          22     18.5658
          23     19.1028
          24     18.7028
          25     18.8943
          26     18.7268
          27     18.8544
          28     19.0294
          29     18.7184
          30      18.546
          31     18.7587
          32     18.5595
          33     18.5254
          34     18.4823
          35     18.2256
          36     18.4752
          37     18.0919
          38     18.0525
          39     18.2552
          40     18.1208
          41     18.3155
          42     18.3718
          43     18.1421
          44     18.3177
          45     18.3745
          46     18.5143
          47     18.7772
          48     19.0671
          49     19.1941
          50     18.7914
          51      18.855
          52     19.0862
          53      19.105
          54     19.1532
          55     19.1734
          56     18.8569
          57     18.5383
          58     18.4149
          59     18.4251
          60     18.3527
          61     18.9387
          62     18.6775
          63     18.3469
          64     18.3063
          65     18.5621
          66     18.3079
          67     18.7093
          68     18.4902
          69     18.3671
          70     17.8764
          71     17.7736
          72     18.0323
          73     17.8548
          74      17.863
          75     18.2143
          76     17.9162
          77     17.9124
          78     18.1544
          79     18.3409
          80     18.2934
          81     17.9796
          82     18.2438
          83     18.1181
          84      18.729
          85     18.2765
          86     18.5598
          87     18.6646
          88     19.3435
          89     19.8264
          90     19.6682
          91      18.915
          92     18.4705
          93     18.6438
          94     18.8321
          95     18.5387
          96     18.5722
          97     18.2198
          98     18.0227
          99     18.3083
           0     17.8253
           1     17.9556
           2     17.9223
           3     18.3773
           4     18.8029
           5      18.937
           6     18.5483
           7     18.4922
           8     18.7533
           9     18.2053
          10     18.2786
          11     18.3076
          12     18.3256
          13     19.0832
          14     19.5501
          15     19.4812
          16     19.4469
          17     18.9159
          18     18.6611
          19     18.1742
          20     17.8244
          21     17.7678
          22     17.9548
          23     17.9367
          24     17.8991
          25     18.0878
          26     17.8262
          27     18.1966
          28     17.9627
          29     18.1719
          30     18.0691
          31     17.8851
          32     17.7833
          33     17.5288
          34     17.5464
          35     16.9479
          36     16.9357
          37     17.6203
          38     17.8246
          39     18.3804
          40       18.56
          41     17.9674
          42     18.1702
          43     17.9576
          44     17.3438
          45     17.5168
          46     17.2148
          47     16.8851
          48     17.1029
          49     17.3491
          50     17.1947
          51     16.9843
          52     16.7453
          53     17.1991
          54     17.2457
          55     16.9099
          56     17.1148
          57     17.6524
          58      17.698
          59     17.5015
          60     18.3145
          61     18.0996
          62     18.0603
          63     18.7736
          64     18.3022
          65     17.1628
          66     17.5082
          67      16.797
          68     16.4519
          69     15.9312
          70     15.8407
          71     15.7518
          72     16.0251
          73     15.8075
          74     15.9184
          75     15.3238
          76      15.207
          77     15.7583
          78     15.7881
          79     16.0438
          80     16.8642
          81     17.4102
          82      16.909
          83     16.5446
          84     16.0003
          85     15.8747
          86     15.5235
          87     15.1381
          88     15.4344
          89     16.0418
          90     15.6494
          91     15.9579
          92     16.4309
          93     16.2882
          94     16.0588
          95       16.52
          96     16.1482
          97     15.6407
          98     15.6323
          99     15.5744
           0     16.0962
           1     15.7822
           2     15.9866
           3     15.8373
           4      15.675
           5     16.0928
           6      16.184
           7     15.9779
           8     15.3477
           9     15.4061
          10      15.918
          11     16.0431
          12     15.9257
          13     16.2715
          14     16.2154
          15     16.2288
          16     15.9389
          17      15.662
          18     16.1168
          19     16.1914
          20     15.7932
          21     15.5441
          22     15.7327
          23     15.1732
          24     15.9968
          25     15.4869
          26     15.0132
          27          15
          28     15.8406
          29     15.8351
          30     15.9173
          31     15.7246
          32     15.6058
          33     15.7977
          34     15.9043
          35     16.3388
          36     15.7017
          37     15.7726
          38     15.8382
          39     15.8235
          40     16.0092
          41     15.7246
          42     15.8599
          43     15.3446
          44     14.8406
          45     15.4704
          46     15.7632
          47     16.0058
          48     15.8115
          49     15.2385
          50     15.4951
          51     15.7937
          52     15.7703
          53     16.1071
          54     16.0509
          55     16.0544
          56     15.8021
          57     15.5676
          58     15.1646
          59      14.772
          60     14.7624
          61     14.9655
          62     14.5104
          63     15.1031
          64     15.1889
          65     15.1911
          66      15.417
          67      15.076
          68     14.8657
          69     14.8099
          70     15.1622
          71     15.1228
          72     15.0877
          73      14.679
          74     14.8387
          75     15.2898
          76     14.9358
          77     14.5874
          78     14.3714
          79     14.0388
          80     14.0951
          81     14.0222
          82     14.3281
          83     14.6766
          84      14.437
          85     14.4689
          86     14.3467
          87     14.5428
          88     14.1391
          89     14.3972
          90      14.459
          91     14.4924
          92      13.909
          93     13.4302
          94     13.5134
          95     13.8508
          96      14.123
          97     14.0062
          98     13.7893
          99     13.7337
           0     13.8815
           1     13.7046
           2     13.9791
           3     13.9969
           4     14.0439
           5     13.3191
           6     13.1245
           7     12.9689
           8     13.3012
           9     12.9361
          10     13.2182
          11     12.9753
          12     12.9463
          13     13.1907
          14     13.6372
          15     13.7492
          16     14.0989
          17     13.9896
          18     14.2232
          19     13.9262
          20      13.595
          21     13.4461
          22     13.5671
          23     13.5092
          24     13.2342
          25     13.6374
          26      13.804
          27     14.0353
          28     13.7354
          29     13.5084
          30     13.3524
          31     13.1255
          32     13.0268
          33     12.8386
          34     13.0359
          35     13.0852
          36     13.0826
          37     13.0079
          38      13.221
          39      13.031
          40     13.4628
          41     12.8109
          42     13.0772
          43     12.9372
          44     13.0559
          45     13.2238
          46     12.9262
          47     12.8736
          48     13.3741
          49     13.2836
          50     13.2441
          51     13.0976
          52     12.8359
          53     12.9563
          54     12.8807
          55     13.2705
          56     13.0698
          57     12.6661
          58     13.1062
          59     13.2941
          60     13.2908
          61     13.3527
          62     13.5067
          63     13.5931
          64     13.4749
          65     13.4966
          66     13.0453
          67     12.9365
          68     12.6689
          69     12.8069
          70     13.4127
          71     13.2934
          72     13.2214
          73     12.6195
          74     12.4481
          75     12.2613
          76     12.8735
          77     12.8975
          78      13.372
          79     13.0899
          80     13.2161
          81     13.2715
          82     13.4256
          83     13.4998
          84     12.7068
          85     12.9212
          86     13.5299
          87     12.9274
          88     13.3228
          89     12.8357
          90       12.91
          91     12.7893
          92     12.8798
          93     13.3901
          94     13.0066
          95     12.6347
          96     12.3035
          97     12.7587
          98     12.7313
          99     13.0464
           0     12.6702
           1     13.2095
           2     13.8836
           3     13.8582
           4       13.94
           5     13.8298
           6     13.5396
           7     13.4659
           8     13.2215
           9     12.8854
          10     13.3851
          11     12.9953
          12     13.0415
          13     13.6254
          14     13.5425
          15      13.742
          16     13.7726
          17     13.7947
          18      13.659
          19     13.4779
          20     13.3164
          21     12.8221
          22     12.1754
          23     12.2303
          24     12.8646
          25     13.2966
          26     13.5241
          27     13.1719
          28     13.7962
          29     13.8835
          30     13.6164
          31     13.2343
          32      13.006
          33     12.8345
          34     13.0373
          35     13.0598
          36     12.3499
          37     12.4874
          38     11.8736
          39     12.3095
          40     12.1137
          41     12.0644
          42     12.0723
          43     11.9866
          44     12.5068
          45     11.6924
          46     12.1315
          47     12.0819
          48     12.0374
          49     12.3694
          50     12.1931
          51     11.9332
          52     12.1725
          53     11.4923
          54     11.3277
          55     11.3166
          56     11.3852
          57     11.3466
          58     11.5402
          59     11.3354
          60     11.6284
          61     11.8275
          62     11.8134
          63     11.8272
          64     11.5461
          65     11.5653
          66     11.5892
          67     11.5051
          68     11.6854
          69     12.0169
          70     11.8815
          71     11.6654
          72     11.4969
          73     11.6833
          74     11.4245
          75     11.8693
          76     11.5126
          77     11.2697
          78     11.2996
          79     11.4734
          80     10.9148
          81     11.3548
          82     11.6107
          83     11.9763
          84     12.2078
          85     12.4166
          86     12.2061
          87     12.2666
          88     11.8189
          89     11.7719
          90     11.6469
          91     11.3719
          92     11.5645
          93     11.5597
          94     12.2801
          95     12.3582
          96     12.3747
          97     11.7652
          98     11.9943
          99     11.8304
           0     10.9911
           1     11.1917
           2     10.9317
           3     10.5846
           4     11.2711
           5     11.5293
           6     12.0424
           7     11.7329
           8     11.9276
           9     11.3921
          10     11.7085
          11     11.3007
          12     10.6659
          13     10.4806
          14     11.2471
          15     11.1183
          16     10.9079
          17     10.7339
          18     10.6061
          19     10.6957
          20     10.9515
          21     11.2541
          22     11.2703
          23     11.0151
          24     11.1084
          25     11.2135
          26     10.9568
          27     10.3502
          28     10.5159
          29      10.831
          30     10.4209
          31     11.0779
          32     10.9896
          33     11.2715
          34     10.7562
          35     10.7632
          36     10.7004
          37     10.7779
          38     10.8045
          39     10.6375
          40     10.8682
          41     10.8115
          42     10.6491
          43     11.0785
          44     10.8617
          45     10.6884
          46     10.4521
          47     10.7021
          48     11.1514
          49      11.657
          50     11.2518
          51     10.8005
          52     10.4484
          53     10.4521
          54     10.7203
          55     10.7587
          56     10.4131
          57     10.4087
          58     10.5756
          59     10.4502
          60     10.3651
          61     10.4164
          62     10.3095
          63     10.7106
          64     10.3849
          65     10.3464
          66     10.9294
          67     10.2045
          68     9.94814
          69     10.0084
          70     10.5017
          71     10.5287
          72     10.1593
          73     10.1729
          74      10.395
          75     10.3461
          76     10.2273
          77     9.92245
          78     9.90246
          79     10.1063
          80     9.73428
          81     10.1392
          82     10.1481
          83     10.5422
          84     10.7327
          85     11.0328
          86     10.0227
          87     10.4983
          88     10.4576
          89      10.711
          90     10.8783
          91     11.0267
          92     11.0316
          93     10.4078
          94     9.87753
          95     9.92955
          96     9.85293
          97     9.84849
          98     9.69601
          99     9.64893
           0      10.272
           1     10.7553
           2     10.8153
           3     10.7737
           4     9.74972
           5     9.94111
           6     10.4254
           7     10.0693
           8     9.89873
           9     9.79359
          10     9.66946
          11      9.8019
          12     9.49967
          13       9.713
          14     10.5025
          15     10.3489
          16     9.93503
          17     9.81967
          18     9.79942
          19     9.80817
          20     9.82989
          21     9.78466
          22      9.8981
          23     10.1695
          24     10.1304
          25     10.5248
          26     10.4212
          27     10.6801
          28     10.5814
          29      10.236
          30     10.6023
          31     10.8018
          32     11.4718
          33      10.705
          34     10.3716
          35     10.2373
          36     9.93484
          37     10.1487
          38     9.79284
          39     9.52721
          40     9.76263
          41     9.53368
          42     9.97146
          43      10.209
          44     10.4647
          45     10.6417
          46      10.518
          47     10.3658
          48     10.0931
          49     9.84022
          50     10.1749
          51     9.78877
          52      9.8176
          53     9.98404
          54     10.0624
          55     10.1627
          56     9.54758
          57     9.67247
          58     10.1239
          59     10.1904
          60     11.0457
          61     11.0472
          62     10.6491
          63     10.8053
          64      10.701
          65      9.9344
          66     9.76528
          67     9.83986
          68     9.90069
          69     10.0122
          70     9.62808
          71     9.53648
          72      9.7394
          73     9.42361
          74     9.54751
          75     9.72927
          76     9.47827
          77     9.93363
          78      9.8203
          79     9.70341
          80     9.43104
          81     9.35454
          82     9.39125
          83     9.82768
          84     9.25571
          85     9.57134
          86     9.42651
          87     8.95101
          88     9.24864
          89     8.83113
          90     9.57427
          91     9.58024
          92     9.40194
          93     9.29057
          94     9.13233
          95     9.04062
          96     9.55973
          97     9.70806
          98      10.207
          99      10.119
           0     10.0758
           1     10.1699
           2     10.1219
           3     9.88382
           4      9.9464
           5     10.2035
           6     10.1591
           7     10.0229
           8     9.47891
           9     9.47832
          10     9.97011
          11     9.55986
          12     9.96284
          13     10.2082
          14     10.0421
          15     9.56022
          16     9.76932
          17     9.82089
          18     9.89329
          19     9.84441
          20     9.76333
          21     9.98436
          22     9.42046
          23     9.37759
          24     9.33743
          25     9.73958
          26     9.93571
          27     9.69096
          28     9.87822
          29     9.74403
          30     9.75193
          31     9.88255
          32      9.1664
          33     9.20855
          34     9.37483
          35     8.99354
          36     9.49566
          37       9.746
          38      9.7032
          39     9.51769
          40     9.61769
          41     9.30156
          42     8.60597
          43     8.48669
          44     8.10848
          45     8.66674
          46     8.50253
          47     8.57082
          48     8.48275
          49      8.3419
          50     8.76705
          51     8.86093
          52     8.92343
          53     9.05198
          54     8.64929
          55     8.37648
          56     8.36554
          57     8.28266
          58     8.79804
          59      8.8746
          60     9.12573
          61     9.40119
          62     8.53935
          63     7.98627
          64     8.28242
          65     8.66287
          66     8.42519
          67     8.55024
          68     8.73431
          69     8.62012
          70     8.74936
          71     9.22446
          72     9.15168
          73     8.88088
          74     8.53598
          75      8.4196
          76     8.20526
          77     8.28257
          78     8.60991
          79     8.28966
          80     8.62288
          81     8.71321
          82     8.66108
          83     9.23465
          84     9.63823
          85     9.00781
          86     9.01264
          87     9.12352
          88     8.69944
          89     9.12189
          90     9.02971
          91     8.89762
          92     9.05683
          93     8.81999
          94     8.45267
          95     8.39609
          96     8.54325
          97     8.35304
          98     8.56115
          99     8.22121
           0     8.37724
           1     8.71121
           2     8.53144
           3     9.32452
           4     9.24588
           5     9.03825
           6      8.7654
           7     9.05592
           8     8.97665
           9     9.14266
          10     8.99232
          11      8.7338
          12     8.83178
          13     8.97769
          14     9.40708
          15     9.17893
          16     8.86116
          17     9.08471
          18      8.5638
          19     8.58394
          20     9.05682
          21     9.07433
          22     9.15106
          23     9.35317
          24     9.27276
          25     9.35454
          26     8.83307
          27     9.17506
          28     8.78305
          29     9.38814
          30     8.29445
          31     8.32109
          32     8.08876
          33     8.23754
          34     7.75696
          35     7.56239
          36     7.80804
          37     7.82808
          38     8.02214
          39     8.23416
          40     8.49823
          41      8.4395
          42     8.64943
          43     8.41657
          44     8.79974
          45     9.70283
          46      9.5386
          47     9.20124
          48     8.85013
          49     8.44423
          50     8.45173
          51     9.04076
          52     9.37136
          53     9.22815
          54     9.06767
          55     9.18996
          56     8.70968
          57     8.82764
          58     8.77722
          59     8.62596
          60     8.24453
          61     8.61393
          62     8.57089
          63     8.62244
          64     8.41899
          65     8.53036
          66     8.47613
          67     8.40993
          68     8.37506
          69     8.79575
          70     8.92106
          71     8.90137
          72     8.65798
          73     8.61472
          74      8.3135
          75     8.41166
          76     8.84486
          77     8.54165
          78     8.38483
          79      8.4562
          80     8.80885
          81     8.98521
          82     8.42576
          83     8.31672
          84     8.40609
          85     7.96473
          86     8.15843
          87     8.06214
          88     8.19472
          89     8.61589
          90     8.73258
          91     8.53894
          92     8.22607
          93     8.34649
          94     8.27435
          95     8.50839
          96     8.29633
          97     8.29263
          98     8.78881
          99     8.95944
           0     8.84192
           1     8.40721
           2     8.99899
           3     8.71458
           4     8.62594
           5     8.61789
           6     8.46797
           7      8.0343
           8     8.20204
           9     8.42721
          10     8.60146
          11     9.01354
          12     9.02901
          13     8.73059
          14     8.89216
          15     8.79765
          16     8.56472
          17     8.24261
          18     8.65219
          19     8.61975
          20     8.27759
          21     8.00492
          22     8.11976
          23     7.92666
          24     7.91193
          25     8.20036
          26     7.77121
          27     8.28569
          28      8.3512
          29     8.48532
          30      8.8592
          31      9.0556
          32     9.19165
          33     9.69625
          34     9.06157
          35     9.08069
          36     8.62109
          37     8.86872
          38     8.51868
          39     8.33508
          40     8.50164
          41      8.0464
          42     8.00749
          43     7.81055
          44     7.91006
          45     8.39185
          46     8.56943
          47     8.85903
          48     8.79696
          49     8.85697
          50     8.91015
          51     8.80849
          52     8.27879
          53      8.3884
          54     8.77831
          55      8.8103
          56     8.99133
          57     8.53245
          58     8.68827
          59     8.88253
          60     9.18202
          61     8.28251
          62     8.31683
          63     8.88829
          64     8.72224
          65     8.06014
          66     8.34153
          67     8.45997
          68     8.72567
          69     8.50092
          70     8.48816
          71     8.16561
          72     8.24847
          73     8.25952
          74     8.28863
          75     8.21932
          76      7.7533
          77      7.5891
          78      7.3877
          79     7.56846
          80     7.34327
          81     7.59208
          82     7.74926
          83     8.37308
          84     8.02257
          85     7.97534
          86     7.97836
          87     7.74021
          88     8.00361
          89     7.91405
          90     7.45879
          91     7.50651
          92     7.98616
          93     8.48672
          94     8.64604
          95     8.57183
          96     9.18817
          97     8.74249
          98     8.47587
          99     9.01584
           0      8.7245
           1     8.20675
           2     7.66879
           3     7.53132
           4     7.36652
           5     7.66435
           6     7.83195
           7     7.36631
           8     7.49583
           9     7.31294
          10     7.90427
          11     7.71454
          12     7.77664
          13     8.26712
          14     8.61918
          15      8.3534
          16      8.2166
          17     8.38094
          18     8.29256
          19     7.54331
          20     8.12093
          21     8.25138
          22      8.4586
          23     8.39126
          24     8.17192
          25     8.35361
          26     8.29098
          27     8.19514
          28     8.47725
          29     8.73001
          30     8.03329
          31     8.47765
          32     8.32976
          33     8.66737
          34     8.28409
          35     8.06211
          36     7.92384
          37     7.79807
          38     7.83601
          39     8.03408
          40     7.54427
          41     7.71705
          42     8.17064
          43     7.75922
          44     7.60539
          45     8.22325
          46      7.5836
          47     7.54498
          48     8.01453
          49     8.45545
          50     8.07773
          51      7.6167
          52     7.39761
          53     7.55837
          54      8.3085
          55     8.41522
          56     8.48572
          57     8.59051
          58     8.55571
          59     8.27025
          60     8.13236
          61     7.99235
          62     7.80584
          63     7.68317
          64     7.87889
          65     7.64225
          66     7.93011
          67     7.91858
          68      8.4625
          69     9.08206
          70     8.72639
          71      8.6866
          72      8.8491
          73     8.52387
          74     8.40292
          75     8.41295
          76     8.10895
          77     8.47864
          78     8.67077
          79     8.55332
          80     8.09876
          81     8.08467
          82     8.33448
          83      8.6334
          84     8.46643
          85     7.99184
          86      8.4274
          87     7.89406
          88     7.82248
          89     8.01186
          90     8.26739
          91     8.10721
          92     8.33074
          93     8.38438
          94     8.43514
          95      8.4561
          96     8.03075
          97     7.26786
          98     7.36919
          99     7.85539
           0     7.83065
           1     7.90721
           2     8.12482
           3      8.4264
           4     8.37322
           5     8.07901
           6     7.89108
           7     8.33335
           8     8.49216
           9     8.49836
          10     8.49519
          11     8.32495
          12      8.8116
          13     8.54361
          14     8.57233
          15     8.61656
          16     8.77045
          17     8.43966
          18     8.01617
          19      7.9563
          20     7.96072
          21     7.76451
          22     7.95471
          23     7.70123
          24     7.57222
          25     7.16143
          26     7.42065
          27     7.89289
          28     7.64968
          29     8.00873
          30      7.9433
          31     8.27729
          32     8.57562
          33     9.11735
          34     8.69634
          35     8.91982
          36     8.05834
          37     8.15796
          38     8.37809
          39     8.18804
          40     8.31852
          41     8.10781
          42     8.00971
          43     8.49054
          44     8.23998
          45     8.31794
          46     8.43863
          47     7.94346
          48     8.68329
          49      9.1316
          50     8.25893
          51      8.0623
          52     8.81883
          53     8.17149
          54     8.43702
          55     8.31082
          56     8.19211
          57     7.94592
          58      7.8822
          59     8.08285
          60     7.91292
          61     7.79175
          62     8.24557
          63     8.22017
          64      8.0415
          65     8.42302
          66     8.12758
          67      7.9221
          68     8.25447
          69     7.61378
          70     7.30737
          71     7.34791
          72      7.9467
          73     7.91446
          74     7.39722
          75     7.38467
          76     7.43065
          77     7.38751
          78     7.34043
          79     7.77661
          80     8.37142
          81     8.47649
          82     8.26847
          83     8.10188
          84     8.59446
          85     8.62755
          86     8.40378
          87     7.84758
          88     7.72668
          89     7.76419
          90     7.96481
          91     8.54296
          92     7.99792
          93     8.04077
          94     8.10586
          95     8.26144
          96     8.14632
          97     8.40482
          98     8.52888
          99     8.50007
           0     7.77359
           1     8.38902
           2     7.96836
           3     7.66542
           4     8.07392
           5     7.86903
           6     7.77224
           7     7.93587
           8      8.2639
           9      7.8226
          10     7.88758
          11     7.56298
          12     7.59373
          13     7.32176
          14     7.83451
          15      7.9198
          16     7.84676
          17     8.12782
          18     9.05486
          19     8.60412
          20     8.25856
          21     8.42983
          22     8.10792
          23     7.46315
          24     7.11649
          25     7.55901
          26     7.69247
          27     7.96263
          28     7.91167
          29     8.13953
          30     8.04943
          31     8.47403
          32     8.45168
          33     7.93758
          34     7.88183
          35     7.67577
          36     7.55854
          37     8.44438
          38     8.47983
          39     7.83766
          40     7.72943
          41     7.89473
          42     7.81938
          43      8.0698
          44     8.37679
          45      7.9249
          46     7.98729
          47     8.24429
          48     8.55306
          49     8.87733
          50     9.07785
          51       8.895
          52     8.98728
          53     9.00804
          54     8.83761
          55     8.89654
          56     8.36905
          57     8.49208
          58      8.0591
          59     8.00354
          60     8.41991
          61     7.97167
          62     7.85528
          63     7.62603
          64     7.90625
          65     7.74987
          66     8.16691
          67     8.47861
          68     7.65018
          69     7.58271
          70     8.29526
          71     8.10857
          72     8.18839
          73     8.14038
          74     7.67717
          75     7.85378
          76     8.01695
          77      7.9004
          78     7.61215
          79     7.57373
          80      7.4318
          81      7.7797
          82     8.23049
          83     8.91989
          84     9.13188
          85     8.95527
          86     8.70627
          87     8.73687
          88     8.04944
          89     7.87406
          90     8.18878
          91     8.15251
          92     7.83386
          93     7.96488
          94     7.44775
          95     7.91299
          96     7.80338
          97     7.41589
          98      8.0608
          99     7.41386
           0     8.02946
           1     7.85175
           2      7.8753
           3     7.84725
           4     8.49999
           5     8.34454
           6     8.52929
           7      9.0181
           8     8.56657
           9     8.29641
          10     8.54553
          11     8.24387
          12     7.75291
          13     7.68319
          14     7.89962
          15     7.89641
          16      7.6464
          17     7.49436
          18     7.64747
          19      7.9023
          20      7.8238
          21     7.94071
          22     7.86086
          23     7.82551
          24     7.79628
          25     8.05688
          26     8.04876
          27     8.24955
          28      8.1635
          29     8.37942
          30     8.73585
          31     8.73117
          32     8.50389
          33     8.01291
          34     8.21946
          35     8.05369
          36     7.59465
          37     7.80099
          38     8.34067
          39     8.71299
          40     8.16276
          41     8.12905
          42     8.38332
          43     8.18749
          44     8.22871
          45     7.85029
          46     7.67339
          47     7.61061
          48     7.46582
          49     8.27235
          50     8.31831
          51     7.91738
          52     7.69377
          53     7.33191
          54     7.28895
          55     8.09056
          56     8.23942
          57     8.09329
          58     7.84401
          59     7.56445
          60     7.58948
          61     8.14013
          62     7.92495
          63      7.5522
          64     8.26767
          65       7.745
          66     7.53155
          67      8.2615
          68     8.50766
          69     8.25576
          70     8.57214
          71     8.03877
          72     8.10485
          73     8.39238
          74     8.29678
          75     8.49769
          76     8.15143
          77     8.17296
          78     8.09784
          79     8.22786
          80     8.36892
          81     8.19426
          82      7.9671
          83     7.90226
          84     8.07671
          85     8.36853
          86     8.09528
          87     8.31161
          88     8.21618
          89     8.40297
          90     8.28684
          91     8.00871
          92      8.4274
          93     7.94093
          94     7.65559
          95     7.51434
          96     7.57199
          97     7.50201
          98     7.64589
          99     7.79702
           0     7.78617
           1     8.12204
           2     7.51705
           3     7.84306
           4     8.33134
           5     8.10696
           6     8.58045
           7     8.86148
           8     8.40989
           9       7.894
          10     7.65203
          11     7.84401
          12     7.49374
          13     7.82709
          14     7.91387
          15     8.22512
          16     8.11858
          17     8.22366
          18     8.20132
          19     7.73625
          20     8.44616
          21     8.45476
          22     8.80004
          23     8.38214
          24     8.06424
          25     8.01513
          26     7.81433
          27     7.67376
          28     7.79989
          29     7.91276
          30     8.08446
          31     8.15283
          32     8.02776
          33     7.64375
          34      7.6784
          35     7.92994
          36     7.84655
          37     7.95711
          38     7.74913
          39     7.41162
          40     7.75051
          41     7.89056
          42      8.3929
          43     8.30501
          44     7.83035
          45     7.96746
          46     7.60062
          47      7.7683
          48     7.30799
          49      7.6734
          50     7.91952
          51     8.62262
          52     8.53201
          53     8.24249
          54     7.91081
          55     7.85236
          56     7.78915
          57     8.33652
          58     8.74802
          59     7.94797
          60     7.90451
          61     8.16634
          62      8.2432
          63     7.52755
          64     7.80328
          65      7.3638
          66     7.62105
          67     7.92353
          68      8.1501
          69     8.14474
          70      8.0318
          71      8.5559
          72     8.54786
          73     8.28383
          74     8.62743
          75     8.57634
          76     8.73702
          77     8.44544
          78     8.03762
          79     7.91711
          80     8.26282
          81     8.08946
          82     8.18521
          83     8.01626
          84     8.07137
          85     8.34402
          86     8.16993
          87     7.63726
          88     7.38985
          89     7.31932
          90     7.87666
          91     7.83987
          92     8.08866
          93      8.0162
          94     8.30933
          95      7.7386
          96     7.51261
          97      7.7158
          98     8.43522
          99     8.82971
