#   T:  ACCEPTANCE:
         0.5     0.01487
         0.5   0.0156395
         0.5   0.0156013
         0.5   0.0151765
         0.5   0.0148584
         0.5    0.015069
         0.5   0.0158877
         0.5     0.01519
         0.5   0.0149753
         0.5     0.01501
         0.5   0.0148432
         0.5   0.0147897
         0.5   0.0146474
         0.5   0.0147681
         0.5   0.0144747
         0.5   0.0143065
         0.5   0.0142106
         0.5   0.0141421
         0.5   0.0140496
         0.5   0.0139713
       0.525     0.02223
       0.525    0.021164
       0.525    0.019238
       0.525    0.020988
       0.525   0.0211812
       0.525    0.021522
       0.525    0.021504
       0.525   0.0221618
       0.525   0.0216058
       0.525   0.0214586
       0.525   0.0213035
       0.525   0.0207205
       0.525   0.0207595
       0.525   0.0206084
       0.525   0.0204328
       0.525   0.0203443
       0.525   0.0201756
       0.525   0.0204676
       0.525   0.0204285
       0.525   0.0202527
        0.55    0.029837
        0.55    0.025555
        0.55   0.0255983
        0.55    0.026503
        0.55   0.0273404
        0.55    0.028164
        0.55   0.0275486
        0.55   0.0275903
        0.55    0.028127
        0.55   0.0277155
        0.55     0.02733
        0.55   0.0277253
        0.55   0.0279149
        0.55   0.0282241
        0.55   0.0278831
        0.55    0.027852
        0.55   0.0280247
        0.55   0.0278711
        0.55   0.0279057
        0.55   0.0277719
       0.575    0.041937
       0.575   0.0405815
       0.575   0.0372043
       0.575   0.0364558
       0.575   0.0359388
       0.575   0.0367012
       0.575   0.0364401
       0.575   0.0363609
       0.575   0.0361157
       0.575   0.0354621
       0.575   0.0361459
       0.575   0.0360109
       0.575   0.0361685
       0.575   0.0361034
       0.575   0.0361271
       0.575   0.0361824
       0.575   0.0358843
       0.575   0.0362976
       0.575   0.0360429
       0.575    0.036185
         0.6    0.048176
         0.6   0.0473095
         0.6   0.0494667
         0.6   0.0472477
         0.6   0.0481662
         0.6    0.048688
         0.6   0.0483834
         0.6   0.0490221
         0.6   0.0488149
         0.6   0.0475944
         0.6   0.0475207
         0.6   0.0471207
         0.6   0.0467665
         0.6   0.0472545
         0.6   0.0475409
         0.6   0.0473414
         0.6   0.0471677
         0.6   0.0471164
         0.6   0.0471701
         0.6   0.0471531
       0.625    0.057316
       0.625   0.0613685
       0.625    0.059829
       0.625     0.05898
       0.625    0.058998
       0.625   0.0593515
       0.625   0.0603196
       0.625   0.0603767
       0.625   0.0598564
       0.625   0.0604204
       0.625   0.0602127
       0.625    0.059962
       0.625   0.0597558
       0.625   0.0598938
       0.625   0.0597895
       0.625   0.0596132
       0.625   0.0593112
       0.625   0.0589321
       0.625    0.058922
       0.625   0.0591207
        0.65    0.071702
        0.65    0.068396
        0.65   0.0689973
        0.65   0.0695175
        0.65    0.070134
        0.65   0.0703492
        0.65    0.070547
        0.65   0.0709035
        0.65   0.0707482
        0.65    0.071054
        0.65   0.0706125
        0.65   0.0709342
        0.65   0.0707892
        0.65   0.0706886
        0.65   0.0704641
        0.65   0.0704939
        0.65    0.070748
        0.65   0.0707032
        0.65   0.0704993
        0.65   0.0705102
       0.675    0.077018
       0.675    0.081488
       0.675    0.081332
       0.675    0.081926
       0.675    0.081413
       0.675   0.0807978
       0.675   0.0812554
       0.675   0.0816049
       0.675   0.0818487
       0.675   0.0825208
       0.675   0.0827088
       0.675   0.0825742
       0.675   0.0821078
       0.675   0.0818536
       0.675   0.0822349
       0.675   0.0822087
       0.675   0.0821129
       0.675    0.082033
       0.675   0.0820485
       0.675   0.0819338
         0.7    0.092384
         0.7    0.093917
         0.7     0.09451
         0.7   0.0934983
         0.7   0.0934802
         0.7   0.0934048
         0.7    0.093685
         0.7   0.0936315
         0.7   0.0938052
         0.7   0.0938629
         0.7   0.0937638
         0.7   0.0939648
         0.7   0.0942612
         0.7   0.0941256
         0.7   0.0942983
         0.7   0.0941222
         0.7   0.0939584
         0.7   0.0940361
         0.7   0.0939602
         0.7   0.0936774
       0.725    0.104546
       0.725    0.107589
       0.725     0.10747
       0.725    0.106589
       0.725    0.106369
       0.725    0.105638
       0.725    0.106058
       0.725    0.106402
       0.725    0.106638
       0.725    0.106426
       0.725    0.106761
       0.725    0.106833
       0.725    0.107288
       0.725     0.10738
       0.725    0.107538
       0.725      0.1075
       0.725    0.107489
       0.725    0.107323
       0.725    0.107076
       0.725    0.106904
        0.75    0.117847
        0.75    0.116733
        0.75     0.11786
        0.75    0.118113
        0.75    0.118578
        0.75    0.118644
        0.75    0.118603
        0.75    0.118241
        0.75    0.118115
        0.75    0.118176
        0.75    0.118125
        0.75    0.117811
        0.75    0.117738
        0.75     0.11784
        0.75    0.117979
        0.75    0.117822
        0.75     0.11779
        0.75    0.117856
        0.75    0.117711
        0.75    0.117582
       0.775    0.127664
       0.775    0.129279
       0.775    0.129405
       0.775    0.129347
       0.775    0.129524
       0.775    0.130429
       0.775    0.130829
       0.775    0.130559
       0.775    0.130844
       0.775    0.130571
       0.775    0.130589
       0.775    0.130402
       0.775    0.130271
       0.775    0.130238
       0.775    0.130665
       0.775    0.130552
       0.775    0.130521
       0.775    0.130396
       0.775    0.130409
       0.775     0.13039
         0.8    0.142948
         0.8    0.142462
         0.8    0.142288
         0.8    0.140044
         0.8     0.14026
         0.8    0.140795
         0.8    0.140365
         0.8    0.140764
         0.8    0.140415
         0.8    0.140644
         0.8    0.140395
         0.8    0.140289
         0.8     0.14029
         0.8    0.140491
         0.8    0.140321
         0.8    0.140361
         0.8    0.140425
         0.8    0.140422
         0.8    0.140474
         0.8    0.140444
       0.825    0.155219
       0.825    0.153751
       0.825    0.152885
       0.825    0.153178
       0.825    0.153656
       0.825    0.153688
       0.825    0.153966
       0.825    0.153991
       0.825    0.153374
       0.825    0.153685
       0.825    0.153364
       0.825    0.153101
       0.825    0.153123
       0.825    0.153258
       0.825    0.153488
       0.825    0.153347
       0.825    0.153308
       0.825    0.153194
       0.825    0.153009
       0.825    0.153009
        0.85    0.167346
        0.85     0.16385
        0.85    0.163851
        0.85    0.163645
        0.85    0.163487
        0.85    0.163856
        0.85    0.164362
        0.85    0.164642
        0.85    0.164781
        0.85    0.164953
        0.85    0.164998
        0.85    0.164772
        0.85    0.164904
        0.85    0.164844
        0.85    0.164761
        0.85    0.164986
        0.85     0.16487
        0.85    0.164986
        0.85    0.164846
        0.85    0.164822
       0.875     0.17619
       0.875    0.176806
       0.875    0.175845
       0.875    0.175937
       0.875    0.175805
       0.875    0.175479
       0.875    0.175366
       0.875    0.174793
       0.875    0.175267
       0.875    0.175101
       0.875    0.175213
       0.875    0.175429
       0.875    0.175475
       0.875    0.175441
       0.875    0.175646
       0.875    0.175827
       0.875    0.175668
       0.875    0.175726
       0.875    0.175739
       0.875     0.17566
         0.9    0.188278
         0.9    0.190223
         0.9    0.189809
         0.9    0.188737
         0.9    0.188217
         0.9    0.188036
         0.9    0.187974
         0.9    0.188181
         0.9    0.187978
         0.9    0.187911
         0.9    0.187845
         0.9    0.187529
         0.9    0.187254
         0.9    0.187186
         0.9    0.186781
         0.9    0.187028
         0.9     0.18721
         0.9    0.187079
         0.9    0.187078
         0.9     0.18718
       0.925    0.196418
       0.925    0.196722
       0.925      0.1975
       0.925     0.19689
       0.925     0.19747
       0.925    0.197925
       0.925    0.197762
       0.925    0.198043
       0.925    0.198099
       0.925    0.198004
       0.925    0.197773
       0.925    0.198182
       0.925    0.198178
       0.925    0.198356
       0.925    0.198394
       0.925    0.198298
       0.925    0.198199
       0.925     0.19846
       0.925    0.198483
       0.925    0.198518
        0.95    0.212198
        0.95     0.21016
        0.95    0.210138
        0.95     0.21037
        0.95    0.210483
        0.95    0.209971
        0.95    0.210149
        0.95    0.209827
        0.95    0.210049
        0.95    0.210307
        0.95    0.210212
        0.95    0.210204
        0.95    0.210152
        0.95    0.210091
        0.95    0.210018
        0.95    0.209971
        0.95    0.209858
        0.95    0.209969
        0.95     0.20997
        0.95    0.209935
       0.975    0.217944
       0.975    0.219613
       0.975    0.219803
       0.975    0.220768
       0.975    0.220663
       0.975    0.220677
       0.975    0.220808
       0.975    0.221152
       0.975    0.220965
       0.975    0.220937
       0.975    0.220852
       0.975    0.220773
       0.975    0.220792
       0.975    0.220466
       0.975    0.220398
       0.975    0.220205
       0.975     0.21995
       0.975    0.219836
       0.975    0.219766
       0.975    0.219724
           1    0.229968
           1     0.23156
           1     0.23148
           1    0.231749
           1    0.232287
           1    0.232413
           1    0.232197
           1     0.23199
           1    0.232057
           1    0.231944
           1    0.231987
           1    0.231971
           1     0.23209
           1    0.232154
           1    0.232023
           1    0.231993
           1    0.231961
           1    0.231819
           1    0.231902
           1     0.23202
       1.025    0.241466
       1.025    0.241798
       1.025    0.241735
       1.025    0.241597
       1.025    0.241769
       1.025    0.241768
       1.025    0.241765
       1.025    0.241834
       1.025    0.241606
       1.025    0.241648
       1.025    0.241537
       1.025     0.24182
       1.025    0.241918
       1.025    0.241929
       1.025    0.242066
       1.025    0.242139
       1.025    0.242065
       1.025    0.242054
       1.025    0.241978
       1.025    0.242019
        1.05    0.252507
        1.05    0.252191
        1.05    0.252161
        1.05    0.252338
        1.05    0.252005
        1.05    0.252418
        1.05    0.252503
        1.05     0.25222
        1.05    0.252346
        1.05    0.252487
        1.05    0.252467
        1.05    0.252424
        1.05      0.2524
        1.05    0.252501
        1.05    0.252517
        1.05    0.252575
        1.05    0.252622
        1.05    0.252755
        1.05    0.252682
        1.05    0.252744
       1.075    0.262521
       1.075    0.261403
       1.075    0.261933
       1.075    0.262231
       1.075    0.262392
       1.075    0.262655
       1.075    0.262648
       1.075    0.262563
       1.075    0.262605
       1.075    0.262577
       1.075    0.262486
       1.075    0.262532
       1.075    0.262465
       1.075    0.262464
       1.075    0.262485
       1.075    0.262548
       1.075    0.262461
       1.075    0.262522
       1.075    0.262594
       1.075    0.262546
         1.1    0.273188
         1.1     0.27199
         1.1    0.272176
         1.1    0.272112
         1.1    0.272692
         1.1     0.27296
         1.1    0.272742
         1.1    0.272909
         1.1     0.27266
         1.1    0.272735
         1.1    0.272787
         1.1    0.272855
         1.1    0.272632
         1.1    0.272428
         1.1    0.272314
         1.1     0.27242
         1.1    0.272377
         1.1    0.272475
         1.1    0.272511
         1.1    0.272536
       1.125    0.283593
       1.125    0.283407
       1.125    0.282819
       1.125    0.281824
       1.125    0.282427
       1.125    0.282526
       1.125    0.282627
       1.125    0.282843
       1.125    0.282833
       1.125    0.282745
       1.125    0.282824
       1.125    0.282635
       1.125    0.282729
       1.125    0.282857
       1.125    0.282783
       1.125    0.282724
       1.125    0.282798
       1.125    0.282863
       1.125    0.282832
       1.125    0.282904
        1.15    0.292518
        1.15    0.292829
        1.15    0.293915
        1.15    0.294078
        1.15    0.293696
        1.15    0.293425
        1.15    0.293263
        1.15    0.293386
        1.15    0.293123
        1.15    0.293111
        1.15    0.292778
        1.15     0.29275
        1.15     0.29262
        1.15    0.292533
        1.15    0.292543
        1.15    0.292497
        1.15    0.292562
        1.15     0.29251
        1.15    0.292469
        1.15    0.292588
       1.175    0.301991
       1.175    0.303307
       1.175    0.303209
       1.175     0.30281
       1.175    0.302607
       1.175    0.302534
       1.175    0.302514
       1.175    0.302507
       1.175    0.302268
       1.175    0.301967
       1.175    0.302285
       1.175    0.302181
       1.175    0.302175
       1.175    0.302213
       1.175    0.302251
       1.175    0.302114
       1.175    0.302043
       1.175    0.302067
       1.175    0.302013
       1.175    0.301992
         1.2    0.313479
         1.2    0.312796
         1.2    0.312325
         1.2    0.311837
         1.2    0.311613
         1.2    0.311644
         1.2    0.311805
         1.2    0.311646
         1.2    0.311734
         1.2    0.311741
         1.2    0.311918
         1.2     0.31204
         1.2    0.312201
         1.2    0.312316
         1.2    0.312182
         1.2    0.311956
         1.2    0.311902
         1.2    0.311867
         1.2     0.31172
         1.2    0.311673
       1.225    0.322675
       1.225    0.321923
       1.225    0.321966
       1.225    0.321667
       1.225     0.32166
       1.225      0.3214
       1.225    0.321319
       1.225    0.321425
       1.225     0.32157
       1.225    0.321323
       1.225    0.321352
       1.225     0.32127
       1.225    0.321331
       1.225    0.321292
       1.225    0.321267
       1.225    0.321314
       1.225    0.321244
       1.225    0.321221
       1.225    0.321146
       1.225    0.321118
        1.25     0.32779
        1.25    0.329114
        1.25    0.329172
        1.25    0.329554
        1.25    0.329524
        1.25    0.329522
        1.25    0.329498
        1.25    0.329473
        1.25    0.329555
        1.25    0.329487
        1.25    0.329703
        1.25    0.329639
        1.25     0.32972
        1.25    0.329883
        1.25    0.329801
        1.25    0.329965
        1.25    0.329991
        1.25    0.329922
        1.25    0.330004
        1.25    0.329999
       1.275    0.340019
       1.275    0.339087
       1.275    0.338555
       1.275    0.339011
       1.275     0.33901
       1.275    0.338997
       1.275    0.338938
       1.275    0.339005
       1.275    0.339173
       1.275    0.339086
       1.275    0.338993
       1.275    0.339273
       1.275    0.339406
       1.275    0.339306
       1.275    0.339479
       1.275    0.339536
       1.275    0.339533
       1.275    0.339519
       1.275    0.339551
       1.275     0.33946
         1.3    0.349195
         1.3    0.347125
         1.3     0.34706
         1.3    0.346666
         1.3    0.346498
         1.3    0.346832
         1.3    0.347031
         1.3    0.346887
         1.3    0.346933
         1.3    0.347072
         1.3    0.346993
         1.3    0.347078
         1.3    0.347042
         1.3    0.347102
         1.3     0.34725
         1.3    0.347352
         1.3    0.347378
         1.3    0.347432
         1.3    0.347359
         1.3    0.347295
       1.325    0.355293
       1.325    0.355482
       1.325    0.355384
       1.325     0.35538
       1.325    0.355441
       1.325    0.355955
       1.325    0.356104
       1.325    0.356075
       1.325    0.356271
       1.325    0.356333
       1.325    0.356515
       1.325    0.356436
       1.325    0.356157
       1.325    0.356227
       1.325    0.356112
       1.325    0.356175
       1.325    0.356222
       1.325    0.356151
       1.325     0.35626
       1.325    0.356276
        1.35    0.364587
        1.35    0.364689
        1.35    0.365052
        1.35    0.365187
        1.35    0.364457
        1.35    0.364433
        1.35    0.364533
        1.35    0.364487
        1.35    0.364626
        1.35     0.36494
        1.35    0.365137
        1.35    0.365056
        1.35    0.365139
        1.35    0.365087
        1.35    0.365137
        1.35    0.365193
        1.35    0.365133
        1.35    0.365065
        1.35    0.365208
        1.35    0.365203
       1.375    0.373181
       1.375    0.373592
       1.375    0.373698
       1.375     0.37355
       1.375    0.373601
       1.375    0.373418
       1.375    0.373091
       1.375    0.372805
       1.375    0.372697
       1.375    0.372725
       1.375    0.372798
       1.375     0.37287
       1.375     0.37307
       1.375     0.37307
       1.375    0.372977
       1.375    0.373068
       1.375     0.37321
       1.375    0.373239
       1.375     0.37315
       1.375    0.373055
         1.4    0.380017
         1.4    0.379889
         1.4    0.381076
         1.4    0.381474
         1.4    0.381291
         1.4    0.381186
         1.4    0.381249
         1.4    0.381229
         1.4    0.381106
         1.4    0.381091
         1.4    0.381261
         1.4    0.381305
         1.4     0.38121
         1.4    0.381246
         1.4    0.381202
         1.4    0.381227
         1.4    0.381202
         1.4     0.38116
         1.4    0.381172
         1.4    0.381189
       1.425    0.389043
       1.425    0.390564
       1.425    0.390209
       1.425    0.390522
       1.425    0.390314
       1.425    0.389892
       1.425    0.390107
       1.425     0.39006
       1.425    0.389965
       1.425    0.389759
       1.425    0.389786
       1.425    0.389556
       1.425    0.389541
       1.425    0.389478
       1.425    0.389493
       1.425    0.389438
       1.425    0.389459
       1.425    0.389568
       1.425    0.389574
       1.425      0.3896
        1.45    0.397192
        1.45    0.397095
        1.45    0.397194
        1.45    0.397649
        1.45    0.397576
        1.45    0.397566
        1.45    0.397561
        1.45    0.397437
        1.45     0.39713
        1.45    0.397111
        1.45     0.39723
        1.45    0.397069
        1.45    0.397203
        1.45     0.39731
        1.45    0.397278
        1.45    0.397194
        1.45    0.397202
        1.45    0.397227
        1.45    0.397216
        1.45     0.39723
       1.475     0.40225
       1.475     0.40298
       1.475    0.403311
       1.475    0.403398
       1.475    0.403782
       1.475    0.404014
       1.475    0.404205
       1.475    0.404257
       1.475    0.404453
       1.475    0.404489
       1.475    0.404297
       1.475    0.404284
       1.475    0.404203
       1.475    0.404398
       1.475    0.404549
       1.475    0.404609
       1.475    0.404549
       1.475     0.40448
       1.475    0.404514
       1.475    0.404516
         1.5    0.410458
         1.5    0.412512
         1.5    0.412805
         1.5     0.41282
         1.5    0.412813
         1.5     0.41254
         1.5    0.412417
         1.5    0.412333
         1.5    0.412277
         1.5    0.412237
         1.5    0.412211
         1.5    0.412237
         1.5    0.412146
         1.5    0.412287
         1.5     0.41226
         1.5    0.412367
         1.5    0.412367
         1.5    0.412278
         1.5      0.4123
         1.5    0.412265
       1.525    0.421406
       1.525    0.419934
       1.525    0.419652
       1.525    0.419946
       1.525    0.420119
       1.525    0.420017
       1.525    0.419898
       1.525    0.419579
       1.525    0.419693
       1.525    0.419675
       1.525    0.419432
       1.525    0.419472
       1.525    0.419467
       1.525     0.41945
       1.525     0.41952
       1.525    0.419425
       1.525     0.41934
       1.525     0.41945
       1.525    0.419396
       1.525    0.419309
        1.55    0.426612
        1.55    0.427165
        1.55    0.427158
        1.55    0.426629
        1.55    0.426803
        1.55    0.426824
        1.55     0.42668
        1.55     0.42684
        1.55      0.4269
        1.55    0.426784
        1.55    0.426684
        1.55     0.42687
        1.55    0.426727
        1.55     0.42668
        1.55    0.426664
        1.55    0.426623
        1.55    0.426591
        1.55    0.426626
        1.55    0.426617
        1.55    0.426624
       1.575    0.434667
       1.575      0.4336
       1.575    0.433348
       1.575    0.433267
       1.575    0.433455
       1.575    0.433478
       1.575    0.433813
       1.575    0.433655
       1.575    0.433506
       1.575    0.433496
       1.575    0.433562
       1.575    0.433606
       1.575    0.433683
       1.575    0.433607
       1.575    0.433532
       1.575    0.433516
       1.575    0.433631
       1.575    0.433687
       1.575    0.433685
       1.575    0.433729
         1.6    0.440522
         1.6     0.44003
         1.6    0.440719
         1.6    0.440656
         1.6    0.440514
         1.6    0.440315
         1.6    0.440494
         1.6    0.440563
         1.6     0.44045
         1.6    0.440447
         1.6    0.440566
         1.6    0.440512
         1.6    0.440464
         1.6    0.440314
         1.6    0.440451
         1.6    0.440522
         1.6    0.440538
         1.6    0.440583
         1.6    0.440668
         1.6     0.44057
       1.625    0.447041
       1.625    0.446796
       1.625    0.447047
       1.625    0.446806
       1.625    0.446811
       1.625    0.447034
       1.625    0.447153
       1.625    0.447304
       1.625    0.447248
       1.625     0.44743
       1.625    0.447499
       1.625    0.447518
       1.625     0.44752
       1.625    0.447572
       1.625    0.447512
       1.625    0.447544
       1.625    0.447618
       1.625    0.447585
       1.625    0.447634
       1.625    0.447601
        1.65    0.452525
        1.65    0.453031
        1.65    0.452923
        1.65    0.452968
        1.65    0.453543
        1.65    0.453657
        1.65     0.45361
        1.65    0.453577
        1.65    0.453541
        1.65    0.453387
        1.65    0.453491
        1.65    0.453577
        1.65    0.453613
        1.65    0.453692
        1.65    0.453804
        1.65    0.453734
        1.65    0.453726
        1.65    0.453649
        1.65    0.453642
        1.65    0.453687
       1.675    0.459539
       1.675    0.458932
       1.675    0.458869
       1.675    0.459259
       1.675    0.459483
       1.675    0.459438
       1.675    0.459515
       1.675    0.459705
       1.675    0.459866
       1.675    0.459813
       1.675    0.459826
       1.675    0.459937
       1.675    0.460035
       1.675    0.459985
       1.675    0.459973
       1.675    0.460062
       1.675    0.460018
       1.675    0.460093
       1.675    0.460127
       1.675    0.460131
         1.7    0.466689
         1.7    0.466924
         1.7    0.466647
         1.7    0.466927
         1.7    0.466859
         1.7    0.466792
         1.7     0.46678
         1.7    0.466857
         1.7    0.466759
         1.7     0.46687
         1.7    0.466914
         1.7    0.466974
         1.7    0.466888
         1.7    0.466877
         1.7    0.466745
         1.7    0.466819
         1.7    0.466785
         1.7    0.466832
         1.7    0.466905
         1.7    0.466879
       1.725    0.472907
       1.725    0.473703
       1.725    0.473687
       1.725    0.473176
       1.725    0.473053
       1.725    0.472958
       1.725    0.473057
       1.725    0.472822
       1.725    0.473063
       1.725    0.472983
       1.725     0.47297
       1.725    0.473013
       1.725    0.473023
       1.725    0.472992
       1.725    0.472994
       1.725    0.473004
       1.725    0.472915
       1.725    0.472942
       1.725      0.4729
       1.725    0.472901
        1.75    0.480861
        1.75    0.479303
        1.75    0.479309
        1.75    0.479306
        1.75    0.479366
        1.75    0.479229
        1.75    0.479058
        1.75    0.478943
        1.75    0.479181
        1.75    0.479231
        1.75     0.47941
        1.75    0.479364
        1.75    0.479366
        1.75    0.479375
        1.75    0.479423
        1.75    0.479399
        1.75    0.479366
        1.75     0.47925
        1.75    0.479213
        1.75    0.479183
       1.775    0.485387
       1.775    0.485694
       1.775    0.484537
       1.775    0.484891
       1.775    0.484527
       1.775    0.485004
       1.775    0.485017
       1.775    0.484966
       1.775    0.484992
       1.775    0.485155
       1.775    0.485042
       1.775    0.485054
       1.775    0.485085
       1.775    0.485131
       1.775    0.485156
       1.775    0.485277
       1.775    0.485243
       1.775    0.485239
       1.775     0.48523
       1.775    0.485234
         1.8    0.489973
         1.8    0.490562
         1.8     0.49032
         1.8    0.490204
         1.8    0.490113
         1.8    0.489896
         1.8    0.490107
         1.8    0.490203
         1.8    0.490282
         1.8    0.490249
         1.8    0.490389
         1.8     0.49057
         1.8    0.490491
         1.8    0.490473
         1.8    0.490555
         1.8    0.490551
         1.8    0.490586
         1.8    0.490639
         1.8    0.490692
         1.8    0.490643
       1.825    0.495962
       1.825    0.496405
       1.825    0.497242
       1.825    0.497154
       1.825     0.49707
       1.825    0.496613
       1.825    0.496611
       1.825    0.496735
       1.825    0.496666
       1.825    0.496426
       1.825     0.49639
       1.825    0.496405
       1.825    0.496431
       1.825    0.496503
       1.825      0.4965
       1.825    0.496501
       1.825    0.496546
       1.825    0.496513
       1.825    0.496512
       1.825    0.496471
        1.85    0.502914
        1.85    0.502239
        1.85    0.502236
        1.85    0.502435
        1.85     0.50251
        1.85    0.502398
        1.85    0.502314
        1.85    0.502323
        1.85    0.502335
        1.85    0.502441
        1.85    0.502236
        1.85    0.502134
        1.85      0.5022
        1.85    0.502137
        1.85    0.502145
        1.85    0.502216
        1.85    0.502212
        1.85    0.502175
        1.85    0.502185
        1.85    0.502225
       1.875    0.508048
       1.875     0.50778
       1.875    0.507174
       1.875    0.507102
       1.875    0.507232
       1.875    0.507218
       1.875    0.507037
       1.875    0.506985
       1.875    0.507128
       1.875    0.507293
       1.875    0.507283
       1.875    0.507256
       1.875    0.507169
       1.875    0.507257
       1.875    0.507367
       1.875    0.507366
       1.875    0.507387
       1.875    0.507288
       1.875    0.507331
       1.875    0.507287
         1.9    0.512553
         1.9    0.513354
         1.9    0.513319
         1.9    0.513437
         1.9    0.513311
         1.9    0.513045
         1.9     0.51295
         1.9    0.513067
         1.9    0.513081
         1.9    0.513161
         1.9    0.513285
         1.9    0.513208
         1.9    0.513173
         1.9    0.513352
         1.9    0.513386
         1.9    0.513403
         1.9    0.513412
         1.9    0.513397
         1.9    0.513348
         1.9    0.513318
       1.925    0.517684
       1.925    0.517524
       1.925    0.517507
       1.925    0.517818
       1.925      0.5178
       1.925    0.518035
       1.925    0.518174
       1.925    0.518139
       1.925    0.517991
       1.925    0.518046
       1.925    0.518115
       1.925    0.518244
       1.925    0.518253
       1.925    0.518269
       1.925    0.518263
       1.925    0.518225
       1.925    0.518218
       1.925    0.518184
       1.925    0.518191
       1.925    0.518235
        1.95    0.523804
        1.95     0.52244
        1.95    0.522819
        1.95     0.52293
        1.95    0.523174
        1.95     0.52354
        1.95    0.523716
        1.95    0.523748
        1.95    0.523698
        1.95    0.523628
        1.95    0.523528
        1.95    0.523581
        1.95    0.523593
        1.95    0.523527
        1.95    0.523539
        1.95    0.523594
        1.95    0.523564
        1.95    0.523564
        1.95    0.523468
        1.95    0.523515
       1.975     0.53129
       1.975    0.530746
       1.975    0.530239
       1.975    0.530224
       1.975    0.529875
       1.975    0.529807
       1.975    0.529544
       1.975    0.529491
       1.975    0.529374
       1.975    0.528936
       1.975    0.528941
       1.975    0.528977
       1.975    0.528859
       1.975    0.528708
       1.975    0.528743
       1.975    0.528716
       1.975    0.528763
       1.975    0.528774
       1.975     0.52882
       1.975    0.528782
           2    0.533726
           2    0.534176
           2    0.533839
           2    0.533728
           2    0.533629
           2    0.533749
           2    0.533653
           2    0.533657
           2    0.533572
           2    0.533722
           2    0.533735
           2    0.533709
           2    0.533628
           2    0.533568
           2    0.533594
           2    0.533655
           2    0.533663
           2    0.533647
           2     0.53367
           2    0.533644
