#      T        BLOCK:   ACTUAL_M:     M_AVE:       ERROR:
         0.5           1    0.928008    0.928008           0
         0.5           2    0.949096    0.938552  0.00745573
         0.5           3     0.94002    0.939041  0.00498652
         0.5           4      0.8942    0.927831   0.0104039
         0.5           5     0.86608    0.915481    0.013831
         0.5           6    0.950892    0.921383   0.0127229
         0.5           7    0.733882    0.894597   0.0270907
         0.5           8    0.925906     0.89851   0.0239854
         0.5           9    0.927212      0.9017   0.0215313
         0.5          10    0.899052    0.901435   0.0193798
         0.5          11     0.94964    0.905817   0.0181067
         0.5          12     0.94356    0.908962   0.0168688
         0.5          13    0.939956    0.911346   0.0157388
         0.5          14    0.865616     0.90808   0.0149497
         0.5          15    0.946832    0.910663   0.0141745
         0.5          16    0.901174     0.91007    0.013301
         0.5          17     0.79194    0.903122   0.0142183
         0.5          18    0.890516    0.902421   0.0134457
         0.5          19    0.903908    0.902499   0.0127382
         0.5          20    0.933342    0.904042   0.0121943
       0.525           1    0.815986    0.815986           0
       0.525           2    0.823896    0.819941  0.00279661
       0.525           3    0.926494    0.855459   0.0290599
       0.525           4      0.7809    0.836819   0.0271219
       0.525           5     0.70179    0.809813    0.032469
       0.525           6    0.934966    0.830672    0.033086
       0.525           7    0.919372    0.843343   0.0306901
       0.525           8    0.884812    0.848527   0.0272881
       0.525           9     0.71834    0.834062   0.0278272
       0.525          10    0.904476    0.841103     0.02592
       0.525          11    0.852562    0.842145   0.0235846
       0.525          12    0.801064    0.838721   0.0218662
       0.525          13     0.93603    0.846207   0.0214271
       0.525          14    0.882798     0.84882   0.0200554
       0.525          15    0.797862    0.845423   0.0190039
       0.525          16    0.933226    0.850911   0.0185916
       0.525          17    0.887352    0.853054   0.0176212
       0.525          18    0.930758    0.857371   0.0171628
       0.525          19    0.881152    0.858623   0.0163051
       0.525          20    0.939968     0.86269   0.0159891
        0.55           1     0.78931     0.78931           0
        0.55           2    0.775258    0.782284  0.00496813
        0.55           3    0.777152    0.780573  0.00359456
        0.55           4    0.695474    0.759298   0.0186207
        0.55           5    0.869568    0.781352   0.0247186
        0.55           6    0.745668    0.775405   0.0213023
        0.55           7    0.856392    0.786975    0.021169
        0.55           8    0.868782      0.7972    0.020847
        0.55           9    0.614318     0.77688   0.0266537
        0.55          10    0.736818    0.772874   0.0242875
        0.55          11     0.62193    0.759152   0.0256649
        0.55          12    0.759122    0.759149   0.0235262
        0.55          13    0.735652    0.757342   0.0217858
        0.55          14    0.790688    0.759724   0.0203595
        0.55          15    0.735472    0.758107   0.0190662
        0.55          16     0.73181    0.756463   0.0179453
        0.55          17      0.7257    0.754654   0.0169807
        0.55          18     0.71474    0.752436   0.0161815
        0.55          19    0.842116    0.757156   0.0160034
        0.55          20     0.63507    0.751052    0.016326
       0.575           1    0.650942    0.650942           0
       0.575           2    0.552454    0.601698   0.0348208
       0.575           3    0.823618    0.675671   0.0647064
       0.575           4    0.868544    0.723889   0.0640225
       0.575           5     0.56553    0.692218   0.0585301
       0.575           6    0.620868    0.680326   0.0499685
       0.575           7    0.653212    0.676453     0.04298
       0.575           8    0.688878    0.678006   0.0376356
       0.575           9      0.7204    0.682716   0.0337473
       0.575          10    0.727348    0.687179   0.0306663
       0.575          11    0.702378    0.688561   0.0279096
       0.575          12     0.67682    0.687583   0.0256009
       0.575          13    0.815494    0.697422   0.0254523
       0.575          14    0.607096     0.69097   0.0244383
       0.575          15     0.71697    0.692703   0.0228705
       0.575          16    0.718382    0.694308   0.0214973
       0.575          17    0.674642    0.693152   0.0202639
       0.575          18    0.714502    0.694338   0.0191728
       0.575          19     0.67211    0.693168   0.0181993
       0.575          20    0.610492    0.689034   0.0177526
         0.6           1    0.709256    0.709256           0
         0.6           2    0.539656    0.624456   0.0599627
         0.6           3     0.57433    0.607747   0.0422389
         0.6           4      0.7983    0.655385   0.0520156
         0.6           5    0.798048    0.683918   0.0488147
         0.6           6    0.699116    0.686451   0.0407446
         0.6           7    0.557814    0.668074   0.0388477
         0.6           8    0.701592    0.672264   0.0342169
         0.6           9    0.687994    0.674012   0.0304596
         0.6          10    0.713716    0.677982   0.0276712
         0.6          11     0.72826    0.682553   0.0255304
         0.6          12    0.701958     0.68417    0.023454
         0.6          13    0.784754    0.691907   0.0228905
         0.6          14    0.676592    0.690813   0.0212816
         0.6          15    0.698936    0.691355   0.0198697
         0.6          16    0.728428    0.693672   0.0187625
         0.6          17    0.676246    0.692647   0.0176868
         0.6          18    0.730522    0.694751   0.0168289
         0.6          19    0.642652    0.692009    0.016165
         0.6          20    0.758542    0.695336   0.0156953
       0.625           1      0.5502      0.5502           0
       0.625           2    0.619448    0.584824   0.0244829
       0.625           3    0.547092    0.572247   0.0192838
       0.625           4    0.509192    0.556483   0.0198883
       0.625           5    0.717398    0.588666   0.0328899
       0.625           6     0.64046    0.597298   0.0285186
       0.625           7     0.62794    0.601676   0.0247782
       0.625           8    0.660742    0.609059   0.0227543
       0.625           9    0.560036    0.603612   0.0208679
       0.625          10    0.531854    0.596436   0.0199768
       0.625          11    0.673494    0.603441     0.01935
       0.625          12    0.627244    0.605425   0.0178389
       0.625          13    0.648852    0.608766   0.0167765
       0.625          14    0.648182    0.611581   0.0158127
       0.625          15     0.60249    0.610975   0.0147701
       0.625          16    0.585202    0.609364   0.0139346
       0.625          17     0.65989    0.612336   0.0134281
       0.625          18    0.665794    0.615306   0.0130064
       0.625          19    0.593764    0.614172   0.0123711
       0.625          20    0.713298    0.619129   0.0127067
        0.65           1    0.568684    0.568684           0
        0.65           2    0.569224    0.568954 0.000190919
        0.65           3    0.561774    0.566561  0.00195829
        0.65           4    0.321508    0.505297   0.0530758
        0.65           5    0.591582    0.522554    0.045179
        0.65           6     0.66213    0.545817   0.0432252
        0.65           7    0.581386    0.550898   0.0373477
        0.65           8    0.463224    0.539939   0.0342494
        0.65           9     0.51437    0.537098   0.0305615
        0.65          10    0.537408    0.537129   0.0275054
        0.65          11    0.597472    0.542615   0.0255461
        0.65          12     0.50559    0.539529   0.0236028
        0.65          13    0.525898    0.538481   0.0218105
        0.65          14    0.637932    0.545584   0.0213782
        0.65          15    0.550902    0.545939   0.0199559
        0.65          16    0.555336    0.546526   0.0187173
        0.65          17    0.541074    0.546206    0.017619
        0.65          18    0.607752    0.549625   0.0169687
        0.65          19     0.56816      0.5506   0.0161037
        0.65          20     0.61955    0.554048   0.0156631
       0.675           1    0.502894    0.502894           0
       0.675           2    0.512004    0.507449  0.00322087
       0.675           3    0.556404    0.523767   0.0134958
       0.675           4     0.57267    0.535993   0.0146476
       0.675           5    0.432694    0.515333   0.0218809
       0.675           6    0.514804    0.515245   0.0182343
       0.675           7     0.49438    0.512264   0.0158711
       0.675           8    0.441176    0.503378   0.0161848
       0.675           9    0.428018    0.495005   0.0164102
       0.675          10     0.51179    0.496683   0.0148547
       0.675          11    0.547438    0.501297   0.0142028
       0.675          12    0.533522    0.503983   0.0132707
       0.675          13    0.549698    0.507499   0.0127073
       0.675          14     0.35921    0.496907   0.0156016
       0.675          15    0.504326    0.497402   0.0145693
       0.675          16    0.391658    0.490793   0.0150834
       0.675          17    0.542162    0.493815   0.0144957
       0.675          18     0.46367     0.49214   0.0137868
       0.675          19    0.568764    0.496173   0.0136382
       0.675          20     0.56755    0.499742   0.0134151
         0.7           1    0.385206    0.385206           0
         0.7           2    0.514066    0.449636   0.0455589
         0.7           3     0.43218    0.443817   0.0307419
         0.7           4    0.496038    0.456873   0.0256793
         0.7           5    0.468294    0.459157   0.0206448
         0.7           6    0.473316    0.461517   0.0173384
         0.7           7    0.446844    0.459421   0.0149876
         0.7           8    0.497202    0.464143   0.0138382
         0.7           9    0.428076    0.460136   0.0128679
         0.7          10    0.421808    0.456303   0.0121385
         0.7          11    0.451032    0.455824   0.0110444
         0.7          12    0.490976    0.458753   0.0105054
         0.7          13    0.345826    0.450066   0.0127942
         0.7          14    0.435544    0.449029   0.0119223
         0.7          15    0.477944    0.450957   0.0112822
         0.7          16    0.499458    0.453988   0.0109768
         0.7          17    0.369846    0.449039   0.0113925
         0.7          18     0.43544    0.448283   0.0107846
         0.7          19    0.450982    0.448425   0.0102179
         0.7          20    0.483488    0.450178  0.00985624
       0.725           1    0.371562    0.371562           0
       0.725           2    0.331842    0.351702   0.0140431
       0.725           3    0.422576    0.375327   0.0214414
       0.725           4    0.362824    0.372201   0.0163073
       0.725           5    0.389062    0.375573   0.0133899
       0.725           6    0.415428    0.382216   0.0126994
       0.725           7     0.35596    0.378465   0.0114257
       0.725           8     0.44776    0.387127   0.0128686
       0.725           9    0.352038    0.383228   0.0120148
       0.725          10    0.470492    0.391954   0.0136185
       0.725          11    0.408964    0.393501   0.0124679
       0.725          12    0.240716    0.380769   0.0167098
       0.725          13    0.217516    0.368211   0.0195827
       0.725          14     0.45341    0.374296   0.0191062
       0.725          15    0.447882    0.379202   0.0184515
       0.725          16     0.35516      0.3777   0.0173593
       0.725          17    0.400414    0.379036   0.0163895
       0.725          18    0.308534    0.375119   0.0159402
       0.725          19    0.262484    0.369191    0.016166
       0.725          20    0.417382      0.3716   0.0155362
        0.75           1    0.307026    0.307026           0
        0.75           2    0.398238    0.352632   0.0322483
        0.75           3    0.337666    0.347643   0.0218813
        0.75           4     0.36988    0.353203   0.0171026
        0.75           5    0.367614    0.356085   0.0139228
        0.75           6    0.404866    0.364215   0.0137731
        0.75           7     0.35117    0.362351   0.0119309
        0.75           8    0.324718    0.357647   0.0113291
        0.75           9    0.440518    0.366855   0.0132957
        0.75          10     0.37572    0.367742   0.0119956
        0.75          11    0.356482    0.366718   0.0109487
        0.75          12    0.354416    0.365693   0.0100842
        0.75          13    0.313722    0.361695   0.0100698
        0.75          14    0.401142    0.364513  0.00973673
        0.75          15    0.397518    0.366713  0.00933293
        0.75          16     0.37013    0.366927  0.00875206
        0.75          17    0.486754    0.373975   0.0107058
        0.75          18    0.314076    0.370648   0.0106156
        0.75          19     0.35577    0.369865   0.0100857
        0.75          20    0.351762    0.368959  0.00962196
       0.775           1    0.322646    0.322646           0
       0.775           2    0.337864    0.330255  0.00538038
       0.775           3    0.287832    0.316114   0.0120904
       0.775           4    0.363886    0.328057   0.0137551
       0.775           5     0.35058    0.332562   0.0117185
       0.775           6    0.306724    0.328255   0.0105269
       0.775           7    0.386068    0.336514   0.0118272
       0.775           8    0.349258    0.338107   0.0104555
       0.775           9    0.327946    0.336978  0.00935453
       0.775          10    0.308228    0.334103  0.00884986
       0.775          11     0.32488    0.333265  0.00808495
       0.775          12    0.345252    0.334264  0.00747266
       0.775          13     0.32844    0.333816  0.00691126
       0.775          14    0.363486    0.335935   0.0067347
       0.775          15    0.326358    0.335297  0.00631591
       0.775          16    0.308616    0.333629  0.00613735
       0.775          17    0.312256    0.332372   0.0059037
       0.775          18    0.302532    0.330714   0.0058038
       0.775          19    0.256318    0.326798  0.00669003
       0.775          20    0.274436     0.32418  0.00684869
         0.8           1    0.272136    0.272136           0
         0.8           2    0.296646    0.284391  0.00866559
         0.8           3     0.28436    0.284381  0.00577707
         0.8           4    0.337694    0.297709   0.0123291
         0.8           5    0.314002    0.300968   0.0102849
         0.8           6    0.291204     0.29934  0.00869852
         0.8           7     0.28373     0.29711  0.00773646
         0.8           8     0.28249    0.295283  0.00698192
         0.8           9    0.267066    0.292148  0.00687412
         0.8          10    0.251398    0.288073  0.00729521
         0.8          11    0.243838    0.284051  0.00766058
         0.8          12    0.322562    0.287261    0.007665
         0.8          13    0.306864    0.288768  0.00722219
         0.8          14     0.25104    0.286074  0.00719155
         0.8          15     0.32851    0.288903  0.00724725
         0.8          16    0.377462    0.294438  0.00865353
         0.8          17    0.279838    0.293579    0.008187
         0.8          18    0.305894    0.294263   0.0077607
         0.8          19    0.338782    0.296606  0.00769784
         0.8          20    0.316904    0.297621  0.00737954
       0.825           1      0.3064      0.3064           0
       0.825           2     0.33744     0.32192   0.0109743
       0.825           3    0.274618    0.306153   0.0148076
       0.825           4     0.27309    0.297887   0.0132128
       0.825           5    0.299866    0.298283   0.0105762
       0.825           6    0.253876    0.290882   0.0111052
       0.825           7     0.25731    0.286086   0.0105034
       0.825           8    0.355224    0.294728     0.01224
       0.825           9    0.311918    0.296638    0.011028
       0.825          10    0.275312    0.294505   0.0101293
       0.825          11    0.274732    0.292708  0.00936661
       0.825          12    0.260126    0.289993  0.00897096
       0.825          13    0.221386    0.284715  0.00970989
       0.825          14    0.319854    0.287225  0.00933509
       0.825          15    0.275696    0.286457  0.00874433
       0.825          16     0.29639    0.287077  0.00821982
       0.825          17    0.276974    0.286483  0.00775776
       0.825          18    0.302002    0.287345  0.00737453
       0.825          19    0.222496    0.283932  0.00773602
       0.825          20    0.295054    0.284488  0.00736918
        0.85           1    0.226532    0.226532           0
        0.85           2    0.264952    0.245742   0.0135835
        0.85           3    0.220456    0.237313    0.011374
        0.85           4    0.252712    0.241163  0.00915881
        0.85           5     0.25592    0.244114  0.00778809
        0.85           6    0.292606    0.252196  0.00982611
        0.85           7    0.216748    0.247132  0.00963937
        0.85           8    0.244414    0.246793  0.00844044
        0.85           9    0.232002    0.245149  0.00766093
        0.85          10    0.255356     0.24617   0.0069625
        0.85          11    0.247802    0.246318  0.00633113
        0.85          12    0.237856    0.245613  0.00584267
        0.85          13    0.247562    0.245763  0.00539516
        0.85          14    0.211996    0.243351  0.00552267
        0.85          15    0.286932    0.246256  0.00586919
        0.85          16    0.248648    0.246406  0.00550427
        0.85          17     0.31508    0.250446  0.00649587
        0.85          18    0.238376    0.249775   0.0061695
        0.85          19     0.21477    0.247933  0.00611369
        0.85          20     0.21157    0.246115  0.00607233
       0.875           1    0.215976    0.215976           0
       0.875           2    0.259252    0.237614   0.0153004
       0.875           3    0.192146    0.222458   0.0160369
       0.875           4     0.26257    0.232486   0.0148353
       0.875           5    0.219672    0.229923   0.0120875
       0.875           6    0.196006     0.22427   0.0113178
       0.875           7    0.207152    0.221825   0.0099617
       0.875           8    0.228872    0.222706  0.00875535
       0.875           9    0.224532    0.222909  0.00778489
       0.875          10    0.193248    0.219943  0.00755033
       0.875          11    0.194684    0.217646  0.00720465
       0.875          12    0.259918    0.221169   0.0074156
       0.875          13    0.205782    0.219985  0.00693899
       0.875          14       0.248    0.221986  0.00672569
       0.875          15    0.198654    0.220431  0.00645468
       0.875          16    0.235114    0.221349  0.00611615
       0.875          17    0.188322    0.219406  0.00605707
       0.875          18    0.213812    0.219095  0.00572853
       0.875          19    0.233288    0.219842  0.00547552
       0.875          20    0.213896    0.219545  0.00520981
         0.9           1    0.220746    0.220746           0
         0.9           2    0.231096    0.225921  0.00365928
         0.9           3    0.178718    0.210187   0.0130766
         0.9           4    0.252382    0.220736   0.0134032
         0.9           5    0.238642    0.224317   0.0111908
         0.9           6     0.21711    0.223116  0.00938987
         0.9           7    0.200616    0.219901  0.00858097
         0.9           8    0.213242    0.219069  0.00754862
         0.9           9    0.247182    0.222193  0.00732774
         0.9          10    0.166522    0.216626  0.00844906
         0.9          11    0.191002    0.214296  0.00799563
         0.9          12    0.191942    0.212433  0.00754321
         0.9          13    0.235204    0.214185  0.00716344
         0.9          14    0.203984    0.213456  0.00668872
         0.9          15    0.177154    0.211036  0.00666628
         0.9          16    0.205626    0.210698  0.00625821
         0.9          17    0.199466    0.210037  0.00592485
         0.9          18    0.160946     0.20731  0.00619166
         0.9          19    0.181204    0.205936  0.00601631
         0.9          20    0.226304    0.206954  0.00580105
       0.925           1    0.193374    0.193374           0
       0.925           2    0.161478    0.177426   0.0112769
       0.925           3    0.208454    0.187769   0.0113063
       0.925           4    0.214706    0.194503   0.0102917
       0.925           5     0.15959     0.18752   0.0103341
       0.925           6    0.196942    0.189091  0.00873025
       0.925           7    0.200996    0.190791  0.00764694
       0.925           8     0.17488    0.188803  0.00694492
       0.925           9    0.197112    0.189726  0.00623433
       0.925          10    0.228118    0.193565  0.00668938
       0.925          11    0.172004    0.191605  0.00636195
       0.925          12    0.198286    0.192162  0.00585609
       0.925          13    0.185798    0.191672  0.00542605
       0.925          14    0.207572    0.192808  0.00515596
       0.925          15     0.19211    0.192761  0.00481244
       0.925          16    0.159006    0.190652  0.00495255
       0.925          17    0.172838    0.189604  0.00477079
       0.925          18    0.213476     0.19093  0.00468646
       0.925          19    0.187778    0.190764  0.00444274
       0.925          20    0.180626    0.190257  0.00424942
        0.95           1    0.172088    0.172088           0
        0.95           2    0.189392     0.18074  0.00611789
        0.95           3    0.173134    0.178205  0.00457386
        0.95           4     0.17955    0.178541  0.00344274
        0.95           5      0.2028    0.183393   0.0051398
        0.95           6    0.189672    0.184439  0.00438842
        0.95           7    0.185804    0.184634  0.00376583
        0.95           8    0.118032    0.176309  0.00845602
        0.95           9    0.143814    0.172698  0.00825135
        0.95          10     0.13881     0.16931  0.00809225
        0.95          11    0.188012     0.17101  0.00753309
        0.95          12    0.201402    0.173543  0.00731871
        0.95          13    0.140008    0.170963  0.00719599
        0.95          14      0.1596    0.170151  0.00672761
        0.95          15    0.171912    0.170269  0.00628013
        0.95          16    0.201386    0.172214  0.00618143
        0.95          17    0.139708    0.170301  0.00610639
        0.95          18    0.174292    0.170523  0.00577117
        0.95          19    0.223034    0.173287  0.00609335
        0.95          20     0.19291    0.174268  0.00586714
       0.975           1    0.168602    0.168602           0
       0.975           2    0.157984    0.163293  0.00375403
       0.975           3    0.174456    0.167014  0.00393624
       0.975           4    0.138498    0.159885  0.00684342
       0.975           5    0.139158     0.15574  0.00661212
       0.975           6    0.160758    0.156576  0.00556275
       0.975           7    0.150896    0.155765  0.00482689
       0.975           8    0.136798    0.153394  0.00477037
       0.975           9    0.154822    0.153552  0.00424296
       0.975          10    0.151394    0.153337  0.00382415
       0.975          11      0.1379    0.151933   0.0037251
       0.975          12    0.164892    0.153013  0.00356777
       0.975          13    0.130246    0.151262  0.00369827
       0.975          14    0.114894    0.148664  0.00424961
       0.975          15    0.178742    0.150669   0.0044141
       0.975          16    0.186038     0.15288  0.00465896
       0.975          17    0.189166    0.155014  0.00484927
       0.975          18    0.125774     0.15339  0.00484432
       0.975          19    0.161598    0.153822  0.00460858
       0.975          20    0.159604    0.154111  0.00438721
           1           1    0.141208    0.141208           0
           1           2    0.164218    0.152713  0.00813526
           1           3    0.119762    0.141729   0.0104805
           1           4    0.144924    0.142528  0.00789078
           1           5    0.121336     0.13829  0.00736345
           1           6    0.152852    0.140717  0.00652395
           1           7     0.16884    0.144734  0.00671605
           1           8    0.164424    0.147196  0.00631143
           1           9    0.181134    0.150966  0.00664183
           1          10    0.135496    0.149419  0.00615519
           1          11    0.120514    0.146792  0.00613094
           1          12    0.148254    0.146913  0.00562124
           1          13     0.15132    0.147252  0.00519904
           1          14    0.164144    0.148459  0.00496571
           1          15    0.122718    0.146743  0.00492226
           1          16    0.148882    0.146877  0.00461644
           1          17    0.152072    0.147182  0.00435498
           1          18     0.12769    0.146099  0.00424554
           1          19    0.127814    0.145137  0.00412973
           1          20    0.114036    0.143582  0.00420584
       1.025           1     0.14652     0.14652           0
       1.025           2    0.139002    0.142761  0.00265801
       1.025           3    0.126412    0.137311   0.0047895
       1.025           4    0.140298    0.138058  0.00364986
       1.025           5    0.119794    0.134405  0.00438179
       1.025           6    0.115322    0.131225  0.00466511
       1.025           7    0.146342    0.133384  0.00447068
       1.025           8    0.137248    0.133867  0.00393785
       1.025           9    0.145746    0.135187  0.00371492
       1.025          10    0.121574    0.133826  0.00358418
       1.025          11    0.120312    0.132597   0.0034625
       1.025          12    0.148654    0.133935  0.00342275
       1.025          13     0.14691    0.134933  0.00330177
       1.025          14     0.10401    0.132725  0.00373233
       1.025          15    0.117008    0.131677   0.0036276
       1.025          16    0.160482    0.133477  0.00382159
       1.025          17    0.178924     0.13615  0.00443433
       1.025          18     0.13181    0.135909  0.00419453
       1.025          19     0.12548     0.13536  0.00400952
       1.025          20    0.121582    0.134671  0.00386778
        1.05           1    0.100914    0.100914           0
        1.05           2    0.103814    0.102364   0.0010253
        1.05           3    0.125464    0.110064  0.00632407
        1.05           4    0.132128     0.11558  0.00673173
        1.05           5    0.128092    0.118082  0.00583198
        1.05           6    0.126692    0.119517  0.00503342
        1.05           7    0.122322    0.119918  0.00433028
        1.05           8    0.117602    0.119628  0.00379866
        1.05           9    0.128244    0.120586  0.00349512
        1.05          10    0.126832     0.12121  0.00320094
        1.05          11    0.142724    0.123166  0.00345617
        1.05          12    0.106344    0.121764  0.00344073
        1.05          13    0.105238    0.120493  0.00340281
        1.05          14    0.122734    0.120653  0.00316352
        1.05          15     0.14243    0.122105  0.00326881
        1.05          16    0.138726    0.123144  0.00322535
        1.05          17    0.123752     0.12318  0.00303583
        1.05          18    0.142678    0.124263  0.00305432
        1.05          19    0.105468    0.123274  0.00304955
        1.05          20    0.114168    0.122818  0.00293086
       1.075           1     0.08906     0.08906           0
       1.075           2    0.102048    0.095554  0.00459195
       1.075           3    0.120528    0.103879  0.00745464
       1.075           4    0.141628    0.113316  0.00990235
       1.075           5    0.095154    0.109684  0.00856222
       1.075           6    0.115798    0.110703  0.00719557
       1.075           7    0.127682    0.113128  0.00656375
       1.075           8    0.105096    0.112124  0.00581957
       1.075           9    0.099016    0.110668   0.0053521
       1.075          10    0.116094     0.11121  0.00484432
       1.075          11    0.116124    0.111657  0.00442447
       1.075          12    0.111056    0.111607  0.00405605
       1.075          13    0.098784    0.110621  0.00386212
       1.075          14    0.105676    0.110267  0.00360237
       1.075          15    0.132966    0.111781  0.00366629
       1.075          16    0.168126    0.115302  0.00484153
       1.075          17     0.12695    0.115987  0.00460496
       1.075          18     0.11664    0.116024  0.00434928
       1.075          19     0.11869    0.116164  0.00412263
       1.075          20    0.104548    0.115583   0.0039572
         1.1           1    0.074326    0.074326           0
         1.1           2    0.116098    0.095212   0.0147686
         1.1           3    0.116378    0.102267   0.0114072
         1.1           4    0.143908    0.112677   0.0124287
         1.1           5    0.110676    0.112277  0.00994943
         1.1           6    0.140956    0.117057  0.00936924
         1.1           7    0.110672    0.116145  0.00807505
         1.1           8    0.117904    0.116365  0.00706867
         1.1           9    0.110116     0.11567  0.00631727
         1.1          10    0.119512    0.116055  0.00569721
         1.1          11    0.120232    0.116434  0.00519192
         1.1          12     0.11863    0.116617  0.00476248
         1.1          13    0.108862    0.116021  0.00443335
         1.1          14    0.111574    0.115703  0.00412804
         1.1          15    0.139862    0.117314  0.00415517
         1.1          16    0.132648    0.118272  0.00400447
         1.1          17    0.109202    0.117739  0.00380429
         1.1          18    0.123524     0.11806  0.00360649
         1.1          19    0.115922    0.117947  0.00341843
         1.1          20    0.103692    0.117235  0.00332099
       1.125           1    0.106308    0.106308           0
       1.125           2    0.082028    0.094168  0.00858428
       1.125           3    0.129698    0.106011   0.0112366
       1.125           4    0.131134    0.112292   0.0100303
       1.125           5    0.120538    0.113941  0.00815869
       1.125           6    0.087334    0.109507  0.00791282
       1.125           7     0.10674    0.109111  0.00679228
       1.125           8    0.105582     0.10867  0.00595756
       1.125           9    0.075646    0.105001  0.00632547
       1.125          10    0.131652    0.107666  0.00622912
       1.125          11    0.124964    0.109239  0.00585797
       1.125          12    0.100852     0.10854  0.00541134
       1.125          13    0.099158    0.107818  0.00504297
       1.125          14    0.102018    0.107404  0.00469974
       1.125          15      0.0883     0.10613  0.00455572
       1.125          16    0.086334    0.104893  0.00443582
       1.125          17    0.101846    0.104714  0.00417851
       1.125          18    0.114142    0.105237  0.00397906
       1.125          19    0.120616    0.106047  0.00385108
       1.125          20    0.087486    0.105119  0.00376869
        1.15           1     0.09955     0.09955           0
        1.15           2    0.113462    0.106506  0.00491863
        1.15           3    0.101286    0.104766  0.00357363
        1.15           4    0.083766    0.099516  0.00527783
        1.15           5    0.099764   0.0995656   0.0042225
        1.15           6    0.110824    0.101442  0.00391352
        1.15           7    0.086828   0.0993543  0.00387146
        1.15           8    0.095696    0.098897  0.00341443
        1.15           9    0.099078   0.0989171  0.00303511
        1.15          10    0.084426    0.097468  0.00305803
        1.15          11     0.09493   0.0972373  0.00278872
        1.15          12    0.084832   0.0962035  0.00274124
        1.15          13    0.114426   0.0976052  0.00286645
        1.15          14    0.093742   0.0973293  0.00267495
        1.15          15    0.067828   0.0953625  0.00313741
        1.15          16    0.101426   0.0957415  0.00296412
        1.15          17    0.105376   0.0963082  0.00284343
        1.15          18    0.101874   0.0966174  0.00270222
        1.15          19    0.085226   0.0960179  0.00262567
        1.15          20    0.076018   0.0950179  0.00267805
       1.175           1    0.094266    0.094266           0
       1.175           2    0.076632    0.085449  0.00623456
       1.175           3    0.109994   0.0936307  0.00786778
       1.175           4    0.101184    0.095519  0.00612325
       1.175           5    0.077334    0.091882  0.00588035
       1.175           6    0.119602    0.096502  0.00646528
       1.175           7    0.095574   0.0963694  0.00554303
       1.175           8    0.084372   0.0948697  0.00504895
       1.175           9    0.085136   0.0937882  0.00460233
       1.175          10    0.108528   0.0952622  0.00437176
       1.175          11    0.090348   0.0948155  0.00399709
       1.175          12    0.098974    0.095162  0.00367899
       1.175          13    0.098298   0.0954032  0.00340389
       1.175          14    0.090532   0.0950553  0.00317849
       1.175          15     0.09935   0.0953416  0.00297946
       1.175          16    0.080058   0.0943864  0.00294239
       1.175          17      0.1026   0.0948695  0.00280869
       1.175          18    0.092836   0.0947566  0.00265492
       1.175          19    0.099582   0.0950105  0.00252731
       1.175          20    0.101198   0.0953199  0.00241981
         1.2           1    0.061984    0.061984           0
         1.2           2    0.085496     0.07374  0.00831275
         1.2           3    0.087524   0.0783347  0.00669222
         1.2           4    0.085348    0.080088  0.00524382
         1.2           5    0.096696   0.0834096  0.00514052
         1.2           6      0.0894    0.084408  0.00437965
         1.2           7    0.082062   0.0840729  0.00376679
         1.2           8    0.080608   0.0836398  0.00332074
         1.2           9     0.07807   0.0830209  0.00300889
         1.2          10    0.062316   0.0809504  0.00334537
         1.2          11    0.097688    0.082472  0.00336956
         1.2          12    0.089916   0.0830923  0.00314535
         1.2          13    0.079608   0.0828243   0.0029148
         1.2          14    0.073124   0.0821314  0.00278773
         1.2          15    0.097594   0.0831623  0.00278596
         1.2          16    0.087214   0.0834155  0.00262332
         1.2          17    0.092556   0.0839532  0.00252351
         1.2          18     0.07779   0.0836108  0.00240643
         1.2          19    0.109094    0.084952  0.00262709
         1.2          20    0.089364   0.0851726  0.00250498
       1.225           1    0.092216    0.092216           0
       1.225           2     0.05865    0.075433   0.0118674
       1.225           3    0.080772   0.0772127  0.00804392
       1.225           4    0.080832   0.0781175  0.00608362
       1.225           5    0.083306   0.0791552   0.0049546
       1.225           6    0.097896   0.0822787   0.0050177
       1.225           7    0.069932   0.0805149  0.00460046
       1.225           8    0.083138   0.0808427  0.00403707
       1.225           9     0.05577   0.0780569  0.00444703
       1.225          10     0.08677   0.0789282  0.00408679
       1.225          11    0.087864   0.0797405  0.00379514
       1.225          12    0.095898    0.081087  0.00371005
       1.225          13    0.081574   0.0811245  0.00342485
       1.225          14    0.070548    0.080369  0.00326248
       1.225          15      0.0826   0.0805177  0.00304837
       1.225          16    0.078416   0.0803864  0.00286067
       1.225          17     0.06575   0.0795254  0.00281898
       1.225          18    0.079854   0.0795437  0.00266243
       1.225          19    0.086628   0.0799165  0.00254828
       1.225          20    0.087462   0.0802938  0.00244863
        1.25           1    0.089388    0.089388           0
        1.25           2    0.075952     0.08267  0.00475034
        1.25           3    0.078638    0.081326  0.00335163
        1.25           4    0.093896   0.0844685  0.00370477
        1.25           5    0.063054   0.0801856  0.00484343
        1.25           6    0.087412     0.08139  0.00418326
        1.25           7    0.053354   0.0773849  0.00515814
        1.25           8    0.080582   0.0777845  0.00452883
        1.25           9     0.09135   0.0792918  0.00426909
        1.25          10     0.07203   0.0785656  0.00390345
        1.25          11    0.082636   0.0789356  0.00356609
        1.25          12     0.08526   0.0794627  0.00330763
        1.25          13     0.08242   0.0796902  0.00306101
        1.25          14    0.061272   0.0783746  0.00311226
        1.25          15     0.08249   0.0786489  0.00291685
        1.25          16    0.067394   0.0779455  0.00281809
        1.25          17    0.108044    0.079716  0.00315992
        1.25          18    0.097666   0.0807132  0.00313778
        1.25          19    0.052286   0.0792171  0.00331017
        1.25          20    0.064042   0.0784583  0.00323045
       1.275           1    0.066004    0.066004           0
       1.275           2    0.061214    0.063609  0.00169352
       1.275           3    0.073056    0.066758  0.00280811
       1.275           4    0.085762    0.071509  0.00462218
       1.275           5    0.078224    0.072852  0.00388796
       1.275           6    0.090232   0.0757487  0.00418206
       1.275           7    0.076954   0.0759209  0.00358817
       1.275           8    0.082876   0.0767902  0.00324326
       1.275           9    0.068584   0.0758784  0.00300834
       1.275          10    0.076844    0.075975  0.00270906
       1.275          11    0.066614    0.075124    0.002593
       1.275          12    0.074832   0.0750997  0.00237703
       1.275          13    0.073218   0.0749549  0.00219858
       1.275          14    0.067546   0.0744257  0.00210427
       1.275          15    0.083552   0.0750341  0.00205006
       1.275          16    0.083206   0.0755449  0.00198453
       1.275          17    0.082146   0.0759332   0.0019054
       1.275          18    0.085122   0.0764437  0.00186668
       1.275          19     0.07655   0.0764493  0.00176844
       1.275          20    0.080572   0.0766554  0.00169199
         1.3           1    0.055274    0.055274           0
         1.3           2    0.069934    0.062604  0.00518309
         1.3           3    0.060982   0.0620633  0.00348348
         1.3           4      0.0638   0.0624975  0.00263953
         1.3           5    0.078716   0.0657412  0.00358835
         1.3           6    0.069088    0.066299  0.00303333
         1.3           7    0.070286   0.0668686  0.00265293
         1.3           8    0.072334   0.0675518  0.00240768
         1.3           9    0.069542   0.0677729  0.00215029
         1.3          10    0.085846   0.0695802  0.00258553
         1.3          11    0.083882   0.0708804  0.00265735
         1.3          12    0.085486   0.0720975   0.0027003
         1.3          13    0.073086   0.0721735  0.00249365
         1.3          14     0.07656   0.0724869  0.00233514
         1.3          15    0.071662   0.0724319  0.00218011
         1.3          16    0.051686   0.0711353  0.00239864
         1.3          17    0.065856   0.0708247  0.00227756
         1.3          18    0.066954   0.0706097  0.00216115
         1.3          19    0.056458   0.0698648  0.00217197
         1.3          20    0.080886   0.0704159  0.00213213
       1.325           1      0.0487      0.0487           0
       1.325           2    0.067906    0.058303  0.00679035
       1.325           3    0.073902   0.0635027  0.00620622
       1.325           4    0.073192    0.065925  0.00510555
       1.325           5    0.063316   0.0654032  0.00411102
       1.325           6    0.075172   0.0670313  0.00373436
       1.325           7     0.05709   0.0656111  0.00346041
       1.325           8    0.072258    0.066442  0.00312602
       1.325           9    0.070176   0.0668569  0.00280608
       1.325          10    0.060294   0.0662006  0.00260109
       1.325          11    0.069758    0.066524  0.00238464
       1.325          12    0.071646   0.0669508  0.00222379
       1.325          13    0.062596   0.0666158  0.00207781
       1.325          14    0.072604   0.0670436  0.00197293
       1.325          15    0.049834   0.0658963  0.00214926
       1.325          16    0.069954   0.0661499  0.00202984
       1.325          17    0.065584   0.0661166  0.00191071
       1.325          18    0.087692   0.0673152  0.00214787
       1.325          19    0.071244    0.067522  0.00204475
       1.325          20      0.0658   0.0674359  0.00194432
        1.35           1     0.04016     0.04016           0
        1.35           2    0.077464    0.058812    0.013189
        1.35           3    0.067718   0.0617807  0.00912062
        1.35           4    0.062486    0.061957  0.00684217
        1.35           5    0.068284   0.0632224  0.00558953
        1.35           6    0.062518    0.063105  0.00465917
        1.35           7    0.054382   0.0618589  0.00415688
        1.35           8    0.067474   0.0625608  0.00369606
        1.35           9    0.059148   0.0621816  0.00330478
        1.35          10    0.061066     0.06207  0.00297618
        1.35          11    0.062374   0.0620976  0.00270575
        1.35          12    0.054154   0.0614357  0.00255996
        1.35          13     0.07041    0.062126  0.00245436
        1.35          14    0.057784   0.0618159  0.00229856
        1.35          15    0.084262   0.0633123  0.00258696
        1.35          16    0.069282   0.0636854  0.00245203
        1.35          17    0.077676   0.0645084    0.002442
        1.35          18    0.068352   0.0647219  0.00231565
        1.35          19    0.058306   0.0643842  0.00221826
        1.35          20    0.069568   0.0646434  0.00212244
       1.375           1     0.05073     0.05073           0
       1.375           2     0.05074    0.050735 3.53553e-06
       1.375           3    0.056546    0.052672  0.00158156
       1.375           4     0.05871   0.0541815   0.0017652
       1.375           5    0.048478   0.0530408  0.00174217
       1.375           6    0.054524    0.053288  0.00146924
       1.375           7    0.059224    0.054136  0.00148403
       1.375           8    0.061298   0.0550313  0.00154514
       1.375           9    0.057456   0.0553007  0.00139675
       1.375          10    0.065756   0.0563462  0.00160127
       1.375          11    0.071776   0.0577489  0.00197681
       1.375          12      0.0533   0.0573782  0.00184651
       1.375          13    0.082186   0.0592865  0.00250334
       1.375          14    0.056694   0.0591013  0.00233137
       1.375          15    0.054286   0.0587803  0.00219793
       1.375          16    0.068852   0.0594098  0.00214881
       1.375          17    0.054256   0.0591066  0.00204369
       1.375          18    0.075934   0.0600414  0.00213328
       1.375          19    0.057568   0.0599113  0.00202497
       1.375          20    0.066714   0.0602514  0.00195208
         1.4           1    0.066044    0.066044           0
         1.4           2    0.061742    0.063893  0.00152099
         1.4           3    0.048054   0.0586133  0.00442848
         1.4           4    0.072666   0.0621265  0.00450424
         1.4           5    0.041944     0.05809  0.00510089
         1.4           6      0.0638   0.0590417  0.00433861
         1.4           7     0.06126   0.0593586  0.00373037
         1.4           8    0.057266    0.059097  0.00327323
         1.4           9     0.05436   0.0585707  0.00295155
         1.4          10    0.062678   0.0589814  0.00268482
         1.4          11    0.059064   0.0589889  0.00244076
         1.4          12     0.05835   0.0589357  0.00223794
         1.4          13     0.05151   0.0583645  0.00213745
         1.4          14    0.068932   0.0591193  0.00211385
         1.4          15    0.057244   0.0589943  0.00197662
         1.4          16     0.05513   0.0587528  0.00186778
         1.4          17    0.036126   0.0574218  0.00218119
         1.4          18     0.03942   0.0564217  0.00227778
         1.4          19    0.054876   0.0563403  0.00215935
         1.4          20    0.066898   0.0568682  0.00211492
       1.425           1     0.06366     0.06366           0
       1.425           2    0.066438    0.065049 0.000982171
       1.425           3    0.041712     0.05727  0.00638519
       1.425           4    0.049588   0.0553495  0.00506949
       1.425           5     0.06649   0.0575776  0.00451878
       1.425           6    0.053836    0.056954  0.00380844
       1.425           7    0.059534   0.0573226  0.00328216
       1.425           8    0.061476   0.0578418  0.00291266
       1.425           9    0.054146   0.0574311  0.00261782
       1.425          10    0.054032   0.0570912    0.002378
       1.425          11    0.031624    0.054776  0.00308971
       1.425          12     0.04494   0.0539563  0.00293895
       1.425          13    0.070038   0.0551934  0.00296181
       1.425          14    0.053686   0.0550857   0.0027522
       1.425          15     0.08231   0.0569007  0.00311011
       1.425          16    0.051734   0.0565778  0.00293245
       1.425          17    0.072506   0.0575147  0.00290578
       1.425          18    0.053206   0.0572753  0.00275419
       1.425          19    0.060724   0.0574568  0.00261521
       1.425          20     0.06077   0.0576225  0.00248969
        1.45           1    0.059292    0.059292           0
        1.45           2    0.052144    0.055718   0.0025272
        1.45           3    0.049436    0.053624  0.00240037
        1.45           4    0.032634   0.0483765  0.00488807
        1.45           5    0.050992   0.0488996  0.00393834
        1.45           6    0.058016    0.050419  0.00356301
        1.45           7    0.061828   0.0520489  0.00340645
        1.45           8     0.04853    0.051609  0.00300891
        1.45           9     0.05134   0.0515791  0.00267473
        1.45          10    0.059598    0.052381   0.0025246
        1.45          11    0.047018   0.0518935   0.0023417
        1.45          12     0.05108   0.0518257  0.00214754
        1.45          13    0.052068   0.0518443  0.00198242
        1.45          14     0.04408   0.0512897  0.00191683
        1.45          15     0.06037   0.0518951   0.0018822
        1.45          16    0.054506   0.0520583  0.00177162
        1.45          17     0.05974   0.0525101  0.00172407
        1.45          18     0.05493   0.0526446  0.00163353
        1.45          19     0.04654   0.0523233  0.00157883
        1.45          20     0.06261   0.0528376  0.00158145
       1.475           1    0.051424    0.051424           0
       1.475           2    0.062436     0.05693  0.00389333
       1.475           3    0.047898   0.0539193  0.00357486
       1.475           4     0.04743    0.052297  0.00302697
       1.475           5    0.064294   0.0546964  0.00323569
       1.475           6     0.06371   0.0561987  0.00302511
       1.475           7     0.04488   0.0545817  0.00299407
       1.475           8    0.045826   0.0534873  0.00281274
       1.475           9    0.052932   0.0534256  0.00250089
       1.475          10    0.051406   0.0532236  0.00225894
       1.475          11    0.045496   0.0525211  0.00216006
       1.475          12    0.054366   0.0526748  0.00198552
       1.475          13     0.04512   0.0520937  0.00191595
       1.475          14     0.03856    0.051127  0.00200821
       1.475          15    0.066378   0.0521437  0.00211612
       1.475          16    0.046608   0.0517978  0.00201194
       1.475          17    0.057738   0.0521472   0.0019237
       1.475          18    0.052514   0.0521676  0.00181693
       1.475          19    0.052962   0.0522094  0.00172179
       1.475          20    0.034374   0.0513176   0.0018523
         1.5           1    0.047236    0.047236           0
         1.5           2    0.051738    0.049487   0.0015917
         1.5           3     0.04701   0.0486613  0.00125717
         1.5           4    0.057504    0.050872  0.00213408
         1.5           5    0.054418   0.0515812   0.0018213
         1.5           6    0.053658   0.0519273  0.00155029
         1.5           7    0.062164   0.0533897  0.00189705
         1.5           8    0.047766   0.0526868  0.00178542
         1.5           9    0.045544   0.0518931  0.00175459
         1.5          10     0.05062   0.0517658  0.00158374
         1.5          11    0.051586   0.0517495  0.00143985
         1.5          12     0.06026   0.0524587  0.00148428
         1.5          13    0.045208   0.0519009  0.00147117
         1.5          14     0.04921   0.0517087  0.00137859
         1.5          15    0.045898   0.0513213     0.00134
         1.5          16    0.057964   0.0517365    0.001319
         1.5          17    0.041778   0.0511507  0.00136531
         1.5          18    0.053266   0.0512682  0.00129451
         1.5          19    0.033932   0.0503558  0.00151417
         1.5          20    0.054222   0.0505491  0.00145075
       1.525           1    0.056256    0.056256           0
       1.525           2    0.043836    0.050046  0.00439113
       1.525           3     0.05025    0.050114  0.00292795
       1.525           4    0.040646    0.047747  0.00300404
       1.525           5     0.04246   0.0466896  0.00258264
       1.525           6    0.046954   0.0467337  0.00215257
       1.525           7    0.049078   0.0470686  0.00187093
       1.525           8    0.043014   0.0465618  0.00170433
       1.525           9    0.049484   0.0468864  0.00154558
       1.525          10    0.046408   0.0468386  0.00139176
       1.525          11    0.053192   0.0474162  0.00137989
       1.525          12    0.048146    0.047477  0.00126624
       1.525          13    0.060142   0.0484512  0.00149743
       1.525          14    0.045884   0.0482679  0.00140165
       1.525          15    0.047892   0.0482428  0.00130843
       1.525          16    0.042842   0.0479053  0.00126945
       1.525          17     0.02096   0.0463202   0.0019473
       1.525          18    0.049578   0.0465012  0.00184751
       1.525          19    0.049548   0.0466616  0.00175722
       1.525          20    0.057634   0.0472102  0.00175291
        1.55           1    0.046826    0.046826           0
        1.55           2     0.04403    0.045428 0.000988535
        1.55           3     0.05389   0.0482487   0.0023955
        1.55           4    0.043538    0.047071  0.00206592
        1.55           5     0.05113   0.0478828   0.0018052
        1.55           6    0.043342    0.047126  0.00165539
        1.55           7    0.048674   0.0473471   0.0014336
        1.55           8    0.052676   0.0480133  0.00140063
        1.55           9     0.04524   0.0477051  0.00127845
        1.55          10    0.054156   0.0483502  0.00130323
        1.55          11    0.047384   0.0482624  0.00118771
        1.55          12     0.05376   0.0487205  0.00117377
        1.55          13    0.037446   0.0478532  0.00136683
        1.55          14     0.04402   0.0475794  0.00129634
        1.55          15     0.04757   0.0475788  0.00120991
        1.55          16     0.04209   0.0472358  0.00118193
        1.55          17    0.065886   0.0483328  0.00153955
        1.55          18    0.049596    0.048403  0.00145562
        1.55          19    0.042382   0.0480861  0.00141308
        1.55          20    0.050784    0.048221  0.00134885
       1.575           1    0.046396    0.046396           0
       1.575           2    0.053216    0.049806  0.00241123
       1.575           3    0.046168   0.0485933  0.00188796
       1.575           4    0.042488    0.047067  0.00193707
       1.575           5    0.051448   0.0479432  0.00173655
       1.575           6    0.040418    0.046689  0.00184527
       1.575           7    0.036002   0.0451623  0.00212121
       1.575           8    0.041202   0.0446673  0.00191295
       1.575           9     0.05172   0.0454509  0.00185397
       1.575          10    0.052534   0.0461592   0.0017988
       1.575          11    0.045186   0.0460707  0.00163745
       1.575          12    0.049116   0.0463245  0.00152053
       1.575          13    0.048988   0.0465294   0.0014173
       1.575          14    0.053326   0.0470149  0.00139674
       1.575          15    0.058528   0.0477824  0.00149976
       1.575          16    0.054544    0.048205  0.00146436
       1.575          17    0.050442   0.0483366  0.00138412
       1.575          18    0.058752   0.0489152  0.00142304
       1.575          19     0.04311   0.0486097  0.00138055
       1.575          20    0.045492   0.0484538   0.0013203
         1.6           1     0.04385     0.04385           0
         1.6           2     0.04676    0.045305  0.00102884
         1.6           3      0.0411   0.0439033  0.00133425
         1.6           4    0.048594    0.045076  0.00142574
         1.6           5    0.045052   0.0450712   0.0011406
         1.6           6    0.047458    0.045469  0.00101751
         1.6           7    0.048328   0.0458774 0.000950594
         1.6           8      0.0389   0.0450053   0.0011651
         1.6           9    0.035442   0.0439427   0.0014409
         1.6          10    0.049386    0.044487  0.00139584
         1.6          11     0.04791   0.0447982  0.00130317
         1.6          12    0.044874   0.0448045  0.00119459
         1.6          13     0.04494   0.0448149  0.00110274
         1.6          14    0.054204   0.0454856  0.00121086
         1.6          15    0.046334   0.0455421  0.00113145
         1.6          16    0.053142   0.0460171  0.00115615
         1.6          17     0.03525   0.0453838  0.00124964
         1.6          18    0.047512    0.045502  0.00118579
         1.6          19    0.051194   0.0458016  0.00116061
         1.6          20    0.029012   0.0449621  0.00137301
       1.625           1    0.038156    0.038156           0
       1.625           2    0.049174    0.043665  0.00389545
       1.625           3    0.047096   0.0448087  0.00275975
       1.625           4    0.050278    0.046176   0.0023846
       1.625           5    0.039356    0.044812  0.00226443
       1.625           6    0.046278   0.0450563  0.00190016
       1.625           7    0.041154   0.0444989  0.00170853
       1.625           8    0.041914   0.0441758  0.00152521
       1.625           9    0.032768   0.0429082  0.00180725
       1.625          10    0.042534   0.0428708  0.00162691
       1.625          11     0.03811    0.042438   0.0015355
       1.625          12    0.048088   0.0429088  0.00147797
       1.625          13    0.043472   0.0429522  0.00136491
       1.625          14    0.037798    0.042584  0.00131613
       1.625          15    0.041982   0.0425439    0.001229
       1.625          16    0.030996   0.0418221  0.00134755
       1.625          17    0.046064   0.0420716  0.00129118
       1.625          18    0.041282   0.0420278  0.00122019
       1.625          19    0.037114   0.0417692  0.00118306
       1.625          20    0.035838   0.0414726  0.00116048
        1.65           1      0.0379      0.0379           0
        1.65           2     0.04144     0.03967  0.00125158
        1.65           3    0.048052    0.042464  0.00242909
        1.65           4      0.0423    0.042423  0.00182217
        1.65           5     0.03826   0.0415904  0.00163694
        1.65           6    0.037156   0.0408513  0.00152184
        1.65           7     0.03105   0.0394511  0.00183902
        1.65           8    0.039252   0.0394263  0.00160931
        1.65           9    0.038762   0.0393524  0.00143219
        1.65          10    0.044268    0.039844  0.00137073
        1.65          11    0.044132   0.0402338  0.00130037
        1.65          12    0.033176   0.0396457  0.00131832
        1.65          13     0.04048   0.0397098  0.00121847
        1.65          14     0.04717   0.0402427  0.00124251
        1.65          15    0.047314   0.0407141   0.0012459
        1.65          16     0.04658   0.0410808  0.00122078
        1.65          17    0.038726   0.0409422   0.0011568
        1.65          18    0.041904   0.0409957  0.00109377
        1.65          19     0.03513   0.0406869  0.00107889
        1.65          20     0.03664   0.0404846  0.00104375
       1.675           1    0.034442    0.034442           0
       1.675           2     0.03949    0.036966  0.00178474
       1.675           3    0.038966   0.0376327  0.00130843
       1.675           4    0.028814    0.035428  0.00214672
       1.675           5    0.047584   0.0378592  0.00277091
       1.675           6    0.039802    0.038183  0.00232794
       1.675           7    0.042466   0.0387949  0.00207422
       1.675           8    0.024594   0.0370198  0.00245991
       1.675           9    0.043396   0.0377282  0.00228633
       1.675          10     0.03442   0.0373974   0.0020815
       1.675          11    0.048254   0.0383844  0.00211335
       1.675          12    0.044418   0.0388872  0.00199615
       1.675          13    0.030904   0.0382731  0.00193475
       1.675          14    0.037764   0.0382367   0.0017969
       1.675          15    0.037268   0.0381721  0.00167827
       1.675          16    0.044208   0.0385494  0.00161522
       1.675          17    0.035224   0.0383538    0.001532
       1.675          18    0.027968   0.0377768  0.00155175
       1.675          19     0.04898   0.0383664  0.00157813
       1.675          20    0.040748   0.0384855  0.00150371
         1.7           1    0.040342    0.040342           0
         1.7           2    0.029106    0.034724  0.00397253
         1.7           3     0.03898   0.0361427  0.00289059
         1.7           4    0.038592    0.036755  0.00223186
         1.7           5    0.053674   0.0401388  0.00351398
         1.7           6    0.039628   0.0400537  0.00292935
         1.7           7     0.04605   0.0409103  0.00263314
         1.7           8    0.041324    0.040962  0.00230451
         1.7           9    0.028434     0.03957   0.0024328
         1.7          10    0.034668   0.0390798  0.00223836
         1.7          11    0.028608   0.0381278  0.00222814
         1.7          12    0.033222    0.037719  0.00207963
         1.7          13    0.037896   0.0377326   0.0019197
         1.7          14    0.032762   0.0373776  0.00181511
         1.7          15    0.038804   0.0374727  0.00169659
         1.7          16    0.031788   0.0371174  0.00162733
         1.7          17    0.039724   0.0372707  0.00153881
         1.7          18    0.037836   0.0373021  0.00145365
         1.7          19    0.037054   0.0372891   0.0013772
         1.7          20    0.037524   0.0373008  0.00130839
       1.725           1    0.031626    0.031626           0
       1.725           2     0.04192    0.036773  0.00363948
       1.725           3    0.028094     0.03388  0.00338625
       1.725           4    0.046886   0.0371315  0.00379199
       1.725           5      0.0409   0.0378852  0.00310759
       1.725           6    0.038744   0.0380283  0.00259295
       1.725           7    0.042686   0.0386937  0.00230632
       1.725           8    0.032034   0.0378613  0.00216306
       1.725           9    0.047206   0.0388996  0.00215758
       1.725          10    0.030234    0.038033  0.00210867
       1.725          11    0.037994   0.0380295  0.00191698
       1.725          12    0.047506   0.0388192  0.00191299
       1.725          13    0.028142   0.0379978  0.00193413
       1.725          14    0.043076   0.0383606  0.00182967
       1.725          15      0.0333   0.0380232  0.00173852
       1.725          16    0.038076   0.0380265  0.00162987
       1.725          17    0.043862   0.0383698  0.00156972
       1.725          18    0.037202   0.0383049  0.00148386
       1.725          19    0.023378   0.0375193  0.00160028
       1.725          20    0.034046   0.0373456  0.00152966
        1.75           1    0.036702    0.036702           0
        1.75           2    0.037576    0.037139 0.000309006
        1.75           3    0.038676   0.0376513 0.000466292
        1.75           4    0.036536   0.0373725 0.000424987
        1.75           5    0.044604   0.0388188  0.00133754
        1.75           6    0.032286     0.03773  0.00149341
        1.75           7    0.032894   0.0370391  0.00143097
        1.75           8    0.036606    0.036985  0.00125312
        1.75           9    0.039976   0.0373173  0.00115712
        1.75          10     0.03373   0.0369586   0.0010956
        1.75          11    0.037034   0.0369655 0.000996023
        1.75          12    0.036338   0.0369132 0.000914392
        1.75          13     0.04034   0.0371768 0.000881232
        1.75          14    0.028752    0.036575  0.00100292
        1.75          15    0.038508   0.0367039 0.000944304
        1.75          16    0.034214   0.0365483 0.000898015
        1.75          17    0.035724   0.0364998 0.000846499
        1.75          18    0.044728   0.0369569 0.000914608
        1.75          19     0.03037   0.0366102 0.000929856
        1.75          20    0.037218   0.0366406 0.000883859
       1.775           1    0.030236    0.030236           0
       1.775           2     0.04127    0.035753  0.00390111
       1.775           3    0.033384   0.0349633  0.00267947
       1.775           4    0.030232   0.0337805  0.00225562
       1.775           5    0.036786   0.0343816  0.00188289
       1.775           6    0.039982    0.035315   0.0017855
       1.775           7    0.039804   0.0359563  0.00164156
       1.775           8     0.02935   0.0351305   0.0016309
       1.775           9     0.03381   0.0349838  0.00145627
       1.775          10    0.049488   0.0364342   0.0019003
       1.775          11    0.044466   0.0371644  0.00186255
       1.775          12     0.03079   0.0366332  0.00178147
       1.775          13    0.038672     0.03679  0.00165133
       1.775          14    0.038024   0.0368781  0.00153573
       1.775          15     0.02623   0.0361683  0.00158896
       1.775          16    0.033366   0.0359931  0.00149927
       1.775          17    0.035068   0.0359387  0.00141207
       1.775          18    0.036186   0.0359524  0.00133369
       1.775          19    0.040556   0.0361947  0.00128531
       1.775          20     0.04207   0.0364885  0.00125417
         1.8           1    0.031978    0.031978           0
         1.8           2    0.040388    0.036183  0.00297338
         1.8           3    0.031166   0.0345107  0.00240703
         1.8           4    0.027064    0.032649  0.00242041
         1.8           5    0.039246   0.0339684   0.0022676
         1.8           6    0.028176    0.033003  0.00208507
         1.8           7    0.031778    0.032828  0.00179453
         1.8           8    0.036714   0.0333138  0.00163463
         1.8           9    0.031162   0.0330747  0.00147039
         1.8          10    0.032624   0.0330296  0.00132404
         1.8          11     0.03015   0.0327678  0.00122928
         1.8          12     0.03021   0.0325547  0.00114517
         1.8          13    0.031874   0.0325023  0.00105828
         1.8          14    0.028288   0.0322013   0.0010246
         1.8          15    0.037128   0.0325297  0.00100757
         1.8          16    0.034134     0.03263 0.000949569
         1.8          17    0.029998   0.0324752 0.000906245
         1.8          18    0.039104   0.0328434 0.000927712
         1.8          19    0.038996   0.0331673 0.000933691
         1.8          20     0.04189   0.0336034 0.000983608
       1.825           1    0.036652    0.036652           0
       1.825           2     0.02619    0.031421  0.00369888
       1.825           3    0.034738   0.0325267  0.00262598
       1.825           4    0.041484    0.034766  0.00276402
       1.825           5     0.03446   0.0347048   0.0022119
       1.825           6    0.039958   0.0355803  0.00200907
       1.825           7     0.02726   0.0343917  0.00204364
       1.825           8    0.040082    0.035103  0.00190796
       1.825           9    0.034528   0.0350391  0.00169703
       1.825          10    0.022038    0.033739  0.00196316
       1.825          11     0.02847     0.03326   0.0018422
       1.825          12    0.039308    0.033764  0.00175627
       1.825          13    0.038302   0.0341131   0.0016555
       1.825          14     0.03564   0.0342221  0.00154084
       1.825          15    0.026452   0.0337041   0.0015227
       1.825          16     0.02527    0.033177  0.00151603
       1.825          17    0.020798   0.0324488  0.00159216
       1.825          18    0.025814   0.0320802  0.00154578
       1.825          19    0.033322   0.0321456  0.00146581
       1.825          20    0.028504   0.0319635  0.00140378
        1.85           1    0.039056    0.039056           0
        1.85           2     0.03091    0.034983  0.00288005
        1.85           3     0.02961    0.033192   0.0024135
        1.85           4     0.01812    0.029424  0.00373161
        1.85           5     0.03884   0.0313072   0.0034277
        1.85           6     0.03387   0.0317343   0.0028829
        1.85           7     0.02724   0.0310923  0.00254155
        1.85           8    0.043612   0.0326573  0.00266243
        1.85           9    0.033164   0.0327136   0.0023672
        1.85          10    0.033028    0.032745  0.00213068
        1.85          11    0.033642   0.0328265  0.00193855
        1.85          12    0.038178   0.0332725  0.00182758
        1.85          13    0.028702   0.0329209  0.00172048
        1.85          14    0.038412   0.0333131  0.00164169
        1.85          15    0.035778   0.0334775  0.00154044
        1.85          16    0.038642   0.0338003   0.0014776
        1.85          17     0.03924   0.0341202   0.0014249
        1.85          18    0.039092   0.0343964  0.00137225
        1.85          19    0.030348   0.0341834  0.00131647
        1.85          20    0.017482   0.0333483  0.00149217
       1.875           1    0.052324    0.052324           0
       1.875           2    0.023854    0.038089   0.0100657
       1.875           3     0.03443   0.0368693  0.00678394
       1.875           4    0.032482   0.0357725  0.00517586
       1.875           5     0.03029    0.034676  0.00425525
       1.875           6    0.021262   0.0324403   0.0040914
       1.875           7    0.042374   0.0338594  0.00374494
       1.875           8    0.035686   0.0340878  0.00328378
       1.875           9    0.029944   0.0336273  0.00295102
       1.875          10    0.027254     0.03299  0.00272387
       1.875          11     0.03449   0.0331264  0.00247965
       1.875          12    0.037292   0.0334735  0.00229719
       1.875          13    0.028322   0.0330772  0.00215439
       1.875          14    0.033818   0.0331301  0.00200115
       1.875          15    0.034694   0.0332344  0.00187046
       1.875          16    0.034724   0.0333275  0.00175587
       1.875          17    0.036764   0.0335296  0.00166418
       1.875          18    0.024708   0.0330396   0.0016423
       1.875          19    0.034834    0.033134  0.00155858
       1.875          20    0.023092   0.0326319  0.00155943
         1.9           1     0.02599     0.02599           0
         1.9           2    0.031828    0.028909  0.00206404
         1.9           3    0.029232   0.0290167  0.00137884
         1.9           4    0.030048   0.0292745  0.00105796
         1.9           5    0.030472    0.029514 0.000873055
         1.9           6    0.033646   0.0302027  0.00096153
         1.9           7    0.035296   0.0309303  0.00106445
         1.9           8     0.02917   0.0307103 0.000953864
         1.9           9     0.02416   0.0299824  0.00109075
         1.9          10    0.027676   0.0297518  0.00100577
         1.9          11    0.032668   0.0300169 0.000948631
         1.9          12     0.03364   0.0303188 0.000916367
         1.9          13    0.030868   0.0303611 0.000846851
         1.9          14    0.029036   0.0302664 0.000791633
         1.9          15    0.023508   0.0298159 0.000857544
         1.9          16    0.028248   0.0297179 0.000809527
         1.9          17    0.029442   0.0297016 0.000762071
         1.9          18    0.039528   0.0302476 0.000894134
         1.9          19    0.027814   0.0301195 0.000856199
         1.9          20    0.032894   0.0302582 0.000824551
       1.925           1    0.017084    0.017084           0
       1.925           2     0.02523    0.021157  0.00288005
       1.925           3    0.023748   0.0220207  0.00204543
       1.925           4    0.025924   0.0229965  0.00175145
       1.925           5    0.025154    0.023428  0.00145334
       1.925           6    0.033086   0.0250377   0.0019042
       1.925           7    0.030824   0.0258643  0.00180269
       1.925           8    0.026644   0.0259618  0.00157998
       1.925           9    0.022264   0.0255509  0.00145687
       1.925          10     0.03237   0.0262328  0.00146209
       1.925          11    0.034674   0.0270002  0.00151725
       1.925          12    0.036142    0.027762  0.00157046
       1.925          13    0.031714    0.028066  0.00147879
       1.925          14    0.019324   0.0274416  0.00149921
       1.925          15    0.029158    0.027556  0.00140362
       1.925          16    0.028844   0.0276365   0.0013182
       1.925          17    0.032082    0.027898  0.00126633
       1.925          18    0.032212   0.0281377  0.00121845
       1.925          19    0.023982   0.0279189  0.00117379
       1.925          20    0.023974   0.0277217  0.00113155
        1.95           1    0.027862    0.027862           0
        1.95           2    0.020048    0.023955  0.00276267
        1.95           3    0.035062   0.0276573  0.00353982
        1.95           4    0.023284    0.026564  0.00281866
        1.95           5    0.026838   0.0266188  0.00225546
        1.95           6    0.021978   0.0258453   0.0020078
        1.95           7    0.024282    0.025622  0.00173335
        1.95           8    0.028936   0.0260363   0.0015654
        1.95           9    0.027966   0.0262507  0.00140607
        1.95          10    0.030172   0.0266428  0.00131901
        1.95          11    0.018964   0.0259447  0.00137144
        1.95          12    0.040262   0.0271378  0.00169862
        1.95          13    0.027014   0.0271283  0.00156798
        1.95          14     0.02634    0.027072    0.001457
        1.95          15    0.038412    0.027828  0.00154359
        1.95          16    0.022486   0.0274941  0.00148278
        1.95          17     0.01852   0.0269662  0.00148656
        1.95          18    0.024898   0.0268513  0.00140841
        1.95          19    0.024828   0.0267448   0.0013383
        1.95          20    0.025608    0.026688  0.00127259
       1.975           1    0.034356    0.034356           0
       1.975           2      0.0302    0.032278  0.00146937
       1.975           3    0.026536    0.030364  0.00184441
       1.975           4     0.01656    0.026913  0.00329326
       1.975           5    0.027834   0.0270972  0.00263976
       1.975           6    0.032448    0.027989  0.00234561
       1.975           7    0.024276   0.0274586  0.00206963
       1.975           8    0.028698   0.0276135  0.00181671
       1.975           9    0.034806   0.0284127  0.00178198
       1.975          10    0.026728   0.0282442  0.00161173
       1.975          11    0.024714   0.0279233  0.00149682
       1.975          12    0.027658   0.0279012  0.00137225
       1.975          13    0.027094   0.0278391  0.00126809
       1.975          14     0.02625   0.0277256  0.00118258
       1.975          15    0.039176   0.0284889  0.00132745
       1.975          16     0.02762   0.0284346   0.0012456
       1.975          17    0.025096   0.0282382  0.00118771
       1.975          18    0.019852   0.0277723  0.00120966
       1.975          19    0.030364   0.0279087  0.00115365
       1.975          20    0.020574    0.027542  0.00115279
           2           1    0.021518    0.021518           0
           2           2    0.025694    0.023606  0.00147644
           2           3    0.034848   0.0273533  0.00321411
           2           4    0.020378   0.0256095  0.00284458
           2           5    0.027812     0.02605  0.00230952
           2           6    0.027252   0.0262503  0.00193327
           2           7    0.020186    0.025384  0.00184099
           2           8    0.020662   0.0247938  0.00170286
           2           9     0.02709   0.0250489  0.00153265
           2          10    0.028034   0.0253474  0.00140815
           2          11    0.040128   0.0266911  0.00181111
           2          12    0.027208   0.0267342   0.0016607
           2          13    0.024494   0.0265618  0.00154187
           2          14    0.028348   0.0266894    0.001437
           2          15     0.02357   0.0264815  0.00135617
           2          16    0.026506    0.026483  0.00127141
           2          17    0.030934   0.0267448  0.00122328
           2          18     0.03089   0.0269751   0.0011768
           2          19    0.018496   0.0265288  0.00119649
           2          20    0.029924   0.0266986  0.00114864
