#      T        BLOCK:   ACTUAL_M:     M_AVE:       ERROR:
         0.5           1    0.914502    0.914502           0
         0.5           2    0.822726    0.868614   0.0324477
         0.5           3     0.85609    0.864439   0.0218987
         0.5           4    0.834578    0.856974   0.0176507
         0.5           5    0.854366    0.856452   0.0141283
         0.5           6     0.86045    0.857119   0.0117893
         0.5           7    0.896448    0.862737   0.0113653
         0.5           8    0.922398    0.870195   0.0121474
         0.5           9    0.903352    0.873879   0.0113426
         0.5          10     0.89837    0.876328   0.0104694
         0.5          11    0.927894    0.881016   0.0105149
         0.5          12      0.9013    0.882706  0.00977362
         0.5          13     0.93853       0.887  0.00992039
         0.5          14    0.872544    0.885968  0.00926537
         0.5          15     0.94206    0.889707  0.00937197
         0.5          16    0.938718     0.89277  0.00927331
         0.5          17    0.836806    0.889478  0.00929381
         0.5          18    0.952824    0.892998  0.00942024
         0.5          19    0.910924    0.893941  0.00897156
         0.5          20     0.94372     0.89643  0.00886151
       0.525           1    0.886988    0.886988           0
       0.525           2    0.889172     0.88808 0.000772161
       0.525           3    0.770148    0.848769   0.0321012
       0.525           4    0.841094     0.84685   0.0241331
       0.525           5    0.818474    0.841175   0.0199627
       0.525           6    0.764278    0.828359   0.0203377
       0.525           7    0.807076    0.825319   0.0176581
       0.525           8    0.906404    0.835454   0.0181279
       0.525           9    0.751238    0.826097   0.0183707
       0.525          10    0.835986    0.827086   0.0165602
       0.525          11    0.927052    0.836174   0.0173702
       0.525          12     0.83997     0.83649   0.0159256
       0.525          13    0.907948    0.841987   0.0156204
       0.525          14    0.896628     0.84589   0.0149843
       0.525          15    0.862852    0.847021    0.014028
       0.525          16    0.764944    0.841891   0.0140579
       0.525          17     0.77498    0.837955   0.0137709
       0.525          18     0.86573    0.839498    0.013092
       0.525          19     0.91691    0.843572   0.0130215
       0.525          20    0.779512    0.840369   0.0127583
        0.55           1    0.826618    0.826618           0
        0.55           2    0.849644    0.838131  0.00814092
        0.55           3    0.825742    0.834001  0.00638943
        0.55           4    0.688942    0.797736   0.0317698
        0.55           5    0.805218    0.799233    0.025451
        0.55           6    0.861136     0.80955   0.0232063
        0.55           7    0.778628    0.805133   0.0203072
        0.55           8    0.815696    0.806453   0.0178117
        0.55           9    0.827286    0.808768   0.0159823
        0.55          10    0.825808    0.810472   0.0144746
        0.55          11    0.817522    0.811113   0.0131729
        0.55          12     0.73116     0.80445   0.0136566
        0.55          13    0.749064     0.80019    0.013254
        0.55          14    0.853942    0.804029   0.0128514
        0.55          15     0.83583    0.806149   0.0121683
        0.55          16     0.80678    0.806188   0.0114078
        0.55          17    0.845432    0.808497   0.0109678
        0.55          18    0.846422    0.810604   0.0105589
        0.55          19    0.806702    0.810399   0.0100052
        0.55          20     0.78409    0.809083  0.00959103
       0.575           1     0.80996     0.80996           0
       0.575           2    0.816328    0.813144  0.00225143
       0.575           3    0.805102    0.810463  0.00265396
       0.575           4    0.685334    0.779181   0.0271643
       0.575           5    0.756158    0.774576   0.0221183
       0.575           6    0.714538     0.76457   0.0205712
       0.575           7    0.761196    0.764088   0.0176381
       0.575           8    0.795624     0.76803   0.0158677
       0.575           9    0.732478     0.76408   0.0145881
       0.575          10    0.760084     0.76368   0.0131347
       0.575          11    0.750912    0.762519   0.0119918
       0.575          12    0.741162     0.76074   0.0111238
       0.575          13    0.685408    0.754945   0.0116804
       0.575          14    0.698902    0.750942   0.0115116
       0.575          15    0.717216    0.748693   0.0109615
       0.575          16    0.654802    0.742825   0.0117426
       0.575          17    0.840148     0.74855   0.0123689
       0.575          18    0.598134    0.740194   0.0142272
       0.575          19    0.709298    0.738568    0.013571
       0.575          20    0.738452    0.738562   0.0128925
         0.6           1    0.706448    0.706448           0
         0.6           2    0.646648    0.676548   0.0211425
         0.6           3     0.52302    0.625372   0.0440983
         0.6           4    0.571514    0.611907   0.0350691
         0.6           5    0.649724    0.619471   0.0288593
         0.6           6    0.589982    0.614556   0.0244643
         0.6           7    0.695246    0.626083   0.0235289
         0.6           8    0.811546    0.649266   0.0299019
         0.6           9    0.590192    0.642702   0.0272903
         0.6          10    0.735352    0.651967   0.0260867
         0.6          11    0.709868    0.657231   0.0242404
         0.6          12    0.571354    0.650074   0.0232527
         0.6          13    0.715614    0.655116   0.0220038
         0.6          14    0.696754     0.65809   0.0206321
         0.6          15    0.654996    0.657884   0.0192577
         0.6          16     0.69435    0.660163   0.0181885
         0.6          17    0.699756    0.662492    0.017267
         0.6          18    0.702408     0.66471   0.0164495
         0.6          19    0.689196    0.665998   0.0156342
         0.6          20    0.596664    0.662532    0.015232
       0.625           1    0.596788    0.596788           0
       0.625           2    0.634982    0.615885   0.0135036
       0.625           3    0.534294    0.588688   0.0239617
       0.625           4    0.524294    0.572589    0.022745
       0.625           5    0.572242     0.57252   0.0181961
       0.625           6    0.626352    0.581492    0.017234
       0.625           7    0.534488    0.574777   0.0160269
       0.625           8    0.619322    0.580345   0.0149595
       0.625           9    0.676952    0.591079   0.0167104
       0.625          10     0.59302    0.591273   0.0150405
       0.625          11     0.59735    0.591826   0.0136833
       0.625          12    0.560122    0.589184   0.0127956
       0.625          13    0.636366    0.592813   0.0123153
       0.625          14    0.610342    0.594065   0.0114991
       0.625          15    0.701998    0.601261   0.0127871
       0.625          16    0.624988    0.602744   0.0120736
       0.625          17    0.516266    0.597657   0.0123887
       0.625          18    0.645946     0.60034   0.0119874
       0.625          19    0.606782    0.600679   0.0113613
       0.625          20    0.660334    0.603661   0.0111779
        0.65           1    0.529784    0.529784           0
        0.65           2    0.534718    0.532251  0.00174443
        0.65           3    0.550824    0.538442  0.00518698
        0.65           4    0.551362    0.541672  0.00479152
        0.65           5    0.548672    0.543072  0.00403256
        0.65           6    0.545592    0.543492  0.00338227
        0.65           7    0.576048    0.548143  0.00519087
        0.65           8    0.588292    0.553161   0.0065321
        0.65           9     0.55367    0.553218  0.00580655
        0.65          10    0.642728    0.562169  0.00997088
        0.65          11    0.530202    0.559263  0.00947848
        0.65          12    0.617704    0.564133  0.00986069
        0.65          13    0.514004    0.560277  0.00982726
        0.65          14     0.53012    0.558123  0.00935842
        0.65          15      0.6421    0.563721   0.0102735
        0.65          16    0.528062    0.561493  0.00987021
        0.65          17    0.499072    0.557821  0.00994917
        0.65          18    0.616798    0.561097   0.0099213
        0.65          19    0.438764    0.554659   0.0112968
        0.65          20    0.650016    0.559427   0.0116949
       0.675           1    0.550282    0.550282           0
       0.675           2    0.488112    0.519197   0.0219804
       0.675           3    0.505614    0.514669   0.0151127
       0.675           4    0.456102    0.500028   0.0170076
       0.675           5    0.382394    0.476501   0.0250585
       0.675           6    0.462062    0.474094   0.0209974
       0.675           7    0.497276    0.477406    0.018257
       0.675           8     0.51068    0.481565   0.0164418
       0.675           9    0.538868    0.487932   0.0157997
       0.675          10    0.518204    0.490959   0.0145069
       0.675          11    0.471666    0.489205   0.0132937
       0.675          12    0.491752    0.489418   0.0121875
       0.675          13    0.487046    0.489235   0.0112514
       0.675          14    0.472782     0.48806   0.0105089
       0.675          15    0.500238    0.488872  0.00983965
       0.675          16    0.514534    0.490476  0.00935448
       0.675          17    0.555832     0.49432  0.00956163
       0.675          18    0.447486    0.491718  0.00937776
       0.675          19    0.457434    0.489914  0.00905614
       0.675          20    0.510468    0.490942  0.00866145
         0.7           1     0.47422     0.47422           0
         0.7           2    0.454806    0.464513  0.00686389
         0.7           3    0.492038    0.473688  0.00877835
         0.7           4    0.486024    0.476772  0.00710488
         0.7           5     0.39024    0.459466   0.0164899
         0.7           6    0.491588    0.464819   0.0145848
         0.7           7    0.471056     0.46571   0.0125284
         0.7           8    0.411556    0.458941   0.0126597
         0.7           9    0.480694    0.461358   0.0114815
         0.7          10     0.41452    0.456674   0.0112482
         0.7          11     0.41318     0.45272   0.0108985
         0.7          12    0.451744    0.452639  0.00999058
         0.7          13     0.45725    0.452994  0.00922837
         0.7          14     0.43058    0.451393  0.00870696
         0.7          15    0.388308    0.447187  0.00908561
         0.7          16    0.481202    0.449313  0.00876295
         0.7          17    0.399522    0.446384  0.00872323
         0.7          18    0.411228    0.444431  0.00845442
         0.7          19    0.355988    0.439776  0.00920212
         0.7          20      0.4019    0.437882  0.00893476
       0.725           1      0.4403      0.4403           0
       0.725           2     0.35889    0.399595   0.0287828
       0.725           3    0.311286    0.370159   0.0307549
       0.725           4      0.3833    0.373444    0.023241
       0.725           5    0.463496    0.391454   0.0246006
       0.725           6    0.355568    0.385473   0.0212152
       0.725           7    0.360346    0.381884   0.0184856
       0.725           8    0.366372    0.379945   0.0162763
       0.725           9    0.403986    0.382616   0.0146854
       0.725          10    0.340626    0.378417   0.0138041
       0.725          11    0.440426    0.384054   0.0136518
       0.725          12    0.371412    0.383001   0.0125547
       0.725          13    0.416434    0.385572   0.0118494
       0.725          14     0.42407    0.388322   0.0113176
       0.725          15    0.404232    0.389383   0.0106127
       0.725          16    0.370342    0.388193   0.0100159
       0.725          17    0.379048    0.387655  0.00944117
       0.725          18    0.418652    0.389377  0.00907236
       0.725          19    0.376798    0.388715  0.00861899
       0.725          20    0.379078    0.388233  0.00820149
        0.75           1    0.368944    0.368944           0
        0.75           2    0.359332    0.364138  0.00339836
        0.75           3     0.33116    0.353145  0.00925699
        0.75           4    0.332768    0.348051  0.00822593
        0.75           5    0.338006    0.346042  0.00682166
        0.75           6     0.32408    0.342382  0.00659401
        0.75           7     0.39321    0.349643  0.00878282
        0.75           8     0.43547    0.360371     0.01264
        0.75           9    0.396188    0.364351   0.0118455
        0.75          10     0.30578    0.358494   0.0120221
        0.75          11     0.37577    0.360064   0.0110313
        0.75          12    0.386674    0.362282   0.0103325
        0.75          13    0.381494     0.36376  0.00964279
        0.75          14    0.345212    0.362435  0.00904457
        0.75          15     0.38212    0.363747  0.00853628
        0.75          16    0.367738    0.363997   0.0080064
        0.75          17    0.370666    0.364389  0.00754504
        0.75          18    0.348824    0.363524  0.00717525
        0.75          19    0.375524    0.364156  0.00682535
        0.75          20    0.270764    0.359486    0.007922
       0.775           1    0.277334    0.277334           0
       0.775           2    0.357282    0.317308   0.0282659
       0.775           3    0.317596    0.317404   0.0188441
       0.775           4     0.35375    0.326491   0.0161761
       0.775           5    0.328888     0.32697    0.012948
       0.775           6     0.31798    0.325472   0.0108763
       0.775           7    0.291698    0.320647   0.0103375
       0.775           8    0.349454    0.324248  0.00965211
       0.775           9    0.301814    0.321755  0.00889569
       0.775          10     0.34045    0.323625  0.00820021
       0.775          11    0.352802    0.326277  0.00787205
       0.775          12    0.301236     0.32419  0.00748753
       0.775          13    0.317292     0.32366  0.00693034
       0.775          14     0.31256    0.322867  0.00648051
       0.775          15     0.30216    0.321486  0.00619376
       0.775          16    0.298278    0.320036  0.00597409
       0.775          17    0.396068    0.324508  0.00710217
       0.775          18     0.32951    0.324786  0.00671304
       0.775          19    0.364356    0.326869  0.00667496
       0.775          20    0.280628    0.324557  0.00672973
         0.8           1    0.311978    0.311978           0
         0.8           2    0.277542     0.29476    0.012175
         0.8           3    0.327286    0.305602   0.0120102
         0.8           4    0.241048    0.289464   0.0166276
         0.8           5    0.322116    0.295994    0.014528
         0.8           6    0.305696    0.297611   0.0121963
         0.8           7    0.257938    0.291943    0.011697
         0.8           8    0.310728    0.294292   0.0104679
         0.8           9    0.287884     0.29358  0.00932894
         0.8          10    0.311036    0.295325  0.00855781
         0.8          11    0.286674    0.294539  0.00781588
         0.8          12    0.299466    0.294949  0.00717534
         0.8          13    0.311866    0.296251  0.00674035
         0.8          14    0.307666    0.297066  0.00630803
         0.8          15     0.25451    0.294229  0.00649422
         0.8          16    0.276642     0.29313  0.00618065
         0.8          17    0.274028    0.292006  0.00591834
         0.8          18    0.313344    0.293192  0.00570703
         0.8          19     0.29571    0.293324   0.0054082
         0.8          20    0.309904    0.294153  0.00520094
       0.825           1    0.285648    0.285648           0
       0.825           2    0.312132     0.29889  0.00936351
       0.825           3    0.227758    0.275179   0.0203412
       0.825           4    0.296224    0.280441   0.0159217
       0.825           5     0.24738    0.273828   0.0140434
       0.825           6    0.283922    0.275511   0.0118032
       0.825           7      0.2175    0.267223   0.0126973
       0.825           8    0.247766    0.264791   0.0113407
       0.825           9    0.255384    0.263746   0.0101286
       0.825          10    0.252016    0.262573  0.00918346
       0.825          11    0.274864     0.26369   0.0084163
       0.825          12     0.28821    0.265734  0.00795911
       0.825          13    0.263264    0.265544  0.00734914
       0.825          14    0.257168    0.264945  0.00684851
       0.825          15    0.278246    0.265832  0.00644909
       0.825          16    0.300792    0.268017  0.00640548
       0.825          17    0.309686    0.270468  0.00648071
       0.825          18    0.247974    0.269219  0.00623999
       0.825          19    0.320442    0.271915   0.0064678
       0.825          20    0.284956    0.272567  0.00617719
        0.85           1    0.180454    0.180454           0
        0.85           2     0.25801    0.219232   0.0274202
        0.85           3     0.21546    0.217975   0.0183089
        0.85           4    0.233992    0.221979   0.0141628
        0.85           5    0.229846    0.223552   0.0114173
        0.85           6    0.228534    0.224383  0.00954457
        0.85           7    0.245042    0.227334   0.0086253
        0.85           8    0.221738    0.226635  0.00757545
        0.85           9    0.283374    0.232939  0.00898178
        0.85          10     0.21215     0.23086  0.00832071
        0.85          11    0.255476    0.233098  0.00785945
        0.85          12    0.235488    0.233297  0.00720702
        0.85          13    0.210074    0.231511  0.00687046
        0.85          14    0.242508    0.232296  0.00642446
        0.85          15    0.232054     0.23228  0.00599618
        0.85          16    0.213294    0.231093  0.00573764
        0.85          17    0.247838    0.232078  0.00548402
        0.85          18     0.24156    0.232605  0.00520459
        0.85          19    0.287314    0.235485  0.00567152
        0.85          20    0.253424    0.236382  0.00545841
       0.875           1     0.20588     0.20588           0
       0.875           2    0.233378    0.219629  0.00972201
       0.875           3    0.208766    0.216008  0.00712382
       0.875           4    0.172314    0.205085   0.0108645
       0.875           5    0.243074    0.212682    0.011033
       0.875           6    0.230298    0.215618  0.00957683
       0.875           7    0.211478    0.215027  0.00822696
       0.875           8     0.20198    0.213396  0.00735846
       0.875           9    0.262896    0.218896  0.00834695
       0.875          10    0.235698    0.220576  0.00767951
       0.875          11    0.225156    0.220993  0.00699265
       0.875          12    0.234338    0.222105  0.00649776
       0.875          13    0.248314    0.224121  0.00630295
       0.875          14    0.245576    0.225653  0.00603618
       0.875          15    0.175874    0.222335  0.00648215
       0.875          16    0.160296    0.218457  0.00714317
       0.875          17     0.22727    0.218976  0.00674177
       0.875          18    0.253612      0.2209  0.00663616
       0.875          19    0.179306    0.218711  0.00663815
       0.875          20     0.23708    0.219629  0.00636947
         0.9           1    0.213586    0.213586           0
         0.9           2    0.216616    0.215101  0.00107127
         0.9           3    0.207612    0.212605  0.00215975
         0.9           4    0.230312    0.217032   0.0041619
         0.9           5    0.205252    0.214676  0.00394029
         0.9           6    0.233724     0.21785  0.00437961
         0.9           7      0.2031    0.215743  0.00423061
         0.9           8    0.149614    0.207477   0.0085727
         0.9           9    0.190838    0.205628  0.00781699
         0.9          10    0.230356    0.208101   0.0074161
         0.9          11    0.239684    0.210972  0.00727651
         0.9          12    0.197968    0.209889  0.00675034
         0.9          13    0.232702    0.211643  0.00645517
         0.9          14    0.234538    0.213279  0.00619777
         0.9          15     0.21807    0.213598  0.00579281
         0.9          16     0.18133    0.211581  0.00577116
         0.9          17    0.185498    0.210047  0.00563194
         0.9          18     0.18513    0.208663  0.00548654
         0.9          19    0.193142    0.207846  0.00525823
         0.9          20     0.20297    0.207602  0.00500097
       0.925           1    0.205196    0.205196           0
       0.925           2    0.204604      0.2049 0.000209304
       0.925           3    0.169898    0.193233  0.00952736
       0.925           4    0.181132    0.190208  0.00761066
       0.925           5    0.175816    0.187329  0.00661044
       0.925           6     0.18839    0.187506  0.00551106
       0.925           7     0.18922    0.187751   0.0047292
       0.925           8    0.208292    0.190319  0.00478458
       0.925           9    0.111258    0.181534  0.00931026
       0.925          10    0.198992     0.18328  0.00854135
       0.925          11    0.215704    0.186227  0.00825783
       0.925          12    0.160706    0.184101  0.00783877
       0.925          13     0.18432    0.184118  0.00723581
       0.925          14    0.182668    0.184014  0.00671971
       0.925          15     0.17482    0.183401  0.00629962
       0.925          16    0.174076    0.182818  0.00593279
       0.925          17    0.180648    0.182691  0.00558518
       0.925          18      0.2102    0.184219     0.00548
       0.925          19    0.188502    0.184444  0.00519621
       0.925          20    0.124016    0.181423  0.00574809
        0.95           1    0.169642    0.169642           0
        0.95           2    0.171262    0.170452 0.000572756
        0.95           3    0.185006    0.175303  0.00397946
        0.95           4    0.195482    0.180348  0.00529096
        0.95           5    0.164116    0.177102    0.005133
        0.95           6    0.168414    0.175654  0.00447706
        0.95           7    0.181024    0.176421  0.00390266
        0.95           8     0.17931    0.176782   0.0034315
        0.95           9    0.176462    0.176746   0.0030504
        0.95          10     0.16409    0.175481  0.00299645
        0.95          11    0.153754    0.173506  0.00331165
        0.95          12    0.166738    0.172942  0.00308332
        0.95          13    0.149176    0.171114  0.00334448
        0.95          14    0.170096    0.171041  0.00310637
        0.95          15     0.14546    0.169335  0.00333471
        0.95          16     0.15057    0.168163  0.00332615
        0.95          17    0.160706    0.167724  0.00315929
        0.95          18    0.177146    0.168247  0.00302682
        0.95          19    0.155628    0.167583  0.00293948
        0.95          20     0.13844    0.166126  0.00313293
       0.975           1    0.165212    0.165212           0
       0.975           2      0.1935    0.179356   0.0100013
       0.975           3    0.166492    0.175068  0.00753088
       0.975           4    0.160332    0.171384  0.00648696
       0.975           5    0.162282    0.169564  0.00543899
       0.975           6      0.1596    0.167903  0.00477928
       0.975           7    0.154672    0.166013  0.00445464
       0.975           8    0.149008    0.163887  0.00437565
       0.975           9    0.153596    0.162744  0.00403611
       0.975          10     0.14371     0.16084  0.00405655
       0.975          11    0.156204    0.160419  0.00370961
       0.975          12    0.158114    0.160227  0.00340544
       0.975          13     0.16608    0.160677  0.00317311
       0.975          14    0.167178    0.161141  0.00298024
       0.975          15     0.13784    0.159588  0.00316059
       0.975          16    0.133636    0.157966  0.00335353
       0.975          17    0.156988    0.157908  0.00315675
       0.975          18    0.176192    0.158924  0.00314055
       0.975          19    0.157294    0.158838  0.00297643
       0.975          20    0.158484    0.158821  0.00282766
           1           1    0.119782    0.119782           0
           1           2    0.138638     0.12921   0.0066666
           1           3    0.139862    0.132761  0.00530637
           1           4     0.14825    0.136633  0.00520431
           1           5    0.148002    0.138907  0.00463362
           1           6    0.126494    0.136838  0.00429845
           1           7    0.149414    0.138635  0.00404243
           1           8    0.143874    0.139289  0.00358979
           1           9    0.126448    0.137863  0.00346289
           1          10    0.126716    0.136748  0.00329112
           1          11    0.160996    0.138952  0.00365638
           1          12    0.145138    0.139468  0.00338782
           1          13    0.143382    0.139769  0.00314057
           1          14    0.128214    0.138944  0.00302275
           1          15    0.155988     0.14008  0.00302728
           1          16    0.157868    0.141192  0.00303537
           1          17    0.126772    0.140343  0.00297297
           1          18    0.153054     0.14105  0.00289045
           1          19    0.142154    0.141108   0.0027389
           1          20    0.157384    0.141922  0.00272018
       1.025           1     0.13068     0.13068           0
       1.025           2    0.126562    0.128621  0.00145593
       1.025           3    0.153536    0.136926  0.00685012
       1.025           4    0.134464     0.13631  0.00516517
       1.025           5    0.144796    0.138008  0.00440212
       1.025           6    0.121204    0.135207  0.00447141
       1.025           7    0.137288    0.135504  0.00384251
       1.025           8     0.11336    0.132736  0.00424366
       1.025           9    0.117204     0.13101   0.0041081
       1.025          10    0.145492    0.132459  0.00394429
       1.025          11    0.136772    0.132851  0.00360516
       1.025          12    0.135952    0.133109  0.00331398
       1.025          13     0.10749    0.131138   0.0035976
       1.025          14    0.139436    0.131731   0.0033891
       1.025          15      0.1323    0.131769  0.00316337
       1.025          16    0.126132    0.131417  0.00298522
       1.025          17    0.110538    0.130189  0.00305182
       1.025          18    0.142494    0.130872  0.00295785
       1.025          19    0.136502    0.131169  0.00281698
       1.025          20    0.108264    0.130023  0.00289959
        1.05           1     0.14967     0.14967           0
        1.05           2    0.112386    0.131028   0.0131819
        1.05           3    0.129396    0.130484  0.00879914
        1.05           4    0.123834    0.128821  0.00675459
        1.05           5    0.103644    0.123786  0.00703453
        1.05           6    0.134134    0.125511  0.00606985
        1.05           7    0.104626    0.122527  0.00589051
        1.05           8    0.129344    0.123379  0.00521547
        1.05           9    0.101174    0.120912  0.00518683
        1.05          10    0.130856    0.121906  0.00476251
        1.05          11     0.10538    0.120404  0.00456038
        1.05          12      0.1325    0.121412   0.0042903
        1.05          13    0.139728    0.122821  0.00418523
        1.05          14    0.139156    0.123988  0.00404566
        1.05          15    0.143942    0.125318  0.00398867
        1.05          16    0.131534    0.125706  0.00375825
        1.05          17    0.134622    0.126231  0.00357358
        1.05          18    0.128252    0.126343  0.00337681
        1.05          19    0.142946    0.127217  0.00331022
        1.05          20    0.133838    0.127548  0.00316122
       1.075           1     0.12288     0.12288           0
       1.075           2    0.132274    0.127577  0.00332128
       1.075           3     0.11247    0.122541  0.00466989
       1.075           4    0.116054     0.12092  0.00377355
       1.075           5    0.121024     0.12094   0.0030189
       1.075           6    0.094778     0.11658  0.00470885
       1.075           7    0.143858    0.120477  0.00541356
       1.075           8    0.136356    0.122462  0.00508776
       1.075           9     0.13139    0.123454  0.00461815
       1.075          10     0.12983    0.124091  0.00420012
       1.075          11    0.125882    0.124254  0.00382145
       1.075          12    0.120044    0.123903  0.00351906
       1.075          13    0.101728    0.122198  0.00363838
       1.075          14    0.126612    0.122513  0.00339213
       1.075          15    0.115068    0.122017  0.00320209
       1.075          16     0.11887     0.12182  0.00300799
       1.075          17    0.153322    0.123673  0.00335361
       1.075          18     0.14359    0.124779  0.00334487
       1.075          19    0.126886     0.12489  0.00317066
       1.075          20    0.148264    0.126059  0.00322031
         1.1           1    0.111308    0.111308           0
         1.1           2     0.12324    0.117274   0.0042186
         1.1           3     0.10899    0.114513  0.00360457
         1.1           4    0.107186    0.112681  0.00313445
         1.1           5    0.098754    0.109896  0.00353477
         1.1           6    0.099908    0.108231   0.0033145
         1.1           7    0.107008    0.108056   0.0028456
         1.1           8    0.117386    0.109222  0.00271839
         1.1           9    0.098034    0.107979  0.00268561
         1.1          10     0.13657    0.110838  0.00363303
         1.1          11      0.1305    0.112626  0.00371654
         1.1          12    0.116708    0.112966  0.00342236
         1.1          13    0.094962    0.111581  0.00342788
         1.1          14    0.103292    0.110989  0.00323376
         1.1          15    0.111116    0.110997  0.00301819
         1.1          16    0.115766    0.111295  0.00284423
         1.1          17    0.096884    0.110448  0.00280041
         1.1          18    0.125918    0.111307  0.00277358
         1.1          19    0.121674    0.111853  0.00268073
         1.1          20     0.09734    0.111127  0.00264309
       1.125           1    0.089956    0.089956           0
       1.125           2    0.105128    0.097542  0.00536411
       1.125           3    0.108288    0.101124  0.00461975
       1.125           4    0.114136    0.104377  0.00446559
       1.125           5    0.108642     0.10523  0.00365303
       1.125           6     0.10434    0.105082   0.0030472
       1.125           7    0.109516    0.105715  0.00267692
       1.125           8     0.10662    0.105828   0.0023447
       1.125           9     0.10433    0.105662  0.00209008
       1.125          10    0.108458    0.105941  0.00189968
       1.125          11    0.093536    0.104814  0.00203438
       1.125          12    0.093922    0.103906  0.00205738
       1.125          13    0.103906    0.103906  0.00189912
       1.125          14    0.112462    0.104517   0.0018592
       1.125          15    0.105084    0.104555  0.00173564
       1.125          16    0.085626    0.103372  0.00198993
       1.125          17    0.106972    0.103584  0.00188411
       1.125          18    0.106904    0.103768  0.00178844
       1.125          19    0.101658    0.103657  0.00169776
       1.125          20    0.092008    0.103075  0.00170986
        1.15           1    0.098822    0.098822           0
        1.15           2    0.112752    0.105787    0.004925
        1.15           3    0.100476    0.104017  0.00358743
        1.15           4    0.096446    0.102124  0.00315053
        1.15           5    0.098664    0.101432  0.00259531
        1.15           6    0.096154    0.100552  0.00230702
        1.15           7    0.116458    0.102825  0.00288718
        1.15           8    0.078732    0.099813  0.00378391
        1.15           9    0.124128    0.102515  0.00421912
        1.15          10    0.091934    0.101457  0.00392764
        1.15          11    0.117736    0.102937  0.00383929
        1.15          12     0.09944    0.102645  0.00353039
        1.15          13    0.099056    0.102369   0.0032696
        1.15          14    0.101342    0.102296  0.00303688
        1.15          15    0.086058    0.101213   0.0030212
        1.15          16    0.090828    0.100564  0.00290126
        1.15          17    0.096114    0.100302  0.00274238
        1.15          18    0.091932   0.0998373  0.00262916
        1.15          19    0.086948   0.0991589  0.00257682
        1.15          20    0.110248   0.0997134  0.00250692
       1.175           1    0.085354    0.085354           0
       1.175           2    0.090854    0.088104  0.00194454
       1.175           3    0.096776   0.0909947   0.0026928
       1.175           4    0.081098   0.0885205  0.00294447
       1.175           5     0.10097   0.0910104  0.00324167
       1.175           6    0.122174   0.0962043  0.00545695
       1.175           7    0.093152   0.0957683  0.00469478
       1.175           8    0.100274   0.0963315  0.00414157
       1.175           9    0.097818   0.0964967  0.00368469
       1.175          10    0.109814   0.0978284  0.00354873
       1.175          11     0.09847   0.0978867   0.0032266
       1.175          12    0.114242   0.0992497  0.00323278
       1.175          13    0.080166   0.0977817  0.00330062
       1.175          14    0.080988   0.0965821  0.00327559
       1.175          15    0.088866   0.0960677  0.00309735
       1.175          16    0.111606   0.0970389  0.00305221
       1.175          17    0.104432   0.0974738  0.00290349
       1.175          18    0.085534   0.0968104  0.00281694
       1.175          19    0.087672   0.0963295  0.00270943
       1.175          20     0.08105   0.0955655   0.0026795
         1.2           1    0.091496    0.091496           0
         1.2           2    0.090228    0.090862 0.000448306
         1.2           3    0.104828   0.0955173   0.0038128
         1.2           4    0.083208     0.09244  0.00390894
         1.2           5     0.09289     0.09253  0.00312818
         1.2           6    0.067576    0.088371  0.00460542
         1.2           7     0.10269   0.0904166  0.00437829
         1.2           8     0.08598    0.089862  0.00386596
         1.2           9    0.091146   0.0900047  0.00343904
         1.2          10    0.102398    0.091244  0.00331093
         1.2          11    0.096706   0.0917405  0.00304694
         1.2          12    0.086758   0.0913253  0.00282118
         1.2          13    0.077852   0.0902889  0.00278804
         1.2          14    0.064096    0.088418  0.00315479
         1.2          15    0.086696   0.0883032  0.00294656
         1.2          16    0.085092   0.0881025  0.00276923
         1.2          17    0.080674   0.0876655  0.00264058
         1.2          18    0.076016   0.0870183  0.00257197
         1.2          19    0.074748   0.0863725  0.00251638
         1.2          20    0.091614   0.0866346  0.00240417
       1.225           1    0.077716    0.077716           0
       1.225           2    0.089792    0.083754  0.00426951
       1.225           3    0.090118   0.0858753  0.00333192
       1.225           4    0.077708   0.0838335  0.00306129
       1.225           5      0.0892   0.0849068  0.00263047
       1.225           6    0.080192    0.084121  0.00230644
       1.225           7    0.087152    0.084554  0.00201718
       1.225           8     0.07913    0.083876  0.00187552
       1.225           9     0.07608   0.0830098  0.00185642
       1.225          10    0.081468   0.0828556  0.00167717
       1.225          11    0.104384   0.0848127  0.00240974
       1.225          12     0.07016   0.0835917  0.00249922
       1.225          13      0.0888   0.0839923  0.00233886
       1.225          14    0.082198   0.0838641  0.00217531
       1.225          15    0.081916   0.0837343  0.00203416
       1.225          16    0.078812   0.0834266  0.00193015
       1.225          17    0.074872   0.0829234  0.00188107
       1.225          18      0.0858   0.0830832  0.00178334
       1.225          19    0.072538   0.0825282  0.00177374
       1.225          20    0.087696   0.0827866  0.00170377
        1.25           1    0.086644    0.086644           0
        1.25           2    0.072608    0.079626  0.00496248
        1.25           3    0.085626    0.081626  0.00368939
        1.25           4    0.065456   0.0775835  0.00446239
        1.25           5    0.072214   0.0765096  0.00369687
        1.25           6    0.078618    0.076861  0.00309738
        1.25           7    0.077534   0.0769571  0.00265639
        1.25           8     0.08142    0.077515   0.0023822
        1.25           9    0.075282   0.0772669  0.00213039
        1.25          10    0.090796   0.0786198  0.00230729
        1.25          11    0.075718    0.078356  0.00211256
        1.25          12     0.07879   0.0783922  0.00193682
        1.25          13    0.081174   0.0786062  0.00179962
        1.25          14     0.08716   0.0792171  0.00177176
        1.25          15    0.071492   0.0787021  0.00172687
        1.25          16    0.080628   0.0788225  0.00162313
        1.25          17     0.06558   0.0780435  0.00170436
        1.25          18    0.069194   0.0775519  0.00167908
        1.25          19    0.078534   0.0776036   0.0015915
        1.25          20    0.088084   0.0781276  0.00159587
       1.275           1     0.07404     0.07404           0
       1.275           2    0.091004    0.082522  0.00599768
       1.275           3    0.091758   0.0856007  0.00472297
       1.275           4     0.07584   0.0831605   0.0041247
       1.275           5    0.077836   0.0820956  0.00343448
       1.275           6    0.090656   0.0835223  0.00314447
       1.275           7    0.092544   0.0848111  0.00294757
       1.275           8    0.067866    0.082693  0.00325232
       1.275           9     0.09586    0.084156  0.00320315
       1.275          10      0.0619   0.0819304  0.00357333
       1.275          11    0.072764   0.0810971  0.00334424
       1.275          12    0.083656   0.0813103  0.00307234
       1.275          13    0.092116   0.0821415   0.0029463
       1.275          14    0.077952   0.0818423  0.00275101
       1.275          15    0.078004   0.0815864  0.00257948
       1.275          16    0.084958   0.0817971  0.00242685
       1.275          17    0.085096   0.0819912  0.00229184
       1.275          18    0.079026   0.0818264  0.00217043
       1.275          19    0.093752   0.0824541  0.00214503
       1.275          20    0.072744   0.0819686  0.00209201
         1.3           1    0.069658    0.069658           0
         1.3           2     0.08651    0.078084  0.00595808
         1.3           3    0.081684    0.079284  0.00409111
         1.3           4    0.078864    0.079179  0.00306968
         1.3           5    0.086606   0.0806644   0.0027921
         1.3           6    0.083232   0.0810923  0.00235932
         1.3           7     0.08224   0.0812563  0.00202796
         1.3           8    0.084562   0.0816695  0.00181607
         1.3           9    0.082682    0.081782  0.00161777
         1.3          10    0.072352    0.080839  0.00170887
         1.3          11    0.065334   0.0794295  0.00205417
         1.3          12    0.072534   0.0788548  0.00196171
         1.3          13     0.09507   0.0801022  0.00217145
         1.3          14    0.067038    0.079169  0.00220776
         1.3          15     0.07588   0.0789497  0.00207144
         1.3          16     0.06651   0.0781722  0.00208278
         1.3          17    0.076596   0.0780795  0.00196232
         1.3          18    0.077668   0.0780567  0.00185344
         1.3          19    0.072374   0.0777576  0.00177986
         1.3          20    0.071086    0.077424  0.00172184
       1.325           1     0.06662     0.06662           0
       1.325           2    0.056856    0.061738   0.0034521
       1.325           3     0.06862    0.064032  0.00296727
       1.325           4    0.077048    0.067286  0.00359083
       1.325           5      0.0664   0.0671088  0.00287703
       1.325           6    0.077394    0.068823  0.00286302
       1.325           7    0.073046   0.0694263  0.00251677
       1.325           8    0.087714   0.0717123  0.00306953
       1.325           9    0.072634   0.0718147  0.00273018
       1.325          10    0.073334   0.0719666  0.00246138
       1.325          11    0.071716   0.0719438  0.00223773
       1.325          12    0.080524   0.0726588  0.00216247
       1.325          13    0.069598   0.0724234   0.0020089
       1.325          14     0.06519   0.0719067  0.00193071
       1.325          15    0.074112   0.0720537  0.00180758
       1.325          16    0.057328   0.0711334  0.00191463
       1.325          17    0.068104   0.0709552  0.00181028
       1.325          18     0.07176   0.0709999  0.00171026
       1.325          19    0.053376   0.0700723  0.00185481
       1.325          20     0.05937   0.0695372  0.00183764
        1.35           1    0.055852    0.055852           0
        1.35           2    0.069724    0.062788  0.00490449
        1.35           3    0.068306   0.0646273  0.00359807
        1.35           4    0.070724   0.0661515  0.00300408
        1.35           5    0.049004    0.062722  0.00389678
        1.35           6    0.060326   0.0623227  0.00326771
        1.35           7     0.06905   0.0632837  0.00293882
        1.35           8    0.059976   0.0628703  0.00260039
        1.35           9    0.067356   0.0633687  0.00235874
        1.35          10     0.07202   0.0642338    0.002276
        1.35          11    0.062922   0.0641145  0.00207221
        1.35          12      0.0641   0.0641133  0.00189953
        1.35          13    0.072498   0.0647583  0.00185969
        1.35          14    0.066244   0.0648644  0.00172988
        1.35          15    0.055444   0.0642364  0.00172479
        1.35          16    0.066684   0.0643894  0.00162376
        1.35          17    0.070992   0.0647778  0.00157401
        1.35          18    0.055732   0.0642752  0.00156474
        1.35          19    0.074534   0.0648152  0.00157278
        1.35          20    0.069474   0.0650481  0.00151129
       1.375           1     0.06092     0.06092           0
       1.375           2    0.061682    0.061301 0.000269408
       1.375           3     0.07118    0.064594  0.00269472
       1.375           4     0.07108   0.0662155    0.002461
       1.375           5    0.061036   0.0651796  0.00217593
       1.375           6    0.069558   0.0659093  0.00193176
       1.375           7    0.052992    0.064064  0.00237917
       1.375           8    0.059096    0.063443   0.0021613
       1.375           9    0.075808   0.0648169  0.00231704
       1.375          10    0.076232   0.0659584  0.00234976
       1.375          11    0.076026   0.0668736  0.00230752
       1.375          12    0.065288   0.0667415    0.002119
       1.375          13     0.06948   0.0669522  0.00196645
       1.375          14    0.065588   0.0668547   0.0018284
       1.375          15    0.065122   0.0667392  0.00171015
       1.375          16     0.06501   0.0666311  0.00160668
       1.375          17    0.066232   0.0666076  0.00151234
       1.375          18    0.067338   0.0666482  0.00142886
       1.375          19    0.055284   0.0660501  0.00147354
       1.375          20     0.06446   0.0659706    0.001402
         1.4           1    0.060352    0.060352           0
         1.4           2    0.055776    0.058064  0.00161786
         1.4           3     0.06175   0.0592927    0.001473
         1.4           4    0.063136   0.0602535  0.00138307
         1.4           5     0.05689   0.0595808  0.00125947
         1.4           6    0.060896      0.0598  0.00106846
         1.4           7    0.053278   0.0588683   0.0012581
         1.4           8    0.075712   0.0609738  0.00225626
         1.4           9    0.070428   0.0620242  0.00223677
         1.4          10      0.0604   0.0618618  0.00201899
         1.4          11    0.064382   0.0620909   0.0018484
         1.4          12    0.061582   0.0620485  0.00169485
         1.4          13     0.05407   0.0614348  0.00167191
         1.4          14    0.057436   0.0611491   0.0015767
         1.4          15      0.0515   0.0605059  0.00159743
         1.4          16     0.05824   0.0603643  0.00150385
         1.4          17    0.060774   0.0603884  0.00141558
         1.4          18     0.05402   0.0600346  0.00138044
         1.4          19     0.06314    0.060198  0.00131743
         1.4          20    0.057624   0.0600693  0.00125783
       1.425           1    0.052762    0.052762           0
       1.425           2     0.04921    0.050986  0.00125582
       1.425           3     0.05806    0.053344  0.00209945
       1.425           4    0.059846   0.0549695  0.00211211
       1.425           5    0.066382    0.057252  0.00265008
       1.425           6    0.053148    0.056568  0.00229497
       1.425           7    0.064748   0.0577366    0.002245
       1.425           8    0.058192   0.0577935   0.0019651
       1.425           9     0.06412   0.0584964  0.00186826
       1.425          10     0.05486   0.0581328  0.00171646
       1.425          11    0.063196   0.0585931  0.00162096
       1.425          12    0.060706   0.0587692  0.00149541
       1.425          13    0.045522   0.0577502  0.00169232
       1.425          14    0.063422   0.0581553  0.00161921
       1.425          15     0.05946   0.0582423   0.0015136
       1.425          16    0.054492   0.0580079  0.00143703
       1.425          17    0.060138   0.0581332  0.00135795
       1.425          18    0.073168   0.0589684  0.00151781
       1.425          19    0.054076   0.0587109   0.0014596
       1.425          20    0.060898   0.0588203  0.00139071
        1.45           1    0.051262    0.051262           0
        1.45           2    0.060036    0.055649  0.00310208
        1.45           3    0.053466   0.0549213  0.00215171
        1.45           4     0.05498    0.054936  0.00161383
        1.45           5    0.052762   0.0545012  0.00134836
        1.45           6    0.041188   0.0522823  0.00231633
        1.45           7    0.049886     0.05194  0.00201056
        1.45           8    0.057286   0.0526083  0.00186699
        1.45           9    0.055116   0.0528869  0.00168021
        1.45          10    0.048976   0.0524958  0.00155704
        1.45          11    0.052082   0.0524582  0.00141595
        1.45          12      0.0538     0.05257  0.00130236
        1.45          13     0.05733   0.0529362  0.00125259
        1.45          14     0.06647   0.0539029  0.00149017
        1.45          15    0.055432   0.0540048  0.00139431
        1.45          16    0.058562   0.0542896  0.00133594
        1.45          17    0.047598    0.053896  0.00131407
        1.45          18    0.065424   0.0545364  0.00138839
        1.45          19     0.05035   0.0543161  0.00133268
        1.45          20    0.065992   0.0548999  0.00138804
       1.475           1    0.053152    0.053152           0
       1.475           2    0.046486    0.049819  0.00235679
       1.475           3    0.048768   0.0494687  0.00159702
       1.475           4     0.04447    0.048219  0.00161428
       1.475           5    0.047478   0.0480708  0.00129821
       1.475           6    0.054306     0.04911  0.00143886
       1.475           7    0.050114   0.0492534  0.00124044
       1.475           8    0.041286   0.0482575  0.00143037
       1.475           9    0.053582   0.0488491   0.0013884
       1.475          10    0.059738    0.049938  0.00162127
       1.475          11    0.052598   0.0501798  0.00149181
       1.475          12    0.053548   0.0504605  0.00139365
       1.475          13    0.051134   0.0505123   0.0012874
       1.475          14    0.054028   0.0507634  0.00121969
       1.475          15     0.05783   0.0512345  0.00122599
       1.475          16    0.051686   0.0512628  0.00114969
       1.475          17    0.048938    0.051126  0.00109016
       1.475          18    0.064902   0.0518913  0.00127015
       1.475          19    0.053648   0.0519838  0.00120666
       1.475          20    0.050082   0.0518887  0.00115006
         1.5           1    0.053794    0.053794           0
         1.5           2    0.042988    0.048391   0.0038205
         1.5           3    0.053294   0.0500253   0.0028754
         1.5           4    0.043372    0.048362   0.0025934
         1.5           5    0.033886   0.0454668  0.00331816
         1.5           6    0.050434   0.0462947  0.00286655
         1.5           7    0.050668   0.0469194  0.00252421
         1.5           8    0.054982   0.0479273  0.00240146
         1.5           9     0.04747   0.0478764  0.00213517
         1.5          10    0.055442    0.048633  0.00205131
         1.5          11    0.044812   0.0482856  0.00189401
         1.5          12     0.05573    0.048906  0.00183496
         1.5          13    0.050964   0.0490643  0.00170063
         1.5          14    0.055778   0.0495439  0.00164538
         1.5          15    0.056768   0.0500255  0.00160462
         1.5          16    0.049118   0.0499688  0.00150534
         1.5          17     0.05615   0.0503324  0.00146004
         1.5          18     0.05425     0.05055  0.00139506
         1.5          19    0.047848   0.0504078  0.00132886
         1.5          20    0.052092    0.050492  0.00126508
       1.525           1    0.040276    0.040276           0
       1.525           2    0.050812    0.045544  0.00372504
       1.525           3    0.063058    0.051382  0.00537481
       1.525           4    0.045736   0.0499705  0.00421237
       1.525           5    0.050282   0.0500328  0.00337036
       1.525           6     0.05716   0.0512207  0.00301069
       1.525           7    0.040856     0.04974  0.00292209
       1.525           8    0.055396    0.050447  0.00264098
       1.525           9     0.03864   0.0491351  0.00265344
       1.525          10    0.052006   0.0494222  0.00240358
       1.525          11    0.037362   0.0483258  0.00242225
       1.525          12    0.054682   0.0488555  0.00227758
       1.525          13    0.037174   0.0479569  0.00227273
       1.525          14     0.04878   0.0480157  0.00211116
       1.525          15     0.05119   0.0482273  0.00198099
       1.525          16    0.039538   0.0476843  0.00193019
       1.525          17     0.04151   0.0473211   0.0018505
       1.525          18    0.043648    0.047117  0.00175891
       1.525          19    0.050218   0.0472802  0.00167389
       1.525          20    0.045502   0.0471913  0.00159256
        1.55           1     0.05868     0.05868           0
        1.55           2    0.048686    0.053683  0.00353341
        1.55           3    0.053382   0.0535827  0.00235703
        1.55           4     0.04359   0.0510845  0.00279386
        1.55           5    0.046284   0.0501244  0.00239438
        1.55           6    0.043072    0.048949  0.00226552
        1.55           7    0.049654   0.0490497  0.00194411
        1.55           8    0.055138   0.0498108  0.00184405
        1.55           9     0.04774   0.0495807  0.00165345
        1.55          10    0.054762   0.0500988  0.00156718
        1.55          11     0.04296   0.0494498  0.00155328
        1.55          12    0.054076   0.0498353  0.00147091
        1.55          13    0.050486   0.0498854  0.00135861
        1.55          14     0.03482   0.0488093  0.00163304
        1.55          15     0.04292   0.0484167  0.00157066
        1.55          16    0.045088   0.0482086  0.00148621
        1.55          17    0.048234   0.0482101  0.00139879
        1.55          18    0.048112   0.0482047  0.00132109
        1.55          19    0.049774   0.0482873  0.00125413
        1.55          20      0.0487   0.0483079   0.0011916
       1.575           1    0.049146    0.049146           0
       1.575           2    0.048648    0.048897  0.00017607
       1.575           3     0.04116    0.046318  0.00210901
       1.575           4    0.044756   0.0459275  0.00161751
       1.575           5    0.037268   0.0441956  0.00201842
       1.575           6     0.05171    0.045448  0.00203378
       1.575           7    0.042736   0.0450606  0.00177976
       1.575           8    0.051684   0.0458885  0.00173924
       1.575           9    0.044544   0.0457391  0.00155239
       1.575          10    0.036044   0.0447696  0.00167272
       1.575          11    0.043006   0.0446093  0.00152832
       1.575          12    0.043694    0.044533  0.00140286
       1.575          13     0.04811   0.0448082  0.00132166
       1.575          14     0.03283   0.0439526  0.00147847
       1.575          15    0.058616   0.0449301  0.00167214
       1.575          16     0.03515   0.0443189  0.00167564
       1.575          17     0.04549   0.0443878  0.00157849
       1.575          18    0.051314   0.0447726  0.00153698
       1.575          19    0.046876   0.0448833  0.00146007
       1.575          20    0.050402   0.0451592   0.0014129
         1.6           1     0.03464     0.03464           0
         1.6           2     0.04143    0.038035  0.00240063
         1.6           3    0.041078   0.0390493  0.00180201
         1.6           4     0.03726    0.038602  0.00140594
         1.6           5     0.04572   0.0400256  0.00169893
         1.6           6    0.049022    0.041525  0.00196924
         1.6           7    0.042912   0.0417231  0.00169786
         1.6           8    0.043492   0.0419443  0.00149996
         1.6           9    0.041014   0.0418409  0.00133685
         1.6          10    0.047844   0.0424412  0.00133115
         1.6          11     0.04298   0.0424902  0.00121103
         1.6          12    0.048362   0.0429795  0.00120492
         1.6          13    0.049132   0.0434528  0.00120159
         1.6          14    0.035816   0.0429073  0.00123338
         1.6          15    0.039322   0.0426683  0.00117409
         1.6          16    0.050542   0.0431604  0.00119941
         1.6          17    0.048022   0.0434464  0.00116245
         1.6          18     0.03959   0.0432321  0.00111744
         1.6          19    0.050276   0.0436028  0.00111843
         1.6          20    0.038674   0.0433564  0.00108933
       1.625           1    0.051322    0.051322           0
       1.625           2    0.051222    0.051272 3.53553e-05
       1.625           3    0.043116   0.0485533  0.00221991
       1.625           4    0.034394   0.0450135  0.00348853
       1.625           5     0.05187   0.0463848  0.00304845
       1.625           6     0.05031    0.047039  0.00260963
       1.625           7     0.04168   0.0462734  0.00234643
       1.625           8    0.039652   0.0454458  0.00219426
       1.625           9     0.04886   0.0458251  0.00198297
       1.625          10    0.034816   0.0447242  0.00206782
       1.625          11    0.050314   0.0452324  0.00194127
       1.625          12     0.04822   0.0454813  0.00179539
       1.625          13    0.043946   0.0453632  0.00166117
       1.625          14     0.04167   0.0450994  0.00156332
       1.625          15    0.040598   0.0447993  0.00148762
       1.625          16    0.041652   0.0446026  0.00140759
       1.625          17    0.046502   0.0447144  0.00132922
       1.625          18    0.041116   0.0445144  0.00127031
       1.625          19    0.045568   0.0445699  0.00120467
       1.625          20       0.057   0.0451914  0.00129487
        1.65           1    0.036846    0.036846           0
        1.65           2    0.039768    0.038307  0.00103308
        1.65           3    0.046962    0.041192  0.00245421
        1.65           4    0.039088    0.040666  0.00189619
        1.65           5    0.043842   0.0413012  0.00161985
        1.65           6     0.04181    0.041386   0.0013521
        1.65           7    0.032004   0.0400457   0.0016979
        1.65           8     0.04064     0.04012  0.00148729
        1.65           9    0.040386   0.0401496  0.00132233
        1.65          10    0.041998   0.0403344  0.00120295
        1.65          11    0.041426   0.0404336  0.00109767
        1.65          12    0.038094   0.0402387  0.00102337
        1.65          13    0.039876   0.0402108 0.000945029
        1.65          14    0.037722    0.040033 0.000894091
        1.65          15    0.041592   0.0401369 0.000840504
        1.65          16    0.038304   0.0400224 0.000795741
        1.65          17    0.039518   0.0399927 0.000749486
        1.65          18    0.041946   0.0401012 0.000715661
        1.65          19    0.038866   0.0400362 0.000680941
        1.65          20     0.04718   0.0403934 0.000734627
       1.675           1    0.030788    0.030788           0
       1.675           2    0.030392     0.03059 0.000140007
       1.675           3     0.03707     0.03275   0.0017661
       1.675           4    0.037072   0.0338305  0.00162176
       1.675           5     0.03534   0.0341324  0.00132521
       1.675           6     0.03649   0.0345253  0.00116114
       1.675           7    0.027746   0.0335569  0.00133959
       1.675           8    0.036232   0.0338913  0.00121316
       1.675           9     0.03909   0.0344689  0.00120808
       1.675          10     0.03287    0.034309   0.0010978
       1.675          11    0.038362   0.0346775  0.00105803
       1.675          12    0.033582   0.0345862  0.00097379
       1.675          13     0.03967   0.0349772 0.000974247
       1.675          14    0.037338   0.0351459 0.000919136
       1.675          15    0.044558   0.0357733  0.00105043
       1.675          16     0.03705   0.0358531 0.000987803
       1.675          17    0.040386   0.0361198 0.000965014
       1.675          18    0.037326   0.0361868 0.000913726
       1.675          19    0.042382   0.0365128 0.000921979
       1.675          20    0.034932   0.0364338 0.000879262
         1.7           1    0.047826    0.047826           0
         1.7           2    0.034206    0.041016   0.0048154
         1.7           3    0.036518   0.0395167  0.00343576
         1.7           4    0.032422    0.037743  0.00299991
         1.7           5    0.037984   0.0377912  0.00240031
         1.7           6    0.043904     0.03881   0.0022059
         1.7           7     0.03991   0.0389671  0.00189636
         1.7           8    0.036168   0.0386173  0.00169129
         1.7           9     0.04046    0.038822  0.00151571
         1.7          10    0.041788   0.0391186  0.00139286
         1.7          11    0.038132   0.0390289  0.00126912
         1.7          12    0.043472   0.0393992  0.00121617
         1.7          13    0.039988   0.0394445  0.00112346
         1.7          14    0.032294   0.0389337  0.00115348
         1.7          15    0.042814   0.0391924  0.00110521
         1.7          16     0.03489   0.0389235  0.00106835
         1.7          17    0.031118   0.0384644  0.00109975
         1.7          18    0.043682   0.0387542  0.00107618
         1.7          19    0.038866   0.0387601  0.00101955
         1.7          20     0.03399   0.0385216 0.000996081
       1.725           1    0.035216    0.035216           0
       1.725           2     0.03634    0.035778 0.000397394
       1.725           3    0.045176   0.0389107   0.0025715
       1.725           4    0.026362   0.0357735  0.00333181
       1.725           5    0.036606     0.03594   0.0026696
       1.725           6    0.039672    0.036562  0.00229599
       1.725           7     0.03893   0.0369003  0.00199275
       1.725           8    0.035518   0.0367275  0.00175113
       1.725           9    0.032082   0.0362113  0.00163086
       1.725          10    0.039718    0.036562  0.00150501
       1.725          11    0.040374   0.0369085  0.00140752
       1.725          12    0.035388   0.0367818  0.00129592
       1.725          13    0.027818   0.0360923  0.00136742
       1.725          14    0.033278   0.0358913  0.00128444
       1.725          15    0.039076   0.0361036  0.00121623
       1.725          16    0.041772   0.0364579   0.0011907
       1.725          17    0.038768   0.0365938  0.00112838
       1.725          18      0.0347   0.0364886  0.00107059
       1.725          19    0.033192   0.0363151  0.00102821
       1.725          20    0.041176   0.0365581  0.00100511
        1.75           1    0.028304    0.028304           0
        1.75           2    0.035792    0.032048  0.00264741
        1.75           3    0.027408   0.0305013  0.00217021
        1.75           4    0.032328    0.030958  0.00167501
        1.75           5    0.031032   0.0309728  0.00134008
        1.75           6    0.042162   0.0328377  0.00203597
        1.75           7    0.033776   0.0329717  0.00174953
        1.75           8    0.037814    0.033577  0.00163219
        1.75           9     0.03169   0.0333673  0.00146424
        1.75          10    0.040928   0.0341234  0.00150037
        1.75          11    0.030754   0.0338171  0.00139489
        1.75          12    0.045294   0.0347735  0.00157272
        1.75          13    0.023028     0.03387  0.00169147
        1.75          14    0.036886   0.0340854  0.00158431
        1.75          15    0.038244   0.0343627  0.00150275
        1.75          16    0.031478   0.0341824   0.0014196
        1.75          17    0.041172   0.0345935  0.00139436
        1.75          18    0.036594   0.0347047  0.00132132
        1.75          19    0.036018   0.0347738  0.00125358
        1.75          20    0.030052   0.0345377  0.00121293
       1.775           1    0.035384    0.035384           0
       1.775           2    0.034634    0.035009 0.000265165
       1.775           3    0.038128   0.0360487 0.000867095
       1.775           4    0.035598    0.035936 0.000657601
       1.775           5    0.032654   0.0352796 0.000788321
       1.775           6    0.040232    0.036105  0.00099965
       1.775           7    0.036952    0.036226 0.000864135
       1.775           8     0.03624   0.0362278  0.00075612
       1.775           9    0.028188   0.0353344  0.00107752
       1.775          10     0.03188    0.034989  0.00102365
       1.775          11    0.036992   0.0351711 0.000946645
       1.775          12    0.036538    0.035285 0.000874585
       1.775          13    0.034628   0.0352345 0.000808768
       1.775          14    0.037162   0.0353721 0.000762628
       1.775          15    0.027782   0.0348661  0.00086349
       1.775          16    0.039116   0.0351318 0.000849393
       1.775          17    0.036026   0.0351844 0.000801056
       1.775          18     0.04045   0.0354769 0.000808205
       1.775          19    0.039972   0.0357135 0.000799546
       1.775          20    0.037242   0.0357899 0.000763213
         1.8           1     0.02576     0.02576           0
         1.8           2    0.029054    0.027407   0.0011646
         1.8           3    0.032848   0.0292207  0.00167204
         1.8           4    0.033286    0.030237  0.00153209
         1.8           5    0.035124   0.0312144   0.0015055
         1.8           6    0.029982    0.031009  0.00126851
         1.8           7    0.039634   0.0322411  0.00157592
         1.8           8     0.03262   0.0322885  0.00137964
         1.8           9    0.017976   0.0306982  0.00193698
         1.8          10     0.03508   0.0311364  0.00179216
         1.8          11    0.033886   0.0313864  0.00164658
         1.8          12    0.040604   0.0321545    0.001679
         1.8          13    0.035378   0.0324025  0.00156805
         1.8          14    0.038762   0.0328567  0.00152042
         1.8          15    0.037558   0.0331701    0.001451
         1.8          16     0.03239   0.0331214  0.00136113
         1.8          17    0.029874   0.0329304   0.0012944
         1.8          18    0.033364   0.0329544  0.00122271
         1.8          19    0.029056   0.0327493  0.00117545
         1.8          20    0.032954   0.0327595  0.00111672
       1.825           1    0.037284    0.037284           0
       1.825           2    0.036886    0.037085 0.000140714
       1.825           3     0.03565   0.0366067 0.000401666
       1.825           4    0.037126   0.0367365 0.000321549
       1.825           5    0.026714    0.034732  0.00181124
       1.825           6    0.034502   0.0346937  0.00150977
       1.825           7      0.0344   0.0346517  0.00129467
       1.825           8    0.027092   0.0337068  0.00143689
       1.825           9    0.037876     0.03417  0.00134985
       1.825          10    0.030984   0.0338514   0.0012519
       1.825          11    0.041528   0.0345493  0.00131833
       1.825          12     0.03091    0.034246  0.00124286
       1.825          13    0.038324   0.0345597  0.00118619
       1.825          14    0.028552   0.0341306  0.00117652
       1.825          15      0.0358   0.0342419  0.00110334
       1.825          16    0.028564    0.033887  0.00108995
       1.825          17     0.03037   0.0336801  0.00104529
       1.825          18    0.032276   0.0336021 0.000990124
       1.825          19     0.03214   0.0335252 0.000940998
       1.825          20    0.037088   0.0337033 0.000910654
        1.85           1    0.039082    0.039082           0
        1.85           2    0.036566    0.037824  0.00088954
        1.85           3     0.02949    0.035046  0.00234447
        1.85           4      0.0418   0.0367345  0.00228694
        1.85           5    0.035362     0.03646  0.00184595
        1.85           6    0.035464    0.036294  0.00154574
        1.85           7    0.026314   0.0348683  0.00187021
        1.85           8     0.02967   0.0342185  0.00174567
        1.85           9    0.034104   0.0342058  0.00155175
        1.85          10    0.038374   0.0346226  0.00145148
        1.85          11    0.032682   0.0344462  0.00133021
        1.85          12    0.031826   0.0342278  0.00123715
        1.85          13    0.030126   0.0339123  0.00118153
        1.85          14    0.038376   0.0342311  0.00113934
        1.85          15    0.028664     0.03386  0.00112221
        1.85          16    0.032028   0.0337455   0.0010579
        1.85          17      0.0263   0.0333075  0.00108254
        1.85          18    0.032856   0.0332824  0.00102269
        1.85          19    0.034024   0.0333215 0.000969607
        1.85          20    0.040878   0.0336993 0.000992013
       1.875           1    0.036956    0.036956           0
       1.875           2    0.036576    0.036766  0.00013435
       1.875           3    0.029124   0.0342187  0.00208182
       1.875           4     0.02989   0.0331365  0.00182103
       1.875           5    0.024596   0.0314284  0.00211103
       1.875           6    0.037066    0.032368  0.00195715
       1.875           7    0.034766   0.0327106  0.00170728
       1.875           8    0.031198   0.0325215   0.0015043
       1.875           9    0.034398     0.03273  0.00135153
       1.875          10     0.03095    0.032552  0.00122804
       1.875          11    0.030246   0.0323424  0.00113415
       1.875          12    0.029766   0.0321277  0.00105977
       1.875          13    0.028952   0.0318834  0.00100601
       1.875          14    0.025182   0.0314047  0.00104182
       1.875          15    0.028404   0.0312047 0.000991388
       1.875          16    0.030218    0.031143 0.000931342
       1.875          17     0.03208   0.0311981 0.000878187
       1.875          18     0.04143   0.0317666  0.00099653
       1.875          19    0.031912   0.0317742 0.000944111
       1.875          20     0.02891    0.031631 0.000907702
         1.9           1     0.03541     0.03541           0
         1.9           2     0.02559      0.0305  0.00347189
         1.9           3      0.0279   0.0296333  0.00242035
         1.9           4    0.027626   0.0291315  0.00186656
         1.9           5    0.028044    0.028914  0.00150587
         1.9           6     0.03486    0.029905  0.00154698
         1.9           7    0.025936    0.029338  0.00142611
         1.9           8     0.02526   0.0288283  0.00133585
         1.9           9     0.02976   0.0289318  0.00119143
         1.9          10    0.030702   0.0291088  0.00108535
         1.9          11    0.033954   0.0295493  0.00107235
         1.9          12    0.028812   0.0294878 0.000984743
         1.9          13    0.033736   0.0298146 0.000961686
         1.9          14    0.032948   0.0300384 0.000918669
         1.9          15    0.027992    0.029902 0.000867496
         1.9          16    0.034966   0.0302185 0.000869098
         1.9          17    0.016994   0.0294406  0.00111294
         1.9          18    0.022684   0.0290652  0.00111261
         1.9          19    0.032428   0.0292422  0.00106804
         1.9          20     0.02779   0.0291696   0.0010171
       1.925           1    0.025188    0.025188           0
       1.925           2    0.031254    0.028221  0.00214465
       1.925           3    0.028778   0.0284067  0.00143778
       1.925           4    0.026322   0.0278855  0.00116898
       1.925           5    0.032514   0.0288112  0.00124904
       1.925           6    0.029068    0.028854   0.0010416
       1.925           7    0.024854   0.0282826  0.00103778
       1.925           8    0.030174    0.028519 0.000934598
       1.925           9    0.026588   0.0283044 0.000855027
       1.925          10    0.030122   0.0284862 0.000788606
       1.925          11    0.037596   0.0293144  0.00106652
       1.925          12    0.029878   0.0293613  0.00097868
       1.925          13    0.031206   0.0295032 0.000913626
       1.925          14     0.03097    0.029608 0.000854353
       1.925          15    0.025926   0.0293625 0.000831912
       1.925          16     0.02985    0.029393 0.000780475
       1.925          17    0.032166   0.0295561 0.000751417
       1.925          18    0.028082   0.0294742  0.00071412
       1.925          19    0.031192   0.0295646 0.000682234
       1.925          20    0.029364   0.0295546 0.000648196
        1.95           1    0.039044    0.039044           0
        1.95           2    0.022382    0.030713  0.00589091
        1.95           3    0.030936   0.0307873  0.00392774
        1.95           4    0.025814    0.029544  0.00313643
        1.95           5    0.023012   0.0282376  0.00276788
        1.95           6    0.028392   0.0282633  0.00230668
        1.95           7    0.023906   0.0276409  0.00205943
        1.95           8    0.030792   0.0280348  0.00183929
        1.95           9    0.031012   0.0283656  0.00166441
        1.95          10    0.020836   0.0276126  0.00165956
        1.95          11    0.024654   0.0273436  0.00153033
        1.95          12    0.033596   0.0278647  0.00148886
        1.95          13    0.029778   0.0280118  0.00138159
        1.95          14    0.019114   0.0273763  0.00142159
        1.95          15    0.024872   0.0272093  0.00133659
        1.95          16     0.03182   0.0274975  0.00128374
        1.95          17    0.034068    0.027884  0.00126507
        1.95          18    0.036702   0.0283739  0.00128615
        1.95          19     0.02905   0.0284095  0.00121895
        1.95          20     0.03142     0.02856  0.00116726
       1.975           1    0.027494    0.027494           0
       1.975           2    0.034492    0.030993  0.00247417
       1.975           3    0.026686   0.0295573  0.00202355
       1.975           4    0.023988    0.028165  0.00193836
       1.975           5     0.02694     0.02792   0.0015661
       1.975           6    0.027348   0.0278247  0.00130798
       1.975           7    0.024756   0.0273863  0.00119233
       1.975           8    0.022474   0.0267723  0.00119095
       1.975           9    0.026642   0.0267578  0.00105871
       1.975          10    0.029084   0.0269904  0.00097806
       1.975          11    0.019708   0.0263284  0.00109042
       1.975          12     0.02909   0.0265585  0.00102355
       1.975          13    0.032928   0.0270485  0.00105559
       1.975          14    0.025874   0.0269646 0.000983522
       1.975          15    0.026472   0.0269317 0.000918502
       1.975          16    0.022788   0.0266728 0.000896864
       1.975          17    0.026508   0.0266631  0.00084416
       1.975          18    0.029838   0.0268394 0.000815482
       1.975          19    0.024534   0.0267181 0.000781537
       1.975          20    0.021118   0.0264381 0.000791031
           2           1    0.029254    0.029254           0
           2           2     0.02449    0.026872  0.00168433
           2           3     0.01684    0.023528  0.00295225
           2           4    0.035958   0.0266355  0.00348497
           2           5     0.02562   0.0264324  0.00279389
           2           6    0.029466    0.026938  0.00237355
           2           7     0.02693   0.0269369  0.00203447
           2           8     0.02843   0.0271235   0.0017887
           2           9    0.031798   0.0276429  0.00166366
           2          10    0.024402   0.0273188  0.00152853
           2          11    0.030758   0.0276315  0.00142119
           2          12    0.019516   0.0269552   0.0014548
           2          13    0.028736   0.0270922  0.00134932
           2          14    0.029954   0.0272966  0.00126833
           2          15    0.024154   0.0270871  0.00120096
           2          16    0.023002   0.0268318  0.00115272
           2          17     0.02208   0.0265522  0.00111828
           2          18    0.031184   0.0268096  0.00108536
           2          19     0.02856   0.0269017  0.00103214
           2          20    0.027216   0.0269174  0.00098065
