#       T       BLOCK:   ACTUAL_CV:    CV_AVE:      ERROR:
         0.5           1    0.326122    0.326122           0
         0.5           2    0.367796    0.346959   0.0147341
         0.5           3    0.350678    0.348198  0.00987473
         0.5           4    0.324373    0.342242  0.00902534
         0.5           5     0.33948     0.34169  0.00723716
         0.5           6    0.371581    0.346672  0.00755347
         0.5           7    0.311284    0.341616  0.00798893
         0.5           8    0.328471    0.339973  0.00715729
         0.5           9     0.28494    0.333858  0.00858553
         0.5          10    0.285913    0.329064  0.00896631
         0.5          11    0.328077    0.328974  0.00815164
         0.5          12    0.340723    0.329953   0.0075309
         0.5          13    0.337061      0.3305  0.00697142
         0.5          14    0.300672    0.328369  0.00679123
         0.5          15    0.277916    0.325006  0.00712289
         0.5          16     0.26546    0.321284  0.00758792
         0.5          17    0.366755    0.323959  0.00759839
         0.5          18     0.31659     0.32355  0.00718728
         0.5          19    0.368877    0.325935  0.00719405
         0.5          20    0.317166    0.325497   0.0068477
       0.525           1    0.421079    0.421079           0
       0.525           2    0.355783    0.388431   0.0230854
       0.525           3    0.389254    0.388705   0.0153919
       0.525           4    0.383828    0.387486   0.0115921
       0.525           5     0.37883    0.385755  0.00940206
       0.525           6    0.379176    0.384658  0.00789872
       0.525           7    0.351567    0.379931   0.0080618
       0.525           8    0.358102    0.377202  0.00750163
       0.525           9    0.392645    0.378918  0.00686153
       0.525          10    0.355087    0.376535  0.00657623
       0.525          11    0.368371    0.375793  0.00602013
       0.525          12    0.349521    0.373604  0.00590314
       0.525          13    0.370302     0.37335  0.00545451
       0.525          14    0.350221    0.371698  0.00530919
       0.525          15    0.373124    0.371793   0.0049561
       0.525          16    0.326876    0.368985  0.00538302
       0.525          17    0.377901     0.36951  0.00509185
       0.525          18    0.391075    0.370708  0.00494791
       0.525          19    0.351586    0.369701  0.00478875
       0.525          20    0.355153    0.368974  0.00460423
        0.55           1     0.37577     0.37577           0
        0.55           2    0.398861    0.387315  0.00816408
        0.55           3    0.408945    0.394525  0.00801726
        0.55           4    0.412869    0.399111  0.00720623
        0.55           5    0.391678    0.397625  0.00591635
        0.55           6    0.412928    0.400175   0.0054524
        0.55           7    0.399179    0.400033  0.00467534
        0.55           8    0.416078    0.402038  0.00450063
        0.55           9    0.391902    0.400912  0.00413909
        0.55          10    0.394134    0.400234  0.00378028
        0.55          11    0.381546    0.398535  0.00379926
        0.55          12    0.375466    0.396613  0.00393914
        0.55          13    0.390515    0.396144  0.00366396
        0.55          14    0.390925    0.395771  0.00342115
        0.55          15    0.412119    0.396861  0.00336219
        0.55          16     0.40759    0.397532  0.00321823
        0.55          17    0.407602    0.398124  0.00308296
        0.55          18    0.373803    0.396773  0.00319406
        0.55          19    0.385995    0.396205  0.00307592
        0.55          20    0.379361    0.395363  0.00303524
       0.575           1    0.455795    0.455795           0
       0.575           2    0.412015    0.433905   0.0154784
       0.575           3    0.404391    0.424067    0.013077
       0.575           4    0.425519     0.42443  0.00981277
       0.575           5    0.393631     0.41827  0.00959065
       0.575           6    0.405214    0.416094  0.00823538
       0.575           7    0.412371    0.415562  0.00707606
       0.575           8    0.402921    0.413982  0.00636552
       0.575           9    0.418467     0.41448  0.00567771
       0.575          10    0.407367    0.413769   0.0051543
       0.575          11    0.435456     0.41574  0.00504873
       0.575          12    0.401792    0.414578  0.00475992
       0.575          13     0.39118    0.412778  0.00472183
       0.575          14    0.388015    0.411009  0.00470421
       0.575          15    0.394801    0.409929  0.00451299
       0.575          16    0.442057    0.411937  0.00465626
       0.575          17    0.412026    0.411942  0.00438237
       0.575          18    0.437351    0.413354  0.00436033
       0.575          19    0.415708    0.413478   0.0041326
       0.575          20    0.380714    0.411839  0.00423825
         0.6           1    0.410405    0.410405           0
         0.6           2    0.414939    0.412672  0.00160289
         0.6           3    0.419491    0.414945  0.00214164
         0.6           4    0.397519    0.410589  0.00410055
         0.6           5    0.456039    0.419679  0.00876725
         0.6           6    0.431211    0.421601  0.00751375
         0.6           7    0.433378    0.423283  0.00662604
         0.6           8    0.427065    0.423756  0.00581463
         0.6           9    0.417209    0.423028  0.00521385
         0.6          10    0.419683    0.422694  0.00470319
         0.6          11    0.439638    0.424234  0.00452084
         0.6          12    0.392497    0.421589  0.00485649
         0.6          13    0.443015    0.423238  0.00475435
         0.6          14    0.403195    0.421806  0.00462527
         0.6          15    0.418345    0.421575  0.00432267
         0.6          16    0.432654    0.422268  0.00410759
         0.6          17    0.376995    0.419605  0.00464981
         0.6          18    0.402126    0.418634  0.00449173
         0.6          19    0.413604    0.418369  0.00426311
         0.6          20    0.438368    0.419369  0.00416558
       0.625           1    0.416188    0.416188           0
       0.625           2     0.41533    0.415759 0.000303319
       0.625           3    0.414216    0.415245 0.000466243
       0.625           4    0.442287    0.422005  0.00586519
       0.625           5    0.417255    0.421055  0.00476846
       0.625           6    0.420824    0.421017  0.00397388
       0.625           7    0.413948    0.420007  0.00353215
       0.625           8    0.406974    0.418378  0.00344588
       0.625           9    0.442323    0.421038  0.00395905
       0.625          10    0.431698    0.422104  0.00370386
       0.625          11    0.418552    0.421781   0.0033812
       0.625          12    0.407441    0.420586  0.00330386
       0.625          13    0.421413     0.42065  0.00305033
       0.625          14    0.411825     0.42002  0.00289685
       0.625          15    0.439788    0.421337  0.00298851
       0.625          16    0.449749    0.423113  0.00328721
       0.625          17    0.437449    0.423956  0.00320018
       0.625          18    0.458281    0.425863   0.0035453
       0.625          19    0.400379    0.424522  0.00360351
       0.625          20    0.427347    0.424663   0.0034261
        0.65           1    0.432363    0.432363           0
        0.65           2     0.46037    0.446366  0.00990203
        0.65           3    0.397959    0.430231   0.0147362
        0.65           4    0.446979    0.434418   0.0116318
        0.65           5    0.397847    0.427103   0.0113749
        0.65           6     0.41625    0.425295  0.00962181
        0.65           7    0.470719    0.431784   0.0102035
        0.65           8    0.395581    0.427258  0.00988073
        0.65           9    0.401429    0.424388  0.00919023
        0.65          10    0.409203     0.42287  0.00839574
        0.65          11      0.3927    0.420127  0.00806805
        0.65          12    0.460032    0.423452  0.00805192
        0.65          13    0.471335    0.427136  0.00823198
        0.65          14    0.414864    0.426259  0.00769051
        0.65          15    0.454891    0.428168  0.00741091
        0.65          16    0.442189    0.429044  0.00699935
        0.65          17    0.431808    0.429207  0.00658951
        0.65          18    0.425362    0.428993  0.00622689
        0.65          19    0.436722      0.4294  0.00591243
        0.65          20    0.424428    0.429151  0.00562203
       0.675           1    0.435285    0.435285           0
       0.675           2    0.454914    0.445099  0.00694016
       0.675           3    0.456712     0.44897  0.00560326
       0.675           4    0.416838    0.440937  0.00812758
       0.675           5    0.436111    0.439972  0.00655913
       0.675           6    0.448242     0.44135  0.00560887
       0.675           7    0.440724    0.441261  0.00480832
       0.675           8    0.459561    0.443548  0.00472017
       0.675           9    0.444441    0.443648  0.00419674
       0.675          10    0.433697    0.442653  0.00389325
       0.675          11     0.43293    0.441769  0.00363827
       0.675          12    0.445319    0.442065  0.00334709
       0.675          13    0.411538    0.439716  0.00382564
       0.675          14    0.466779    0.441649  0.00401113
       0.675          15    0.446332    0.441962  0.00375585
       0.675          16    0.435052     0.44153  0.00354585
       0.675          17    0.440609    0.441476  0.00333768
       0.675          18    0.442695    0.441543  0.00315294
       0.675          19    0.441352    0.441533  0.00298701
       0.675          20    0.456756    0.442294  0.00293304
         0.7           1    0.405691    0.405691           0
         0.7           2    0.383623    0.394657  0.00780221
         0.7           3    0.432112    0.407142   0.0114442
         0.7           4    0.429138    0.412641  0.00981586
         0.7           5    0.425216    0.415156  0.00816851
         0.7           6    0.434918     0.41845  0.00744155
         0.7           7    0.449115     0.42283  0.00755871
         0.7           8    0.411264    0.421385  0.00675071
         0.7           9    0.430046    0.422347  0.00606885
         0.7          10    0.415901    0.421702  0.00549609
         0.7          11    0.423134    0.421833  0.00499799
         0.7          12    0.413575    0.421144  0.00462861
         0.7          13    0.421389    0.421163   0.0042726
         0.7          14    0.422787    0.421279  0.00396899
         0.7          15    0.422358    0.421351  0.00370504
         0.7          16    0.442822    0.422693  0.00370855
         0.7          17    0.435397     0.42344   0.0035649
         0.7          18    0.434287    0.424043   0.0034174
         0.7          19     0.42898    0.424303   0.0032474
         0.7          20    0.426407    0.424408  0.00308673
       0.725           1    0.446904    0.446904           0
       0.725           2    0.448766    0.447835 0.000658321
       0.725           3    0.431685    0.442452   0.0044175
       0.725           4     0.44199    0.442336  0.00331463
       0.725           5    0.426428    0.439154  0.00388975
       0.725           6    0.440604    0.439396  0.00324894
       0.725           7    0.420376    0.436679   0.0037528
       0.725           8    0.440035    0.437098  0.00330706
       0.725           9    0.462944     0.43997  0.00399648
       0.725          10    0.442708    0.440244   0.0036062
       0.725          11    0.460232    0.442061  0.00370803
       0.725          12    0.437408    0.441673  0.00341924
       0.725          13    0.426959    0.440541  0.00333831
       0.725          14    0.417312    0.438882  0.00348792
       0.725          15     0.41656    0.437394  0.00355871
       0.725          16    0.440551    0.437591  0.00334176
       0.725          17    0.442383    0.437873  0.00315705
       0.725          18    0.419096     0.43683  0.00314928
       0.725          19    0.447892    0.437412  0.00303687
       0.725          20    0.439831    0.437533  0.00288743
        0.75           1    0.439586    0.439586           0
        0.75           2    0.432797    0.436192  0.00240043
        0.75           3    0.455857    0.442747  0.00558631
        0.75           4    0.425632    0.438468  0.00559317
        0.75           5    0.416174    0.434009  0.00599392
        0.75           6    0.425008    0.432509  0.00517928
        0.75           7     0.44368    0.434105  0.00467879
        0.75           8    0.439019    0.434719  0.00413407
        0.75           9    0.449554    0.436368  0.00398984
        0.75          10    0.436545    0.436385   0.0035909
        0.75          11    0.427884    0.435612  0.00334659
        0.75          12    0.445717    0.436454  0.00317188
        0.75          13    0.409719    0.434398  0.00353225
        0.75          14    0.455847     0.43593  0.00359688
        0.75          15     0.44636    0.436625  0.00342364
        0.75          16    0.445057    0.437152  0.00324997
        0.75          17     0.41708    0.435972  0.00326624
        0.75          18    0.427539    0.435503   0.0031182
        0.75          19     0.44653    0.436083  0.00300761
        0.75          20    0.444857    0.436522  0.00288904
       0.775           1    0.444331    0.444331           0
       0.775           2    0.431248     0.43779   0.0046256
       0.775           3    0.454003    0.443194  0.00538356
       0.775           4    0.437474    0.441764  0.00422332
       0.775           5     0.45957    0.445325  0.00464338
       0.775           6    0.436197    0.443804  0.00411117
       0.775           7    0.438335    0.443023  0.00359734
       0.775           8    0.441756    0.442864  0.00315115
       0.775           9     0.43404    0.441884  0.00294963
       0.775          10    0.436742     0.44137  0.00269911
       0.775          11    0.435736    0.440858  0.00250185
       0.775          12    0.460999    0.442536  0.00280035
       0.775          13    0.434643    0.441929  0.00264994
       0.775          14    0.449047    0.442437  0.00250896
       0.775          15    0.446517    0.442709  0.00235639
       0.775          16    0.433923     0.44216  0.00227221
       0.775          17    0.441723    0.442134   0.0021387
       0.775          18    0.422857    0.441063  0.00227227
       0.775          19     0.41476    0.439679  0.00253963
       0.775          20    0.438209    0.439606  0.00241371
         0.8           1    0.445615    0.445615           0
         0.8           2    0.432375    0.438995  0.00468121
         0.8           3    0.428189    0.435393  0.00428829
         0.8           4    0.458783    0.441241  0.00599916
         0.8           5     0.42715    0.438423  0.00542099
         0.8           6    0.415257    0.434562   0.0057297
         0.8           7    0.446189    0.436223  0.00514634
         0.8           8    0.438302    0.436483   0.0045096
         0.8           9    0.450551    0.438046  0.00427086
         0.8          10    0.459251    0.440166  0.00433839
         0.8          11    0.429055    0.439156  0.00405989
         0.8          12    0.449809    0.440044  0.00381738
         0.8          13    0.425518    0.438927  0.00368363
         0.8          14    0.436428    0.438748  0.00342483
         0.8          15    0.433605    0.438405  0.00321363
         0.8          16     0.42984     0.43787  0.00305704
         0.8          17    0.446895    0.438401  0.00292295
         0.8          18    0.439489    0.438461  0.00276119
         0.8          19    0.445329    0.438823  0.00263942
         0.8          20      0.4423    0.438997  0.00251317
       0.825           1    0.441712    0.441712           0
       0.825           2    0.442751    0.442232 0.000367384
       0.825           3    0.456182    0.446882  0.00380475
       0.825           4    0.431782    0.443107  0.00433938
       0.825           5    0.439641    0.442414  0.00352643
       0.825           6    0.424353    0.439404  0.00402325
       0.825           7    0.439017    0.439348  0.00344888
       0.825           8    0.437129    0.439071  0.00302891
       0.825           9    0.438612     0.43902  0.00269279
       0.825          10    0.453487    0.440467  0.00278513
       0.825          11    0.446127    0.440981  0.00257904
       0.825          12    0.429854    0.440054  0.00252531
       0.825          13    0.451908    0.440966  0.00249026
       0.825          14    0.429076    0.440117  0.00245293
       0.825          15    0.430974    0.439507  0.00236392
       0.825          16    0.435202    0.439238  0.00223143
       0.825          17    0.438585      0.4392   0.0021005
       0.825          18    0.441234    0.439313  0.00198685
       0.825          19    0.446829    0.439708  0.00192125
       0.825          20    0.447761    0.440111   0.0018669
        0.85           1    0.415785    0.415785           0
        0.85           2    0.442922    0.429353  0.00959431
        0.85           3     0.44104    0.433249  0.00714342
        0.85           4    0.423625    0.430843  0.00574851
        0.85           5    0.434883    0.431651  0.00465525
        0.85           6    0.437706     0.43266  0.00398726
        0.85           7    0.442336    0.434042  0.00364941
        0.85           8    0.443891    0.435274  0.00339455
        0.85           9    0.445365    0.436395   0.0031972
        0.85          10    0.427336    0.435489  0.00300308
        0.85          11    0.447861    0.436614  0.00293313
        0.85          12    0.437085    0.436653  0.00268897
        0.85          13    0.441158    0.436999  0.00250436
        0.85          14    0.447621    0.437758  0.00243769
        0.85          15    0.426903    0.437035  0.00238017
        0.85          16    0.435741    0.436954  0.00223278
        0.85          17    0.452741    0.437882  0.00228642
        0.85          18     0.45565    0.438869  0.00236288
        0.85          19    0.424007    0.438087  0.00236446
        0.85          20    0.437187    0.438042  0.00224667
       0.875           1    0.440464    0.440464           0
       0.875           2    0.441187    0.440826 0.000255778
       0.875           3      0.4492    0.443617  0.00228568
       0.875           4    0.430501    0.440338  0.00331702
       0.875           5    0.448996     0.44207  0.00307253
       0.875           6    0.449067    0.443236  0.00277294
       0.875           7     0.45187    0.444469  0.00263689
       0.875           8    0.441621    0.444113  0.00233119
       0.875           9     0.42789    0.442311  0.00267996
       0.875          10    0.453194    0.443399  0.00262367
       0.875          11    0.436189    0.442744  0.00246568
       0.875          12    0.443013    0.442766  0.00226031
       0.875          13     0.43127    0.441882  0.00225279
       0.875          14    0.452352     0.44263  0.00221254
       0.875          15    0.435242    0.442137  0.00211915
       0.875          16    0.420093    0.440759  0.00239304
       0.875          17    0.437439    0.440564  0.00226022
       0.875          18    0.435877    0.440304   0.0021496
       0.875          19     0.45771     0.44122  0.00222313
       0.875          20    0.442813    0.441299   0.0021134
         0.9           1    0.427427    0.427427           0
         0.9           2    0.433844    0.430635  0.00226887
         0.9           3    0.438088     0.43312  0.00253024
         0.9           4    0.404009    0.425842  0.00658203
         0.9           5    0.441318    0.428937  0.00594902
         0.9           6    0.438835    0.430587   0.0051812
         0.9           7    0.432641     0.43088  0.00444933
         0.9           8    0.459399    0.434445  0.00512601
         0.9           9    0.436242    0.434645  0.00456034
         0.9          10    0.433574    0.434538  0.00410556
         0.9          11    0.421142     0.43332  0.00390876
         0.9          12    0.440173    0.433891  0.00362451
         0.9          13    0.443662    0.434643  0.00342274
         0.9          14    0.452931    0.435949  0.00341847
         0.9          15     0.43423    0.435834  0.00319249
         0.9          16    0.442084    0.436225  0.00301676
         0.9          17    0.442703    0.436606  0.00286327
         0.9          18    0.447021    0.437185  0.00276204
         0.9          19    0.420698    0.436317  0.00274959
         0.9          20    0.433304    0.436166  0.00261623
       0.925           1    0.436821    0.436821           0
       0.925           2    0.415161    0.425991  0.00765767
       0.925           3    0.434613    0.428865  0.00561864
       0.925           4    0.449119    0.433929  0.00608168
       0.925           5    0.435751    0.434293  0.00487626
       0.925           6    0.429057     0.43342   0.0041409
       0.925           7    0.442443    0.434709   0.0037446
       0.925           8    0.433238    0.434525  0.00328104
       0.925           9    0.436941    0.434794  0.00292743
       0.925          10    0.423792    0.433694   0.0028339
       0.925          11    0.434022    0.433723  0.00257643
       0.925          12    0.434753    0.433809  0.00236316
       0.925          13    0.421647    0.432874  0.00235931
       0.925          14    0.423261    0.432187  0.00228853
       0.925          15    0.431725    0.432156  0.00213616
       0.925          16    0.430819    0.432073  0.00200429
       0.925          17    0.425967    0.431714   0.0019183
       0.925          18    0.443182    0.432351   0.0019146
       0.925          19    0.426105    0.432022  0.00184184
       0.925          20    0.423343    0.431588  0.00180014
        0.95           1    0.434445    0.434445           0
        0.95           2    0.440217    0.437331  0.00204067
        0.95           3    0.431389     0.43535  0.00211345
        0.95           4    0.428137    0.433547  0.00222519
        0.95           5    0.427579    0.432353  0.00207571
        0.95           6    0.433626    0.432565  0.00174055
        0.95           7    0.430693    0.432298  0.00151231
        0.95           8    0.439771    0.433232  0.00158571
        0.95           9    0.428369    0.432692  0.00149877
        0.95          10    0.431322    0.432555  0.00135514
        0.95          11    0.425913    0.431951  0.00135983
        0.95          12    0.426322    0.431482  0.00132496
        0.95          13    0.434733    0.431732  0.00124642
        0.95          14    0.436923    0.432103  0.00121129
        0.95          15    0.425672    0.431674  0.00120402
        0.95          16    0.423913    0.431189  0.00122257
        0.95          17    0.415325    0.430256   0.0014641
        0.95          18    0.443903    0.431014  0.00156683
        0.95          19    0.440147    0.431495  0.00155636
        0.95          20    0.427011     0.43127   0.0014946
       0.975           1    0.434972    0.434972           0
       0.975           2    0.418407    0.426689  0.00585646
       0.975           3    0.423472    0.425617  0.00400129
       0.975           4    0.414279    0.422783  0.00387699
       0.975           5    0.421318     0.42249  0.00311264
       0.975           6    0.421059    0.422251  0.00260298
       0.975           7    0.416187    0.421385  0.00237091
       0.975           8     0.41503    0.420591  0.00220361
       0.975           9    0.421287    0.420668  0.00196013
       0.975          10    0.428706    0.421472  0.00192188
       0.975          11    0.422826    0.421595   0.0017511
       0.975          12    0.433136    0.422557  0.00185055
       0.975          13    0.419953    0.422356    0.001719
       0.975          14    0.434315    0.423211  0.00179596
       0.975          15    0.433198    0.423876  0.00179541
       0.975          16    0.416112    0.423391  0.00174756
       0.975          17     0.42236    0.423331  0.00164581
       0.975          18    0.430895    0.423751  0.00160713
       0.975          19    0.421297    0.423622  0.00152773
       0.975          20    0.420382     0.42346   0.0014599
           1           1    0.416527    0.416527           0
           1           2    0.414497    0.415512 0.000717805
           1           3    0.417543    0.416189 0.000731189
           1           4    0.427779    0.419087  0.00256864
           1           5    0.426105     0.42049  0.00240809
           1           6    0.424382    0.421139  0.00209227
           1           7    0.423964    0.421542  0.00183187
           1           8    0.415344    0.420768  0.00175912
           1           9    0.431918    0.422007  0.00195178
           1          10    0.425303    0.422336  0.00178422
           1          11    0.413776    0.421558  0.00178367
           1          12    0.415525    0.421055  0.00170442
           1          13     0.41637    0.420695  0.00161096
           1          14    0.421166    0.420728  0.00149624
           1          15      0.4175    0.420513  0.00141189
           1          16    0.419506     0.42045  0.00132505
           1          17    0.421666    0.420522  0.00124904
           1          18    0.432353    0.421179  0.00134149
           1          19     0.41319    0.420759  0.00133516
           1          20    0.416716    0.420556  0.00128361
       1.025           1     0.41699     0.41699           0
       1.025           2    0.416539    0.416765 0.000159578
       1.025           3    0.419941    0.417823 0.000870849
       1.025           4    0.431557    0.421257  0.00304438
       1.025           5    0.407536    0.418513  0.00345779
       1.025           6    0.410457     0.41717  0.00313133
       1.025           7    0.416106    0.417018  0.00268769
       1.025           8    0.415847    0.416872  0.00235571
       1.025           9    0.419092    0.417118  0.00210685
       1.025          10     0.40592    0.415998  0.00217348
       1.025          11     0.40626    0.415113  0.00214865
       1.025          12    0.414931    0.415098  0.00196965
       1.025          13    0.414331    0.415039  0.00181902
       1.025          14    0.419817     0.41538  0.00172081
       1.025          15    0.403861    0.414612  0.00176916
       1.025          16    0.405152    0.414021  0.00175461
       1.025          17    0.414992    0.414078  0.00165233
       1.025          18    0.397624    0.413164  0.00179567
       1.025          19    0.422117    0.413635   0.0017619
       1.025          20    0.409279    0.413417  0.00168721
        1.05           1    0.409501    0.409501           0
        1.05           2    0.416917    0.413209   0.0026221
        1.05           3    0.406603    0.411007  0.00250773
        1.05           4    0.415372    0.412098  0.00210485
        1.05           5    0.409624    0.411603  0.00174109
        1.05           6    0.411721    0.411623  0.00145102
        1.05           7    0.401508    0.410178  0.00182664
        1.05           8    0.413993    0.410655  0.00165938
        1.05           9    0.401448    0.409632  0.00176235
        1.05          10    0.417104    0.410379  0.00173731
        1.05          11    0.404591    0.409853  0.00165715
        1.05          12    0.399051    0.408953  0.00174652
        1.05          13    0.397877    0.408101  0.00180808
        1.05          14    0.411797    0.408365   0.0016981
        1.05          15    0.414634    0.408783  0.00163553
        1.05          16     0.39335    0.407818  0.00179532
        1.05          17    0.414469    0.408209  0.00173181
        1.05          18    0.406812    0.408132  0.00163734
        1.05          19    0.409134    0.408185  0.00155201
        1.05          20    0.421201    0.408835  0.00160508
       1.075           1    0.394172    0.394172           0
       1.075           2    0.395028      0.3946 0.000302463
       1.075           3    0.404316    0.397839  0.00265205
       1.075           4    0.420371    0.403472  0.00526838
       1.075           5    0.399703    0.402718  0.00426829
       1.075           6    0.409498    0.403848  0.00370347
       1.075           7    0.409949     0.40472  0.00327537
       1.075           8    0.394504    0.403443  0.00310489
       1.075           9    0.403448    0.403443   0.0027599
       1.075          10    0.402095    0.403308   0.0024872
       1.075          11    0.400545    0.403057  0.00227375
       1.075          12    0.393394    0.402252  0.00222229
       1.075          13    0.400632    0.402127  0.00205483
       1.075          14     0.39853     0.40187  0.00192406
       1.075          15    0.395861     0.40147  0.00183702
       1.075          16    0.408762    0.401925  0.00177785
       1.075          17    0.410765    0.402445  0.00174766
       1.075          18    0.412546    0.403007  0.00173832
       1.075          19     0.40263    0.402987  0.00164694
       1.075          20    0.408608    0.403268   0.0015884
         1.1           1    0.393141    0.393141           0
         1.1           2    0.384962    0.389052   0.0028918
         1.1           3    0.395181    0.391095  0.00254938
         1.1           4    0.402266    0.393888  0.00308306
         1.1           5    0.393917    0.393894  0.00246645
         1.1           6    0.392348    0.393636  0.00206878
         1.1           7    0.398655    0.394353  0.00189343
         1.1           8    0.390815    0.393911  0.00170763
         1.1           9    0.396586    0.394208  0.00154355
         1.1          10    0.405844    0.395372  0.00177441
         1.1          11    0.393529    0.395204  0.00162099
         1.1          12     0.40317    0.395868  0.00161612
         1.1          13    0.395025    0.395803   0.0014931
         1.1          14    0.402107    0.396253  0.00145276
         1.1          15    0.399486    0.396469   0.0013718
         1.1          16    0.399788    0.396676  0.00130165
         1.1          17    0.396398     0.39666  0.00122519
         1.1          18    0.410035    0.397403  0.00136397
         1.1          19    0.388557    0.396937  0.00136934
         1.1          20    0.403062    0.397244  0.00133468
       1.125           1    0.376967    0.376967           0
       1.125           2    0.394623    0.385795  0.00624218
       1.125           3     0.39171    0.387767  0.00446204
       1.125           4    0.393887    0.389297  0.00359936
       1.125           5    0.391141    0.389666  0.00289833
       1.125           6    0.380517    0.388141  0.00278764
       1.125           7    0.390552    0.388485   0.0024106
       1.125           8    0.396311    0.389464  0.00229917
       1.125           9    0.396298    0.390223  0.00216547
       1.125          10    0.385742    0.389775  0.00199476
       1.125          11    0.382247     0.38909  0.00192723
       1.125          12     0.40086    0.390071   0.0020007
       1.125          13    0.376351    0.389016  0.00210685
       1.125          14     0.38439    0.388685   0.0019821
       1.125          15    0.396749    0.389223  0.00192148
       1.125          16    0.382287    0.388789  0.00184964
       1.125          17    0.394194    0.389107  0.00176795
       1.125          18    0.390546    0.389187  0.00167153
       1.125          19    0.395477    0.389518  0.00161601
       1.125          20    0.392064    0.389646  0.00154021
        1.15           1    0.394973    0.394973           0
        1.15           2    0.377727     0.38635  0.00609743
        1.15           3    0.387694    0.386798  0.00408137
        1.15           4    0.385538    0.386483  0.00307315
        1.15           5    0.385499    0.386286  0.00246482
        1.15           6    0.380447    0.385313  0.00223789
        1.15           7    0.389972    0.385979  0.00201474
        1.15           8    0.380627     0.38531  0.00187067
        1.15           9    0.391583    0.386007  0.00178797
        1.15          10    0.379591    0.385365  0.00172045
        1.15          11    0.390224    0.385807  0.00161975
        1.15          12    0.388187    0.386005  0.00149686
        1.15          13    0.377606    0.385359  0.00151476
        1.15          14    0.375277    0.384639  0.00156844
        1.15          15    0.385881    0.384722  0.00146606
        1.15          16    0.391666    0.385156  0.00143724
        1.15          17    0.379581    0.384828   0.0013896
        1.15          18    0.387371    0.384969  0.00131956
        1.15          19    0.375265    0.384458  0.00134533
        1.15          20    0.372537    0.383862  0.00140392
       1.175           1    0.389589    0.389589           0
       1.175           2    0.378074    0.383832  0.00407103
       1.175           3    0.396441    0.388035  0.00437539
       1.175           4    0.370496     0.38365  0.00501875
       1.175           5    0.383126    0.383545   0.0040161
       1.175           6    0.368339    0.381011  0.00406857
       1.175           7    0.373519    0.379941  0.00362537
       1.175           8    0.378837    0.379803  0.00317482
       1.175           9    0.362673    0.377899  0.00334425
       1.175          10     0.37446    0.377555  0.00302746
       1.175          11    0.377656    0.377565  0.00275225
       1.175          12    0.381472     0.37789  0.00254208
       1.175          13    0.385898    0.378506  0.00242002
       1.175          14    0.382299    0.378777  0.00226227
       1.175          15    0.384366     0.37915  0.00214192
       1.175          16     0.38154    0.379299  0.00201325
       1.175          17    0.374481    0.379016  0.00191467
       1.175          18    0.380472    0.379097     0.00181
       1.175          19    0.375855    0.378926  0.00172276
       1.175          20    0.376685    0.378814  0.00164026
         1.2           1    0.372362    0.372362           0
         1.2           2    0.358441    0.365402  0.00492149
         1.2           3    0.367038    0.365947  0.00331111
         1.2           4    0.367952    0.366448  0.00252098
         1.2           5    0.376896    0.368538  0.00274955
         1.2           6    0.371913      0.3691  0.00234813
         1.2           7    0.373818    0.369774  0.00210717
         1.2           8    0.374183    0.370325  0.00191448
         1.2           9    0.371465    0.370452  0.00170595
         1.2          10    0.371408    0.370548  0.00153803
         1.2          11    0.366934    0.370219  0.00143287
         1.2          12    0.368664     0.37009  0.00131931
         1.2          13     0.37593    0.370539  0.00129206
         1.2          14    0.378176    0.371084  0.00130987
         1.2          15    0.367389    0.370838  0.00124549
         1.2          16    0.372928    0.370969  0.00117448
         1.2          17    0.376935     0.37132  0.00115664
         1.2          18    0.370985    0.371301  0.00109254
         1.2          19    0.372028    0.371339   0.0010357
         1.2          20    0.369386    0.371242 0.000988511
       1.225           1    0.373786    0.373786           0
       1.225           2    0.366938    0.370362  0.00242126
       1.225           3    0.364033    0.368252  0.00236067
       1.225           4    0.359401     0.36604  0.00260903
       1.225           5    0.370693     0.36697  0.00224708
       1.225           6    0.357867    0.365453  0.00232914
       1.225           7    0.364257    0.365282  0.00200266
       1.225           8    0.367116    0.365511   0.0017654
       1.225           9    0.359234    0.364814  0.00170145
       1.225          10    0.362083    0.364541  0.00155307
       1.225          11    0.366727     0.36474  0.00142454
       1.225          12     0.36194    0.364506   0.0013248
       1.225          13    0.356971    0.363927  0.00134371
       1.225          14    0.358363    0.363529  0.00130517
       1.225          15    0.372207    0.364108  0.00134027
       1.225          16    0.363454    0.364067  0.00125712
       1.225          17    0.362588     0.36398  0.00118618
       1.225          18    0.361188    0.363825  0.00113038
       1.225          19    0.373288    0.364323  0.00117549
       1.225          20    0.366149    0.364414  0.00112026
        1.25           1    0.345099    0.345099           0
        1.25           2    0.353535    0.349317  0.00298269
        1.25           3    0.354414    0.351016   0.0024246
        1.25           4    0.357456    0.352626  0.00229145
        1.25           5    0.362639    0.354628  0.00256294
        1.25           6    0.363454    0.356099   0.0025228
        1.25           7    0.358165    0.356394  0.00217959
        1.25           8    0.360497    0.356907  0.00196656
        1.25           9    0.362483    0.357527  0.00184306
        1.25          10    0.358409    0.357615  0.00166086
        1.25          11    0.357471    0.357602  0.00150993
        1.25          12    0.357229    0.357571  0.00138442
        1.25          13    0.363722    0.358044  0.00135637
        1.25          14    0.359053    0.358116   0.0012614
        1.25          15    0.358087    0.358114  0.00117731
        1.25          16    0.349685    0.357587  0.00121591
        1.25          17    0.354972    0.357434  0.00115408
        1.25          18    0.342983    0.356631   0.0013404
        1.25          19    0.360353    0.356827  0.00128409
        1.25          20    0.365708    0.357271   0.0012944
       1.275           1    0.343014    0.343014           0
       1.275           2      0.3586    0.350807  0.00551064
       1.275           3    0.348902    0.350172  0.00371017
       1.275           4    0.344513    0.348757  0.00304041
       1.275           5    0.348997    0.348805  0.00243271
       1.275           6    0.345811    0.348306  0.00207781
       1.275           7    0.353675    0.349073  0.00191731
       1.275           8    0.352025    0.349442  0.00171277
       1.275           9    0.353133    0.349852  0.00157078
       1.275          10    0.347622    0.349629  0.00142945
       1.275          11    0.342139    0.348948  0.00145265
       1.275          12     0.35038    0.349068  0.00133649
       1.275          13    0.345322     0.34878  0.00126437
       1.275          14    0.348007    0.348724  0.00117526
       1.275          15    0.352218    0.348957  0.00111975
       1.275          16     0.34633    0.348793  0.00106174
       1.275          17    0.349037    0.348807 0.000999378
       1.275          18    0.349524    0.348847 0.000944649
       1.275          19    0.349644    0.348889 0.000895861
       1.275          20    0.352324    0.349061 0.000867372
         1.3           1    0.336861    0.336861           0
         1.3           2      0.3458     0.34133  0.00316022
         1.3           3    0.346083    0.342914  0.00247213
         1.3           4    0.341646    0.342597  0.00187432
         1.3           5    0.345849    0.343248  0.00160835
         1.3           6    0.342098    0.343056  0.00135166
         1.3           7    0.337662    0.342286  0.00136063
         1.3           8    0.336058    0.341507  0.00139558
         1.3           9     0.34302    0.341675  0.00125061
         1.3          10    0.347039    0.342212  0.00123523
         1.3          11    0.340829    0.342086  0.00112931
         1.3          12    0.341254    0.342017  0.00103733
         1.3          13    0.343109    0.342101 0.000960932
         1.3          14    0.341029    0.342024 0.000895337
         1.3          15    0.337495    0.341722 0.000885103
         1.3          16    0.342546    0.341774 0.000831279
         1.3          17    0.346827    0.342071 0.000833829
         1.3          18     0.35492    0.342785  0.00104951
         1.3          19    0.347336    0.343024  0.00102124
         1.3          20    0.343552    0.343051 0.000970515
       1.325           1     0.34167     0.34167           0
       1.325           2    0.340467    0.341068 0.000425308
       1.325           3    0.339463    0.340533 0.000520767
       1.325           4     0.33567    0.339317  0.00112309
       1.325           5    0.340162    0.339486 0.000911078
       1.325           6    0.339155    0.339431 0.000760906
       1.325           7    0.336408    0.338999 0.000764971
       1.325           8    0.342103    0.339387 0.000761421
       1.325           9    0.335088    0.338909 0.000812988
       1.325          10    0.339116     0.33893 0.000731951
       1.325          11    0.341599    0.339173 0.000704486
       1.325          12    0.328831    0.338311  0.00104779
       1.325          13    0.338004    0.338287 0.000967459
       1.325          14    0.334482    0.338015 0.000935759
       1.325          15    0.339085    0.338087 0.000876087
       1.325          16    0.340861     0.33826 0.000838318
       1.325          17    0.333035    0.337953  0.00084347
       1.325          18    0.336606    0.337878 0.000799923
       1.325          19    0.342668     0.33813 0.000796555
       1.325          20    0.337864    0.338117 0.000756838
        1.35           1     0.33326     0.33326           0
        1.35           2    0.325854    0.329557  0.00261849
        1.35           3    0.329733    0.329616  0.00174632
        1.35           4    0.331338    0.330047   0.0013618
        1.35           5    0.328016     0.32964   0.0011484
        1.35           6    0.334003    0.330367  0.00116461
        1.35           7    0.323314     0.32936  0.00136631
        1.35           8    0.330631    0.329519  0.00120472
        1.35           9    0.334691    0.330093  0.00120015
        1.35          10    0.332209    0.330305  0.00109862
        1.35          11    0.341074    0.331284  0.00136703
        1.35          12    0.324876     0.33075  0.00135339
        1.35          13    0.336079     0.33116   0.0013099
        1.35          14    0.333848    0.331352  0.00123033
        1.35          15    0.330804    0.331315  0.00114885
        1.35          16    0.339924    0.331853  0.00119641
        1.35          17    0.325775    0.331496  0.00117824
        1.35          18    0.325285    0.331151  0.00116221
        1.35          19    0.336781    0.331447  0.00113819
        1.35          20    0.337016    0.331726  0.00111483
       1.375           1    0.319899    0.319899           0
       1.375           2    0.322696    0.321297 0.000988816
       1.375           3    0.322346    0.321647 0.000718393
       1.375           4    0.324401    0.322335 0.000803581
       1.375           5    0.325495    0.322967 0.000856018
       1.375           6    0.323114    0.322992 0.000713696
       1.375           7    0.323629    0.323083 0.000617526
       1.375           8    0.312987    0.321821  0.00129831
       1.375           9    0.321328    0.321766  0.00115521
       1.375          10     0.31847    0.321436  0.00108569
       1.375          11    0.315548    0.320901  0.00111117
       1.375          12    0.328674    0.321549  0.00119253
       1.375          13    0.329811    0.322184  0.00125882
       1.375          14     0.32819    0.322613  0.00123985
       1.375          15    0.324767    0.322757  0.00116548
       1.375          16    0.321778    0.322696  0.00109424
       1.375          17    0.318667    0.322459  0.00105522
       1.375          18    0.313688    0.321972  0.00110339
       1.375          19    0.321265    0.321934  0.00104594
       1.375          20    0.326654     0.32217  0.00101992
         1.4           1    0.321216    0.321216           0
         1.4           2    0.319252    0.320234  0.00069432
         1.4           3    0.319947    0.320138  0.00046946
         1.4           4    0.315439    0.318963  0.00107676
         1.4           5    0.313793    0.317929  0.00126396
         1.4           6    0.314104    0.317292  0.00120344
         1.4           7    0.319703    0.317636  0.00107971
         1.4           8    0.312313    0.316971  0.00113134
         1.4           9    0.317132    0.316989  0.00100578
         1.4          10    0.312995    0.316589 0.000981308
         1.4          11    0.320089    0.316908 0.000942276
         1.4          12    0.320812    0.317233 0.000918203
         1.4          13    0.313031     0.31691 0.000902659
         1.4          14    0.320867    0.317192 0.000881338
         1.4          15    0.318186    0.317259 0.000825067
         1.4          16    0.322901    0.317611 0.000845518
         1.4          17    0.312035    0.317283 0.000857048
         1.4          18    0.316819    0.317257 0.000809821
         1.4          19    0.320774    0.317443  0.00078807
         1.4          20    0.313883    0.317265 0.000768497
       1.425           1    0.306867    0.306867           0
       1.425           2    0.311841    0.309354  0.00175874
       1.425           3    0.312806    0.310505  0.00150241
       1.425           4    0.312236    0.310938  0.00118754
       1.425           5    0.312335    0.311217 0.000982389
       1.425           6    0.302979    0.309844    0.001497
       1.425           7    0.304214     0.30904  0.00148355
       1.425           8    0.319056    0.310292  0.00174834
       1.425           9    0.319159    0.311277   0.0018105
       1.425          10    0.312419    0.311391  0.00163305
       1.425          11    0.307924    0.311076   0.0015147
       1.425          12    0.316226    0.311505  0.00144799
       1.425          13    0.318079    0.312011  0.00142216
       1.425          14    0.313449    0.312114  0.00132429
       1.425          15    0.314809    0.312293  0.00124813
       1.425          16    0.305149    0.311847  0.00124743
       1.425          17    0.313712    0.311957  0.00117887
       1.425          18    0.316085    0.312186  0.00113547
       1.425          19    0.306462    0.311885  0.00111495
       1.425          20    0.315473    0.312064  0.00107354
        1.45           1    0.307929    0.307929           0
        1.45           2    0.310091     0.30901 0.000764412
        1.45           3    0.303731     0.30725  0.00152433
        1.45           4    0.300707    0.305614  0.00182036
        1.45           5    0.307798    0.306051  0.00150778
        1.45           6    0.307977    0.306372  0.00129021
        1.45           7      0.3095    0.306819  0.00118073
        1.45           8    0.304142    0.306484   0.0010795
        1.45           9    0.306318    0.306466 0.000959713
        1.45          10    0.306454    0.306465 0.000863742
        1.45          11    0.309115    0.306706 0.000818144
        1.45          12    0.305576    0.306612 0.000755358
        1.45          13    0.302419    0.306289 0.000762987
        1.45          14    0.306593    0.306311 0.000708796
        1.45          15    0.303636    0.306132 0.000683604
        1.45          16    0.301687    0.305855 0.000695062
        1.45          17    0.305631    0.305841 0.000654301
        1.45          18    0.307007    0.305906 0.000621149
        1.45          19    0.303867    0.305799 0.000597656
        1.45          20    0.306467    0.305832 0.000568707
       1.475           1    0.296252    0.296252           0
       1.475           2    0.301791    0.299021  0.00195854
       1.475           3     0.29983    0.299291  0.00132409
       1.475           4    0.297791    0.298916  0.00104481
       1.475           5    0.298621    0.298857 0.000837514
       1.475           6    0.297914      0.2987 0.000712526
       1.475           7    0.298631     0.29869 0.000610804
       1.475           8    0.293414     0.29803 0.000816203
       1.475           9      0.2967    0.297883 0.000738773
       1.475          10     0.30686     0.29878  0.00108048
       1.475          11    0.297373    0.298652 0.000989798
       1.475          12    0.296339     0.29846 0.000925901
       1.475          13    0.301729    0.298711 0.000888173
       1.475          14     0.29343    0.298334 0.000901293
       1.475          15    0.295442    0.298141 0.000861574
       1.475          16    0.299231    0.298209 0.000810415
       1.475          17    0.304856      0.2986 0.000851863
       1.475          18    0.300802    0.298723 0.000813275
       1.475          19    0.302505    0.298922 0.000794459
       1.475          20    0.299686     0.29896 0.000755654
         1.5           1     0.28969     0.28969           0
         1.5           2    0.286967    0.288328 0.000962723
         1.5           3    0.297364     0.29134  0.00254172
         1.5           4    0.291284    0.291326  0.00190633
         1.5           5     0.29979    0.293019  0.00214898
         1.5           6    0.298886    0.293997  0.00200099
         1.5           7    0.291557    0.293648  0.00174523
         1.5           8    0.295575    0.293889  0.00154361
         1.5           9    0.289734    0.293427   0.0014395
         1.5          10    0.289772    0.293062  0.00134116
         1.5          11    0.291967    0.292962  0.00122292
         1.5          12    0.291194    0.292815  0.00112985
         1.5          13    0.290963    0.292673  0.00105189
         1.5          14    0.292533    0.292663 0.000976801
         1.5          15    0.291359    0.292576 0.000915537
         1.5          16    0.293687    0.292645 0.000860945
         1.5          17      0.2934     0.29269 0.000811445
         1.5          18    0.297069    0.292933 0.000802019
         1.5          19    0.295123    0.293048 0.000768047
         1.5          20    0.296291     0.29321 0.000746565
       1.525           1    0.288228    0.288228           0
       1.525           2    0.291511     0.28987  0.00116085
       1.525           3    0.288236    0.289325  0.00089257
       1.525           4    0.291219    0.289798 0.000785063
       1.525           5     0.28799    0.289437 0.000706439
       1.525           6    0.288266    0.289242 0.000615073
       1.525           7    0.287368    0.288974 0.000582527
       1.525           8    0.282504    0.288165 0.000912214
       1.525           9    0.288104    0.288159 0.000810882
       1.525          10    0.286763    0.288019 0.000741702
       1.525          11      0.2899     0.28819 0.000693704
       1.525          12    0.287236    0.288111  0.00064043
       1.525          13    0.286915    0.288019 0.000597732
       1.525          14    0.288494    0.288053 0.000556002
       1.525          15    0.286622    0.287957 0.000527055
       1.525          16    0.287575    0.287933 0.000494655
       1.525          17    0.286126    0.287827 0.000476847
       1.525          18      0.2833    0.287575 0.000512414
       1.525          19    0.290355    0.287722 0.000505891
       1.525          20    0.288762    0.287774 0.000483265
        1.55           1    0.278329    0.278329           0
        1.55           2    0.281281    0.279805  0.00104342
        1.55           3    0.284109     0.28124  0.00136247
        1.55           4    0.288722     0.28311  0.00191536
        1.55           5    0.283724    0.283233  0.00153621
        1.55           6    0.280485    0.282775  0.00134674
        1.55           7    0.282504    0.282736   0.0011549
        1.55           8    0.276716    0.281984  0.00123156
        1.55           9    0.283469    0.282149  0.00110572
        1.55          10     0.28886     0.28282  0.00118141
        1.55          11    0.283339    0.282867  0.00107495
        1.55          12    0.283854    0.282949  0.00098851
        1.55          13     0.27844    0.282602 0.000971434
        1.55          14    0.283952    0.282699 0.000906817
        1.55          15    0.279838    0.282508  0.00086618
        1.55          16    0.280388    0.282376 0.000822113
        1.55          17    0.278575    0.282152 0.000803573
        1.55          18    0.281721    0.282128 0.000759286
        1.55          19    0.283704    0.282211 0.000723843
        1.55          20    0.279218    0.282061 0.000702952
       1.575           1    0.275101    0.275101           0
       1.575           2    0.277931    0.276516  0.00100055
       1.575           3    0.276445    0.276493 0.000667314
       1.575           4    0.274579    0.276014 0.000649757
       1.575           5    0.278051    0.276421 0.000634758
       1.575           6    0.268511    0.275103  0.00131464
       1.575           7     0.27529     0.27513  0.00112711
       1.575           8     0.27668    0.275324  0.00100275
       1.575           9    0.276561    0.275461 0.000900716
       1.575          10    0.273631    0.275278 0.000829034
       1.575          11    0.277706    0.275499 0.000782498
       1.575          12    0.269045    0.274961 0.000882954
       1.575          13    0.277924    0.275189 0.000843946
       1.575          14     0.27508    0.275181   0.0007837
       1.575          15    0.278177    0.275381 0.000756477
       1.575          16    0.279168    0.275618 0.000745308
       1.575          17    0.272635    0.275442 0.000721824
       1.575          18    0.276668     0.27551 0.000684928
       1.575          19    0.274795    0.275473 0.000649914
       1.575          20    0.277887    0.275593 0.000628531
         1.6           1    0.274501    0.274501           0
         1.6           2    0.273367    0.273934 0.000400898
         1.6           3    0.269463    0.272444   0.0012459
         1.6           4    0.270642    0.271993  0.00101258
         1.6           5      0.2655    0.270695  0.00141617
         1.6           6    0.266544    0.270003   0.0013385
         1.6           7     0.26574    0.269394   0.0012783
         1.6           8    0.268023    0.269222  0.00112994
         1.6           9    0.273068     0.26965  0.00108218
         1.6          10     0.27338    0.270023  0.00103625
         1.6          11    0.267964    0.269836 0.000958804
         1.6          12    0.267194    0.269615 0.000903825
         1.6          13    0.273665    0.269927 0.000886353
         1.6          14    0.267164     0.26973 0.000844721
         1.6          15    0.267104    0.269555 0.000806338
         1.6          16    0.270151    0.269592 0.000756804
         1.6          17    0.273907    0.269846 0.000753659
         1.6          18    0.268168    0.269753 0.000717529
         1.6          19    0.268684    0.269696 0.000681963
         1.6          20    0.270475    0.269735 0.000648977
       1.625           1    0.261584    0.261584           0
       1.625           2    0.264848    0.263216  0.00115399
       1.625           3    0.266659    0.264364  0.00121251
       1.625           4    0.255852    0.262236  0.00205497
       1.625           5    0.264848    0.262758  0.00170909
       1.625           6    0.264156    0.262991  0.00144004
       1.625           7    0.264686    0.263233  0.00125452
       1.625           8    0.263007    0.263205  0.00109802
       1.625           9    0.262991    0.263181 0.000976278
       1.625          10    0.262987    0.263162 0.000878842
       1.625          11    0.263766    0.263217 0.000800662
       1.625          12    0.260189    0.262964 0.000772661
       1.625          13    0.261179    0.262827 0.000725331
       1.625          14    0.263845      0.2629 0.000677157
       1.625          15    0.269689    0.263352  0.00076855
       1.625          16    0.261827    0.263257 0.000726405
       1.625          17    0.264955    0.263357 0.000690509
       1.625          18    0.263983    0.263392 0.000653023
       1.625          19     0.26763    0.263615 0.000655651
       1.625          20    0.260514     0.26346 0.000640934
        1.65           1    0.258908    0.258908           0
        1.65           2    0.262651    0.260779   0.0013233
        1.65           3    0.260061     0.26054 0.000903606
        1.65           4    0.262403    0.261006 0.000788719
        1.65           5    0.262101    0.261225 0.000660718
        1.65           6    0.258427    0.260759 0.000695948
        1.65           7    0.261617    0.260881 0.000607237
        1.65           8    0.262081    0.261031 0.000549546
        1.65           9    0.261605    0.261095  0.00049217
        1.65          10    0.261736    0.261159 0.000447106
        1.65          11    0.261022    0.261147 0.000406633
        1.65          12    0.256179    0.260733 0.000544109
        1.65          13    0.259902    0.260669 0.000505993
        1.65          14    0.258465    0.260511 0.000493729
        1.65          15     0.25983    0.260466 0.000462899
        1.65          16    0.261259    0.260515 0.000436612
        1.65          17    0.260543    0.260517 0.000410932
        1.65          18    0.258434    0.260401 0.000404077
        1.65          19    0.259368    0.260347  0.00038645
        1.65          20     0.25693    0.260176  0.00040312
       1.675           1    0.251075    0.251075           0
       1.675           2    0.253985     0.25253  0.00102883
       1.675           3    0.252855    0.252639 0.000691561
       1.675           4    0.254726    0.253161 0.000687959
       1.675           5     0.25341    0.253211 0.000552176
       1.675           6    0.251328    0.252897 0.000541975
       1.675           7    0.253098    0.252926  0.00046531
       1.675           8    0.249179    0.252457  0.00059803
       1.675           9    0.255239    0.252766 0.000606212
       1.675          10    0.252986    0.252788 0.000545989
       1.675          11    0.256995    0.253171 0.000615876
       1.675          12    0.251185    0.253005 0.000586355
       1.675          13     0.25275    0.252986  0.00054158
       1.675          14    0.252057    0.252919 0.000506945
       1.675          15    0.258797    0.253311 0.000605938
       1.675          16    0.255222    0.253431 0.000579719
       1.675          17    0.257023    0.253642 0.000582871
       1.675          18    0.254152     0.25367 0.000551178
       1.675          19    0.260344    0.254022 0.000624143
       1.675          20    0.258415    0.254241 0.000630412
         1.7           1    0.252461    0.252461           0
         1.7           2    0.246936    0.249698   0.0019534
         1.7           3    0.252156    0.250518  0.00146408
         1.7           4    0.246811    0.249591  0.00136008
         1.7           5    0.251035     0.24988  0.00111831
         1.7           6    0.248204      0.2496 0.000966155
         1.7           7    0.251665    0.249895 0.000871978
         1.7           8    0.250299    0.249946 0.000764439
         1.7           9    0.252209    0.250197 0.000719664
         1.7          10    0.250252    0.250203 0.000647718
         1.7          11    0.247563    0.249963 0.000631739
         1.7          12    0.245928    0.249626  0.00066255
         1.7          13    0.244134    0.249204  0.00073403
         1.7          14    0.243921    0.248827 0.000772526
         1.7          15    0.252881    0.249097 0.000766857
         1.7          16    0.250682    0.249196 0.000725302
         1.7          17     0.25275    0.249405 0.000712131
         1.7          18    0.251475     0.24952 0.000681786
         1.7          19    0.248985    0.249492 0.000646483
         1.7          20    0.248832    0.249459 0.000615002
       1.725           1    0.247061    0.247061           0
       1.725           2    0.247276    0.247169 7.59779e-05
       1.725           3    0.244972    0.246436 0.000600089
       1.725           4    0.244101    0.245853 0.000676994
       1.725           5    0.246748    0.246032 0.000564777
       1.725           6    0.250822     0.24683 0.000867578
       1.725           7    0.248152    0.247019 0.000763905
       1.725           8    0.235613    0.245593  0.00149177
       1.725           9    0.246531    0.245697  0.00132965
       1.725          10    0.243606    0.245488  0.00121301
       1.725          11    0.248657    0.245776  0.00113642
       1.725          12    0.241815    0.245446  0.00108861
       1.725          13    0.244298    0.245358  0.00100845
       1.725          14    0.242032     0.24512 0.000963988
       1.725          15      0.2404    0.244806 0.000949695
       1.725          16    0.244611    0.244793 0.000890416
       1.725          17     0.24685    0.244914 0.000846218
       1.725          18    0.246156    0.244983 0.000802012
       1.725          19       0.248    0.245142 0.000775356
       1.725          20    0.243545    0.245062 0.000740691
        1.75           1    0.240539    0.240539           0
        1.75           2     0.24379    0.242164  0.00114929
        1.75           3    0.238601    0.240977  0.00123587
        1.75           4    0.241417    0.241087 0.000931805
        1.75           5    0.240055     0.24088 0.000767951
        1.75           6     0.23694    0.240224 0.000876885
        1.75           7    0.241987    0.240476  0.00078698
        1.75           8    0.247925    0.241407  0.00111038
        1.75           9    0.240417    0.241297 0.000992444
        1.75          10    0.235727     0.24074  0.00103778
        1.75          11    0.245342    0.241158  0.00102429
        1.75          12    0.238836    0.240965 0.000957047
        1.75          13    0.242877    0.241112 0.000894659
        1.75          14    0.243071    0.241252 0.000841628
        1.75          15    0.238639    0.241078 0.000803336
        1.75          16    0.244628      0.2413 0.000783178
        1.75          17    0.236863    0.241039 0.000779383
        1.75          18    0.236061    0.240762 0.000783603
        1.75          19    0.239582      0.2407  0.00074482
        1.75          20    0.239676    0.240649 0.000709337
       1.775           1    0.226933    0.226933           0
       1.775           2    0.234001    0.230467  0.00249886
       1.775           3    0.232887    0.231274  0.00179135
       1.775           4    0.236974    0.232699  0.00182439
       1.775           5    0.235904     0.23334  0.00156806
       1.775           6    0.235347    0.233674  0.00134193
       1.775           7    0.238738    0.234398    0.001331
       1.775           8    0.231775     0.23407  0.00120433
       1.775           9    0.236395    0.234328  0.00109789
       1.775          10    0.233183    0.234214 0.000994049
       1.775          11    0.231812    0.233995  0.00092734
       1.775          12    0.230505    0.233705 0.000894515
       1.775          13    0.232652    0.233624 0.000829363
       1.775          14    0.233674    0.233627  0.00077013
       1.775          15    0.232502    0.233552 0.000722433
       1.775          16    0.239063    0.233897 0.000754945
       1.775          17    0.233746    0.233888 0.000710589
       1.775          18    0.231097    0.233733 0.000687814
       1.775          19       0.232    0.233642 0.000657632
       1.775          20    0.232979    0.233608 0.000625583
         1.8           1    0.227421    0.227421           0
         1.8           2    0.232836    0.230128  0.00191441
         1.8           3    0.231772    0.230676  0.00135237
         1.8           4     0.23141    0.230859  0.00102664
         1.8           5    0.227618    0.230211  0.00100539
         1.8           6    0.224698    0.229292  0.00118557
         1.8           7    0.228761    0.229216  0.00101862
         1.8           8    0.228947    0.229183 0.000891853
         1.8           9    0.232227    0.229521 0.000854495
         1.8          10    0.228659    0.229435 0.000773381
         1.8          11      0.2304    0.229522 0.000708031
         1.8          12    0.231498    0.229687 0.000667898
         1.8          13    0.228821     0.22962 0.000619835
         1.8          14    0.229101    0.229583 0.000576672
         1.8          15    0.229322    0.229566  0.00053849
         1.8          16    0.231084    0.229661 0.000513127
         1.8          17    0.227444     0.22953 0.000499244
         1.8          18    0.226713    0.229374 0.000495437
         1.8          19    0.230989    0.229459 0.000476595
         1.8          20    0.233864    0.229679 0.000501088
       1.825           1    0.227345    0.227345           0
       1.825           2    0.221256      0.2243  0.00215252
       1.825           3    0.225508    0.224703  0.00147216
       1.825           4    0.228708    0.225704  0.00140398
       1.825           5     0.22295    0.225153  0.00122649
       1.825           6    0.225996    0.225294  0.00103008
       1.825           7     0.22715    0.225559 0.000916433
       1.825           8    0.227448    0.225795 0.000831749
       1.825           9    0.226267    0.225848 0.000740981
       1.825          10    0.220864    0.225349 0.000817466
       1.825          11    0.229345    0.225713 0.000819903
       1.825          12    0.225723    0.225713 0.000751578
       1.825          13    0.228961    0.225963 0.000734109
       1.825          14    0.222414     0.22571 0.000724132
       1.825          15    0.230137    0.226005 0.000733552
       1.825          16    0.226267    0.226021 0.000687887
       1.825          17    0.224605    0.225938  0.00065245
       1.825          18     0.22511    0.225892 0.000617824
       1.825          19     0.22882    0.226046 0.000604225
       1.825          20    0.225907    0.226039 0.000574054
        1.85           1    0.223522    0.223522           0
        1.85           2    0.219297     0.22141  0.00149367
        1.85           3     0.22279     0.22187  0.00106428
        1.85           4    0.216668    0.220569  0.00138042
        1.85           5    0.223633    0.221182  0.00123284
        1.85           6    0.218871    0.220797  0.00108586
        1.85           7    0.219485    0.220609 0.000946781
        1.85           8    0.223769    0.221004 0.000907095
        1.85           9    0.222548    0.221176 0.000822353
        1.85          10    0.220832    0.221141 0.000740836
        1.85          11    0.221696    0.221192 0.000675199
        1.85          12    0.224706    0.221485 0.000679488
        1.85          13     0.22078    0.221431 0.000629378
        1.85          14    0.218307    0.221207 0.000622715
        1.85          15     0.22192    0.221255 0.000583008
        1.85          16    0.222762    0.221349 0.000554126
        1.85          17    0.225287    0.221581  0.00056789
        1.85          18     0.21659    0.221303 0.000600225
        1.85          19    0.220223    0.221247  0.00057132
        1.85          20    0.219882    0.221178 0.000546814
       1.875           1    0.213991    0.213991           0
       1.875           2    0.215767    0.214879  0.00062768
       1.875           3     0.21515    0.214969  0.00042489
       1.875           4    0.216277    0.215296 0.000426243
       1.875           5    0.216495    0.215536 0.000402785
       1.875           6     0.21547    0.215525 0.000335806
       1.875           7    0.215925    0.215582 0.000292655
       1.875           8    0.216669    0.215718 0.000285859
       1.875           9    0.216295    0.215782 0.000261187
       1.875          10    0.216165     0.21582  0.00023786
       1.875          11    0.210449    0.215332 0.000513333
       1.875          12    0.216516    0.215431 0.000479938
       1.875          13    0.220339    0.215808 0.000572599
       1.875          14    0.216359    0.215847 0.000533048
       1.875          15    0.215895    0.215851 0.000497521
       1.875          16    0.216687    0.215903 0.000469162
       1.875          17    0.220423    0.216169 0.000511376
       1.875          18    0.219105    0.216332 0.000508314
       1.875          19    0.215985    0.216314 0.000481887
       1.875          20    0.220412    0.216519 0.000499476
         1.9           1    0.214555    0.214555           0
         1.9           2    0.210111    0.212333  0.00157111
         1.9           3    0.209426    0.211364  0.00131265
         1.9           4    0.214796    0.212222   0.0012334
         1.9           5      0.2117    0.212117 0.000991138
         1.9           6    0.210604    0.211865 0.000857441
         1.9           7     0.21451    0.212243 0.000813973
         1.9           8    0.211623    0.212166 0.000715905
         1.9           9    0.211666     0.21211 0.000638507
         1.9          10    0.211925    0.212092 0.000574923
         1.9          11    0.211784    0.212064 0.000523337
         1.9          12    0.214209    0.212242 0.000509335
         1.9          13    0.213841    0.212365 0.000484773
         1.9          14    0.213605    0.212454 0.000458162
         1.9          15     0.21085    0.212347 0.000439925
         1.9          16    0.212819    0.212377 0.000413417
         1.9          17     0.21451    0.212502 0.000407694
         1.9          18    0.215969    0.212695 0.000428128
         1.9          19    0.216695    0.212905 0.000454434
         1.9          20    0.212719    0.212896 0.000431808
       1.925           1    0.209392    0.209392           0
       1.925           2    0.209534    0.209463 5.02726e-05
       1.925           3     0.21263    0.210519 0.000862567
       1.925           4    0.208717    0.210068 0.000755412
       1.925           5    0.209901    0.210035  0.00060507
       1.925           6    0.207799    0.209662 0.000608274
       1.925           7    0.213121    0.210156 0.000693611
       1.925           8    0.206765    0.209732 0.000724965
       1.925           9    0.208652    0.209612 0.000654284
       1.925          10    0.208136    0.209465  0.00060528
       1.925          11    0.206356    0.209182 0.000612684
       1.925          12    0.211735    0.209395 0.000597434
       1.925          13    0.209571    0.209408  0.00055163
       1.925          14    0.209489    0.209414 0.000512258
       1.925          15    0.206421    0.209214 0.000515515
       1.925          16    0.207062     0.20908 0.000500542
       1.925          17    0.208588    0.209051 0.000471935
       1.925          18    0.205254     0.20884 0.000490609
       1.925          19    0.209178    0.208858 0.000465111
       1.925          20     0.21214    0.209022  0.00046991
        1.95           1    0.201843    0.201843           0
        1.95           2    0.207068    0.204456  0.00184732
        1.95           3    0.207402    0.205438  0.00146954
        1.95           4    0.203671    0.204996  0.00116664
        1.95           5     0.20582    0.205161 0.000944865
        1.95           6     0.20264    0.204741 0.000875828
        1.95           7    0.203051    0.204499 0.000783255
        1.95           8     0.20725    0.204843 0.000757082
        1.95           9    0.203751    0.204722 0.000682625
        1.95          10    0.202637    0.204513 0.000645421
        1.95          11    0.203884    0.204456 0.000589275
        1.95          12    0.204261     0.20444 0.000540393
        1.95          13    0.201289    0.204197 0.000550499
        1.95          14     0.20933    0.204564 0.000621379
        1.95          15    0.201317    0.204348 0.000616509
        1.95          16    0.207409    0.204539 0.000606937
        1.95          17    0.204907    0.204561 0.000571621
        1.95          18    0.209117    0.204814 0.000593281
        1.95          19    0.201977    0.204664 0.000580544
        1.95          20    0.203119    0.204587 0.000556637
       1.975           1    0.199266    0.199266           0
       1.975           2     0.20114    0.200203 0.000662415
       1.975           3     0.19965    0.200018 0.000466561
       1.975           4    0.201888    0.200486 0.000535107
       1.975           5    0.198399    0.200069 0.000568005
       1.975           6    0.199766    0.200018 0.000475571
       1.975           7     0.20416     0.20061 0.000682875
       1.975           8    0.198603    0.200359 0.000641953
       1.975           9    0.199507    0.200264  0.00057757
       1.975          10    0.201055    0.200343 0.000525201
       1.975          11    0.198243    0.200152 0.000510988
       1.975          12    0.199541    0.200102 0.000470937
       1.975          13    0.197301    0.199886 0.000481462
       1.975          14    0.204805    0.200237 0.000560818
       1.975          15    0.203557    0.200459 0.000565408
       1.975          16    0.199288    0.200386 0.000534782
       1.975          17    0.198809    0.200293 0.000511305
       1.975          18    0.199443    0.200246 0.000485072
       1.975          19    0.203032    0.200392 0.000481194
       1.975          20    0.200169    0.200381 0.000457264
           2           1    0.197903    0.197903           0
           2           2    0.194338    0.196121  0.00126037
           2           3     0.19747     0.19657 0.000916992
           2           4    0.200189    0.197475  0.00104251
           2           5    0.194518    0.196884 0.000987643
           2           6    0.194796    0.196536 0.000882169
           2           7    0.193452    0.196095 0.000859099
           2           8    0.197494     0.19627 0.000769298
           2           9    0.196683    0.196316 0.000685184
           2          10    0.197935    0.196478 0.000635497
           2          11    0.195421    0.196382 0.000584942
           2          12    0.194178    0.196198   0.0005643
           2          13    0.194614    0.196076 0.000533879
           2          14    0.196994    0.196142 0.000499755
           2          15    0.191521    0.195834 0.000553306
           2          16    0.192597    0.195631  0.00055447
           2          17    0.197697    0.195753 0.000535005
           2          18    0.196774     0.19581 0.000508278
           2          19    0.198957    0.195975 0.000507795
           2          20    0.197882    0.196071 0.000491273
