#       T       BLOCK:   ACTUAL_CV:    CV_AVE:      ERROR:
         0.5           1    0.289271    0.289271           0
         0.5           2    0.340809     0.31504   0.0182217
         0.5           3     0.37502    0.335033   0.0203483
         0.5           4    0.315699      0.3302   0.0158249
         0.5           5    0.332492    0.330658   0.0126666
         0.5           6    0.353223    0.334419   0.0110998
         0.5           7    0.351008    0.336789  0.00976378
         0.5           8    0.346597    0.338015  0.00861993
         0.5           9    0.285674    0.332199  0.00942189
         0.5          10    0.283266    0.327306  0.00966724
         0.5          11    0.285368    0.323493  0.00951051
         0.5          12    0.351074    0.325792  0.00899141
         0.5          13    0.307943    0.324419  0.00840394
         0.5          14    0.380921    0.328455  0.00871904
         0.5          15    0.261291    0.323977  0.00921605
         0.5          16    0.253083    0.319546  0.00964655
         0.5          17    0.343454    0.320953  0.00918105
         0.5          18    0.318538    0.320818  0.00867197
         0.5          19    0.355504    0.322644  0.00840551
         0.5          20    0.345677    0.323796  0.00806374
       0.525           1     0.38759     0.38759           0
       0.525           2    0.421079    0.404335   0.0118398
       0.525           3    0.355783    0.388151    0.015392
       0.525           4    0.389254    0.388426   0.0115464
       0.525           5    0.383828    0.387507  0.00927371
       0.525           6     0.37883    0.386061  0.00784003
       0.525           7    0.379176    0.385077  0.00678143
       0.525           8    0.351567    0.380888  0.00711071
       0.525           9    0.358102    0.378357  0.00675633
       0.525          10    0.392645    0.379785  0.00622995
       0.525          11    0.355087     0.37754  0.00605471
       0.525          12    0.368371    0.376776  0.00559815
       0.525          13    0.349521    0.374679  0.00554624
       0.525          14    0.370302    0.374367  0.00515888
       0.525          15    0.350221    0.372757  0.00505986
       0.525          16    0.373124     0.37278  0.00474367
       0.525          17    0.326876     0.37008  0.00517643
       0.525          18    0.377901    0.370514  0.00490705
       0.525          19    0.391075    0.371596  0.00476661
       0.525          20    0.351586    0.370596   0.0046321
        0.55           1    0.403201    0.403201           0
        0.55           2     0.35306    0.378131   0.0177275
        0.55           3    0.400993    0.385751   0.0133562
        0.55           4    0.397894    0.388787   0.0103564
        0.55           5    0.415478    0.394125  0.00956243
        0.55           6    0.404974    0.395933  0.00813784
        0.55           7    0.394302      0.3957  0.00697863
        0.55           8    0.396308    0.395776  0.00610671
        0.55           9    0.413001     0.39769  0.00572025
        0.55          10    0.409267    0.398848  0.00526408
        0.55          11    0.392406    0.398262  0.00481799
        0.55          12    0.397132    0.398168  0.00441741
        0.55          13    0.373969    0.396306  0.00445256
        0.55          14    0.383784    0.395412  0.00422341
        0.55          15    0.372861    0.393909  0.00420091
        0.55          16    0.409634    0.394891   0.0040517
        0.55          17    0.420404    0.396392  0.00408185
        0.55          18    0.392457    0.396174  0.00386093
        0.55          19    0.402351    0.396499  0.00367139
        0.55          20    0.375421    0.395445  0.00363593
       0.575           1      0.4056      0.4056           0
       0.575           2    0.435217    0.420408   0.0104714
       0.575           3    0.455795    0.432204   0.0118949
       0.575           4    0.412015    0.427157  0.00993445
       0.575           5    0.404391    0.422603  0.00893024
       0.575           6    0.425519    0.423089  0.00745508
       0.575           7    0.393631    0.418881   0.0074842
       0.575           8    0.405214    0.417173  0.00674085
       0.575           9    0.412371    0.416639  0.00601294
       0.575          10    0.402921    0.415267  0.00556592
       0.575          11    0.418467    0.415558  0.00506752
       0.575          12    0.407367    0.414876  0.00469098
       0.575          13    0.435456    0.416459   0.0045895
       0.575          14    0.401792    0.415411   0.0043796
       0.575          15     0.39118    0.413796  0.00437542
       0.575          16    0.388015    0.412184  0.00438864
       0.575          17    0.394801    0.411162  0.00424794
       0.575          18    0.442057    0.412878  0.00434488
       0.575          19    0.412026    0.412833  0.00411644
       0.575          20    0.437351    0.414059  0.00408908
         0.6           1    0.418152    0.418152           0
         0.6           2    0.418106    0.418129 1.63169e-05
         0.6           3    0.401914    0.412724   0.0044131
         0.6           4    0.416071     0.41356  0.00338822
         0.6           5    0.425693    0.415987  0.00347239
         0.6           6    0.391274    0.411868  0.00474458
         0.6           7    0.428989    0.414314  0.00465472
         0.6           8    0.445934    0.418267  0.00550076
         0.6           9    0.438629    0.420529  0.00533459
         0.6          10    0.431514    0.421628  0.00491293
         0.6          11    0.418591    0.421351  0.00447405
         0.6          12    0.420821    0.421307  0.00410143
         0.6          13     0.43106    0.422057  0.00385394
         0.6          14    0.429339    0.422578  0.00361359
         0.6          15    0.424479    0.422704   0.0033749
         0.6          16    0.411709    0.422017  0.00323318
         0.6          17    0.421343    0.421977  0.00304324
         0.6          18     0.41391    0.421529  0.00290699
         0.6          19    0.412073    0.421032  0.00279627
         0.6          20    0.380895    0.419025  0.00329889
       0.625           1    0.425097    0.425097           0
       0.625           2    0.435352    0.430224  0.00362566
       0.625           3    0.429033    0.429827  0.00243875
       0.625           4    0.416188    0.426418  0.00347356
       0.625           5     0.41533      0.4242  0.00341406
       0.625           6    0.414216    0.422536  0.00322521
       0.625           7    0.442287    0.425358  0.00380341
       0.625           8    0.417255    0.424345  0.00346019
       0.625           9    0.420824    0.423954  0.00309777
       0.625          10    0.413948    0.422953  0.00294514
       0.625          11    0.406974      0.4215  0.00301442
       0.625          12    0.442323    0.423236  0.00322419
       0.625          13    0.431698    0.423887  0.00304117
       0.625          14    0.418552    0.423506  0.00284772
       0.625          15    0.407441    0.422435  0.00285215
       0.625          16    0.421413    0.422371   0.0026746
       0.625          17    0.411825     0.42175  0.00258821
       0.625          18    0.439788    0.422752  0.00263127
       0.625          19    0.449749    0.424173  0.00285071
       0.625          20    0.437449    0.424837  0.00278438
        0.65           1    0.441564    0.441564           0
        0.65           2    0.430739    0.436152  0.00382746
        0.65           3     0.46248    0.444928  0.00760642
        0.65           4    0.396146    0.432732   0.0120038
        0.65           5    0.460737    0.438333   0.0108312
        0.65           6    0.433594    0.437543  0.00905472
        0.65           7    0.421426    0.435241  0.00804861
        0.65           8    0.433701    0.435048  0.00704483
        0.65           9    0.412406    0.432533  0.00669625
        0.65          10    0.415206      0.4308  0.00624677
        0.65          11    0.446364    0.432215  0.00583691
        0.65          12    0.377915     0.42769  0.00688454
        0.65          13    0.417274    0.426889  0.00640141
        0.65          14    0.398234    0.424842  0.00626284
        0.65          15    0.446779    0.426304  0.00601365
        0.65          16    0.435427    0.426875  0.00566476
        0.65          17    0.466754     0.42922  0.00579694
        0.65          18    0.440377     0.42984  0.00550793
        0.65          19    0.418853    0.429262  0.00524831
        0.65          20    0.450372    0.430317  0.00509093
       0.675           1    0.439653    0.439653           0
       0.675           2    0.447225    0.443439  0.00267706
       0.675           3     0.43431    0.440396  0.00305915
       0.675           4    0.421909    0.435774  0.00461349
       0.675           5    0.435285    0.435676  0.00369183
       0.675           6    0.454914    0.438883  0.00424641
       0.675           7    0.456712     0.44143  0.00433691
       0.675           8    0.416838    0.438356  0.00476114
       0.675           9    0.436111    0.438106  0.00423865
       0.675          10    0.448242     0.43912  0.00393409
       0.675          11    0.440724    0.439266  0.00357915
       0.675          12    0.459561    0.440957  0.00365873
       0.675          13    0.444441    0.441225  0.00338709
       0.675          14    0.433697    0.440687  0.00318755
       0.675          15     0.43293     0.44017  0.00301671
       0.675          16    0.445319    0.440492  0.00284528
       0.675          17    0.411538    0.438789  0.00314664
       0.675          18    0.466779    0.440344  0.00333398
       0.675          19    0.446332    0.440659  0.00317337
       0.675          20    0.435052    0.440379  0.00302706
         0.7           1    0.421697    0.421697           0
         0.7           2    0.419773    0.420735 0.000680094
         0.7           3    0.430313    0.423928  0.00264603
         0.7           4     0.41796    0.422436  0.00236803
         0.7           5     0.39852    0.417653  0.00467894
         0.7           6     0.39397    0.413705  0.00530907
         0.7           7    0.412683    0.413559  0.00455264
         0.7           8    0.431489    0.415801  0.00450151
         0.7           9    0.430132    0.417393  0.00427372
         0.7          10     0.42288    0.417942  0.00388141
         0.7          11    0.464359    0.422161   0.0053515
         0.7          12    0.413159    0.421411  0.00495784
         0.7          13    0.408521     0.42042  0.00467457
         0.7          14    0.422915    0.420598  0.00434407
         0.7          15    0.447249    0.422375  0.00440284
         0.7          16    0.405085    0.421294   0.0042582
         0.7          17    0.397548    0.419897  0.00423063
         0.7          18    0.447999    0.421458  0.00427397
         0.7          19    0.403321    0.420504  0.00415426
         0.7          20     0.43556    0.421257  0.00401417
       0.725           1    0.432399    0.432399           0
       0.725           2    0.443936    0.438167  0.00407907
       0.725           3    0.426875    0.434403   0.0041038
       0.725           4     0.43711     0.43508  0.00313314
       0.725           5    0.431198    0.434303  0.00260094
       0.725           6    0.446904    0.436403  0.00289367
       0.725           7    0.448766     0.43817  0.00297075
       0.725           8    0.431685    0.437359  0.00270775
       0.725           9     0.44199    0.437873  0.00245528
       0.725          10    0.426428    0.436729  0.00246213
       0.725          11    0.440604    0.437081  0.00226335
       0.725          12    0.420376    0.435689  0.00246598
       0.725          13    0.440035    0.436023  0.00229883
       0.725          14    0.462944    0.437946  0.00282667
       0.725          15    0.442708    0.438264  0.00265599
       0.725          16    0.460232    0.439637  0.00282267
       0.725          17    0.437408    0.439506  0.00265968
       0.725          18    0.426959    0.438809  0.00260165
       0.725          19    0.417312    0.437677  0.00269955
       0.725          20     0.41656    0.436621  0.00276335
        0.75           1    0.433727    0.433727           0
        0.75           2     0.43239    0.433059 0.000472644
        0.75           3    0.421005    0.429041  0.00329585
        0.75           4    0.445321    0.433111  0.00430517
        0.75           5    0.450079    0.436504  0.00459075
        0.75           6    0.424493    0.434503  0.00423968
        0.75           7    0.430663    0.433954  0.00366932
        0.75           8    0.446774    0.435557  0.00354334
        0.75           9    0.450591    0.437227  0.00352146
        0.75          10    0.409637    0.434468  0.00411042
        0.75          11    0.432775    0.434314  0.00373963
        0.75          12     0.41656    0.432835  0.00370914
        0.75          13    0.454525    0.434503  0.00378052
        0.75          14    0.443462    0.435143  0.00356423
        0.75          15    0.445064    0.435804  0.00338743
        0.75          16     0.42588    0.435184    0.003232
        0.75          17    0.435155    0.435182  0.00304188
        0.75          18    0.444027    0.435674   0.0029123
        0.75          19    0.423671    0.435042   0.0028267
        0.75          20    0.446715    0.435626  0.00274496
       0.775           1    0.457658    0.457658           0
       0.775           2     0.42952    0.443589  0.00994824
       0.775           3    0.413976    0.433718   0.0104376
       0.775           4    0.438342    0.434874  0.00789196
       0.775           5    0.449948    0.437889  0.00686532
       0.775           6    0.438275    0.437953  0.00572141
       0.775           7    0.444331    0.438864  0.00497608
       0.775           8    0.431248    0.437912  0.00444421
       0.775           9    0.454003      0.4397  0.00429502
       0.775          10    0.437474    0.439478  0.00387128
       0.775          11     0.45957    0.441304  0.00392669
       0.775          12    0.436197    0.440879  0.00362246
       0.775          13    0.438335    0.440683  0.00334909
       0.775          14    0.441756     0.44076  0.00311075
       0.775          15     0.43404    0.440312  0.00293544
       0.775          16    0.436742    0.440089  0.00276044
       0.775          17    0.435736    0.439833  0.00260991
       0.775          18    0.460999    0.441008  0.00271694
       0.775          19    0.434643    0.440673  0.00259452
       0.775          20    0.449047    0.441092  0.00249834
         0.8           1    0.446933    0.446933           0
         0.8           2    0.437127     0.44203  0.00346699
         0.8           3    0.435422    0.439827  0.00292872
         0.8           4    0.420662    0.435036    0.004695
         0.8           5    0.437154     0.43546  0.00377506
         0.8           6    0.445572    0.437145  0.00350196
         0.8           7    0.456131    0.439857  0.00391349
         0.8           8    0.438069    0.439634  0.00343068
         0.8           9    0.440085    0.439684  0.00304986
         0.8          10    0.428342     0.43855  0.00294823
         0.8          11    0.460375    0.440534  0.00328059
         0.8          12    0.409383    0.437938  0.00390133
         0.8          13    0.434335    0.437661  0.00361106
         0.8          14     0.44442    0.438143  0.00338525
         0.8          15     0.44937    0.438892  0.00324124
         0.8          16    0.449372    0.439547  0.00310414
         0.8          17    0.450669    0.440201   0.0029897
         0.8          18     0.43603    0.439969  0.00283257
         0.8          19    0.436714    0.439798  0.00268866
         0.8          20    0.438912    0.439754  0.00255459
       0.825           1    0.442014    0.442014           0
       0.825           2    0.443289    0.442652 0.000450744
       0.825           3    0.449175    0.444826  0.00180056
       0.825           4    0.446538    0.445254  0.00140034
       0.825           5    0.443345    0.444872  0.00117114
       0.825           6    0.428826    0.442198  0.00262927
       0.825           7    0.443294    0.442354  0.00225832
       0.825           8    0.441712    0.442274  0.00197746
       0.825           9    0.442751    0.442327  0.00175845
       0.825          10    0.456182    0.443713  0.00205725
       0.825          11    0.431782    0.442628  0.00213709
       0.825          12    0.439641    0.442379  0.00197344
       0.825          13    0.424353    0.440992  0.00225681
       0.825          14    0.439017    0.440851  0.00210001
       0.825          15    0.437129    0.440603  0.00197462
       0.825          16    0.438612    0.440479  0.00185512
       0.825          17    0.453487    0.441244  0.00189725
       0.825          18    0.446127    0.441515  0.00181114
       0.825          19    0.429854    0.440902  0.00181683
       0.825          20    0.451908    0.441452  0.00180742
        0.85           1    0.438637    0.438637           0
        0.85           2    0.424884    0.431761   0.0048622
        0.85           3    0.430463    0.431328  0.00326065
        0.85           4    0.436149    0.432533  0.00265894
        0.85           5    0.445466     0.43512  0.00314272
        0.85           6    0.436016    0.435269  0.00262248
        0.85           7    0.447256    0.436982  0.00275066
        0.85           8    0.444055    0.437866  0.00254498
        0.85           9    0.426326    0.436584  0.00256495
        0.85          10    0.439052     0.43683   0.0023203
        0.85          11    0.444797    0.437555  0.00221951
        0.85          12    0.421403    0.436209  0.00240833
        0.85          13    0.433819    0.436025  0.00223008
        0.85          14    0.448947    0.436948  0.00225373
        0.85          15    0.431922    0.436613  0.00212824
        0.85          16    0.449819    0.437438  0.00214933
        0.85          17    0.431572    0.437093  0.00205041
        0.85          18    0.445968    0.437586   0.0019949
        0.85          19    0.445451       0.438  0.00193237
        0.85          20    0.426198     0.43741  0.00192375
       0.875           1    0.432665    0.432665           0
       0.875           2    0.430071    0.431368 0.000916983
       0.875           3    0.443169    0.435302   0.0032696
       0.875           4    0.457616     0.44088   0.0054179
       0.875           5    0.428415    0.438387  0.00487431
       0.875           6    0.420552    0.435415  0.00488497
       0.875           7    0.427162    0.434236  0.00432703
       0.875           8    0.431994    0.433956  0.00379522
       0.875           9    0.440464    0.434679  0.00344173
       0.875          10    0.441187     0.43533   0.0031585
       0.875          11      0.4492    0.436591  0.00311292
       0.875          12    0.430501    0.436083  0.00289457
       0.875          13    0.448996    0.437076  0.00283723
       0.875          14    0.449067    0.437933  0.00276082
       0.875          15     0.45187    0.438862  0.00272863
       0.875          16    0.441621    0.439034  0.00256354
       0.875          17     0.42789    0.438379  0.00249515
       0.875          18    0.453194    0.439202  0.00248859
       0.875          19    0.436189    0.439043  0.00236266
       0.875          20    0.443013    0.439242  0.00225285
         0.9           1    0.433748    0.433748           0
         0.9           2    0.439722    0.436735  0.00211214
         0.9           3    0.436913    0.436794  0.00140892
         0.9           4    0.435372    0.436439  0.00110065
         0.9           5    0.427933    0.434737  0.00175791
         0.9           6    0.445911      0.4366  0.00224408
         0.9           7    0.443102    0.437528  0.00210697
         0.9           8    0.458826    0.440191  0.00309845
         0.9           9    0.421592    0.438124  0.00337365
         0.9          10    0.428824    0.437194  0.00316187
         0.9          11    0.435983    0.437084  0.00287634
         0.9          12     0.40866    0.434715  0.00347781
         0.9          13    0.432656    0.434557  0.00321389
         0.9          14    0.438092    0.434809  0.00299423
         0.9          15    0.436995    0.434955  0.00279816
         0.9          16    0.444623    0.435559  0.00268772
         0.9          17    0.450953    0.436465  0.00267781
         0.9          18    0.425799    0.435872  0.00259378
         0.9          19    0.440152    0.436098  0.00246702
         0.9          20    0.423961    0.435491  0.00241716
       0.925           1    0.421283    0.421283           0
       0.925           2    0.444414    0.432848  0.00817806
       0.925           3    0.430899    0.432198  0.00547778
       0.925           4    0.434048    0.432661  0.00412781
       0.925           5    0.439475    0.434024  0.00352008
       0.925           6     0.44092    0.435173  0.00311539
       0.925           7    0.416615    0.432522  0.00362697
       0.925           8     0.43354    0.432649  0.00317583
       0.925           9    0.416577    0.430863  0.00328693
       0.925          10    0.436821    0.431459  0.00301174
       0.925          11    0.415161    0.429977   0.0030809
       0.925          12    0.434613    0.430364  0.00284828
       0.925          13    0.449119    0.431806  0.00297218
       0.925          14    0.435751    0.432088  0.00277321
       0.925          15    0.429057    0.431886  0.00259568
       0.925          16    0.442443    0.432546  0.00251592
       0.925          17    0.433238    0.432587  0.00236825
       0.925          18    0.436941    0.432829    0.002249
       0.925          19    0.423792    0.432353  0.00218034
       0.925          20    0.434022    0.432436  0.00207292
        0.95           1    0.444912    0.444912           0
        0.95           2    0.424318    0.434615  0.00728093
        0.95           3    0.436576    0.435269  0.00488322
        0.95           4    0.426707    0.433128  0.00410476
        0.95           5    0.436602    0.433823  0.00334207
        0.95           6    0.425679    0.432466  0.00304825
        0.95           7    0.423098    0.431128  0.00289168
        0.95           8    0.423585    0.430185  0.00267951
        0.95           9    0.430395    0.430208  0.00238189
        0.95          10     0.43718    0.430905  0.00224341
        0.95          11    0.445993    0.432277  0.00242273
        0.95          12    0.432047    0.432258  0.00222092
        0.95          13    0.435504    0.432507  0.00206406
        0.95          14    0.420218     0.43163  0.00209498
        0.95          15    0.434306    0.431808   0.0019629
        0.95          16    0.436494    0.432101  0.00186193
        0.95          17     0.42396    0.431622  0.00181295
        0.95          18    0.436042    0.431868  0.00172878
        0.95          19    0.435048    0.432035  0.00164587
        0.95          20     0.43178    0.432022  0.00156363
       0.975           1    0.421368    0.421368           0
       0.975           2    0.423916    0.422642 0.000900835
       0.975           3     0.43992    0.428401  0.00474056
       0.975           4    0.428024    0.428307  0.00355636
       0.975           5    0.423541    0.427354  0.00297011
       0.975           6    0.428738    0.427584  0.00248403
       0.975           7    0.435104    0.428659  0.00234998
       0.975           8    0.433037    0.429206  0.00211901
       0.975           9    0.416076    0.427747   0.0023323
       0.975          10      0.4251    0.427482  0.00211403
       0.975          11    0.434972    0.428163  0.00202852
       0.975          12    0.418407     0.42735  0.00201583
       0.975          13    0.423472    0.427052  0.00188271
       0.975          14    0.414279     0.42614  0.00195683
       0.975          15    0.421318    0.425818  0.00185259
       0.975          16    0.421059    0.425521  0.00176052
       0.975          17    0.416187    0.424972  0.00174046
       0.975          18     0.41503    0.424419  0.00172919
       0.975          19    0.421287    0.424255  0.00164602
       0.975          20    0.428706    0.424477   0.0015787
           1           1     0.41768     0.41768           0
           1           2    0.419268    0.418474 0.000561374
           1           3    0.413244     0.41673  0.00147179
           1           4    0.424304    0.418624  0.00197667
           1           5    0.416955     0.41829  0.00160926
           1           6    0.418327    0.418296  0.00134107
           1           7    0.422858    0.418948  0.00129823
           1           8    0.426278    0.419864    0.001423
           1           9    0.423333     0.42025  0.00131606
           1          10     0.41284    0.419509  0.00137736
           1          11    0.425857    0.420086  0.00136771
           1          12    0.417521    0.419872  0.00127032
           1          13    0.411948    0.419263  0.00131072
           1          14    0.418659    0.419219  0.00121781
           1          15    0.438077    0.420477  0.00166344
           1          16    0.422679    0.420614  0.00156516
           1          17    0.420242    0.420592  0.00147324
           1          18    0.420133    0.420567  0.00139162
           1          19      0.4211    0.420595  0.00131866
           1          20    0.437816    0.421456  0.00150787
       1.025           1     0.41544     0.41544           0
       1.025           2    0.420533    0.417987  0.00180071
       1.025           3    0.411196    0.415723  0.00220388
       1.025           4    0.413992     0.41529  0.00169486
       1.025           5    0.420799    0.416392  0.00167612
       1.025           6    0.423938     0.41765  0.00180802
       1.025           7    0.423826    0.418532  0.00175187
       1.025           8    0.411732    0.417682  0.00172682
       1.025           9    0.404885     0.41626  0.00203795
       1.025          10    0.414737    0.416108  0.00183984
       1.025          11    0.407636    0.415338  0.00182668
       1.025          12     0.41699    0.415475  0.00167965
       1.025          13    0.416539    0.415557  0.00155243
       1.025          14    0.419941     0.41587  0.00147278
       1.025          15    0.431557    0.416916  0.00170596
       1.025          16    0.407536     0.41633  0.00169709
       1.025          17    0.410457    0.415984  0.00163205
       1.025          18    0.416106    0.415991  0.00154139
       1.025          19    0.415847    0.415983  0.00146029
       1.025          20    0.419092    0.416139  0.00139552
        1.05           1    0.397166    0.397166           0
        1.05           2    0.414967    0.406067   0.0062935
        1.05           3    0.408368    0.406834  0.00424216
        1.05           4     0.40193    0.405608  0.00335405
        1.05           5    0.400478    0.404582   0.0028358
        1.05           6    0.407929     0.40514   0.0024174
        1.05           7    0.405896    0.405248  0.00207447
        1.05           8    0.395024     0.40397  0.00217343
        1.05           9    0.410496    0.404695  0.00204935
        1.05          10    0.413379    0.405563  0.00202003
        1.05          11    0.405616    0.405568   0.0018364
        1.05          12    0.415095    0.406362  0.00184701
        1.05          13    0.403508    0.406143  0.00171793
        1.05          14    0.417302     0.40694  0.00177051
        1.05          15    0.407185    0.406956  0.00165256
        1.05          16    0.413126    0.407342  0.00159363
        1.05          17    0.411377    0.407579  0.00151747
        1.05          18    0.408316     0.40762  0.00143372
        1.05          19     0.40457    0.407459  0.00136722
        1.05          20      0.4124    0.407706  0.00132099
       1.075           1     0.40869     0.40869           0
       1.075           2    0.398442    0.403566  0.00362314
       1.075           3    0.401299     0.40281  0.00249297
       1.075           4      0.3905    0.399733  0.00325573
       1.075           5    0.406876    0.401162  0.00290118
       1.075           6    0.398846    0.400776  0.00244319
       1.075           7     0.39442    0.399868  0.00225657
       1.075           8     0.40632    0.400674  0.00211374
       1.075           9    0.398224    0.400402  0.00189633
       1.075          10    0.395479     0.39991  0.00176945
       1.075          11    0.419252    0.401668  0.00232344
       1.075          12    0.416345    0.402891  0.00243053
       1.075          13    0.394172     0.40222  0.00233427
       1.075          14    0.395028    0.401707  0.00222336
       1.075          15    0.404316    0.401881  0.00208193
       1.075          16    0.420371    0.403036  0.00224981
       1.075          17    0.399703     0.40284  0.00212599
       1.075          18    0.409498     0.40321   0.0020398
       1.075          19    0.409949    0.403565  0.00196304
       1.075          20    0.394504    0.403112  0.00191645
         1.1           1    0.394172    0.394172           0
         1.1           2    0.388575    0.391374  0.00197891
         1.1           3    0.385606    0.389451  0.00205056
         1.1           4    0.393715    0.390517  0.00179374
         1.1           5    0.408924    0.394199  0.00359187
         1.1           6    0.396551    0.394591  0.00301455
         1.1           7     0.40364    0.395883  0.00284765
         1.1           8    0.401622    0.396601  0.00258044
         1.1           9    0.404071    0.397431  0.00242355
         1.1          10    0.398632    0.397551  0.00218417
         1.1          11    0.397696    0.397564  0.00198565
         1.1          12    0.401311    0.397876  0.00184457
         1.1          13     0.39802    0.397887  0.00170271
         1.1          14    0.388471    0.397215  0.00170879
         1.1          15     0.38638    0.396492  0.00174086
         1.1          16    0.401349    0.396796   0.0016583
         1.1          17    0.400675    0.397024  0.00157638
         1.1          18    0.386279    0.396427  0.00159783
         1.1          19    0.398342    0.396528  0.00151691
         1.1          20    0.398472    0.396625  0.00144418
       1.125           1    0.386746    0.386746           0
       1.125           2    0.399346    0.393046  0.00445457
       1.125           3    0.389644    0.391912  0.00311068
       1.125           4    0.391109    0.391711  0.00233948
       1.125           5    0.383379    0.390045  0.00239261
       1.125           6    0.394728    0.390825  0.00211732
       1.125           7    0.381675    0.389518  0.00218137
       1.125           8    0.382864    0.388686  0.00206117
       1.125           9    0.393062    0.389173  0.00188862
       1.125          10     0.39404    0.389659  0.00176137
       1.125          11    0.385243    0.389258  0.00164638
       1.125          12     0.39568    0.389793   0.0015938
       1.125          13    0.401901    0.390724  0.00172196
       1.125          14    0.376967    0.389742  0.00185832
       1.125          15    0.394623    0.390067  0.00176269
       1.125          16     0.39171     0.39017  0.00165551
       1.125          17    0.393887    0.390389   0.0015725
       1.125          18    0.391141     0.39043   0.0014857
       1.125          19    0.380517    0.389909  0.00149632
       1.125          20    0.390552    0.389941  0.00142185
        1.15           1    0.390049    0.390049           0
        1.15           2    0.379312    0.384681   0.0037959
        1.15           3    0.382468    0.383943  0.00260128
        1.15           4    0.388129     0.38499  0.00215123
        1.15           5    0.378195    0.383631  0.00210695
        1.15           6    0.376474    0.382438  0.00206604
        1.15           7    0.379663    0.382041  0.00180852
        1.15           8    0.381402    0.381961  0.00158422
        1.15           9    0.373326    0.381002   0.0016737
        1.15          10    0.386633    0.381565  0.00159827
        1.15          11    0.380263    0.381447  0.00145735
        1.15          12    0.388028    0.381995  0.00143538
        1.15          13    0.388774    0.382517  0.00141652
        1.15          14    0.396284      0.3835  0.00162114
        1.15          15    0.383802     0.38352  0.00151319
        1.15          16    0.379441    0.383265  0.00143993
        1.15          17    0.390643    0.383699  0.00141913
        1.15          18    0.379568     0.38347  0.00135873
        1.15          19    0.385685    0.383586  0.00129221
        1.15          20    0.386786    0.383746  0.00123746
       1.175           1    0.382616    0.382616           0
       1.175           2    0.387422    0.385019  0.00169932
       1.175           3    0.378955    0.382998  0.00200186
       1.175           4    0.387151    0.384036  0.00175007
       1.175           5     0.37418    0.382065  0.00225134
       1.175           6    0.372835    0.380527  0.00234346
       1.175           7    0.384831    0.381142  0.00208781
       1.175           8    0.381919    0.381239  0.00182909
       1.175           9    0.382427    0.381371  0.00163062
       1.175          10    0.365746    0.379808   0.0020859
       1.175          11    0.376503    0.379508  0.00191779
       1.175          12    0.371582    0.378847  0.00186826
       1.175          13    0.365888    0.377851  0.00197265
       1.175          14    0.374341      0.3776   0.0018476
       1.175          15    0.389589    0.378399  0.00188942
       1.175          16    0.378074    0.378379  0.00177144
       1.175          17    0.396441    0.379441  0.00196015
       1.175          18    0.370496    0.378944  0.00191321
       1.175          19    0.383126    0.379164  0.00182513
       1.175          20    0.368339    0.378623  0.00181236
         1.2           1    0.371814    0.371814           0
         1.2           2    0.369475    0.370645 0.000827108
         1.2           3    0.365869    0.369053  0.00141196
         1.2           4    0.375536    0.370673  0.00175824
         1.2           5    0.374542    0.371447  0.00156758
         1.2           6    0.379992    0.372871  0.00184299
         1.2           7    0.381272    0.374071   0.0019313
         1.2           8    0.373714    0.374027   0.0016904
         1.2           9    0.369427    0.373516  0.00157794
         1.2          10    0.367866    0.372951  0.00151791
         1.2          11    0.358076    0.371599  0.00188852
         1.2          12    0.380523    0.372342  0.00187186
         1.2          13    0.362776    0.371606  0.00186691
         1.2          14    0.366854    0.371267  0.00176415
         1.2          15    0.375687    0.371562  0.00167097
         1.2          16    0.366663    0.371255  0.00159433
         1.2          17    0.360248    0.370608  0.00162672
         1.2          18    0.364288    0.370257  0.00157378
         1.2          19    0.374599    0.370485  0.00150745
         1.2          20    0.374399    0.370681  0.00144472
       1.225           1    0.364657    0.364657           0
       1.225           2    0.369543      0.3671  0.00172734
       1.225           3    0.361631    0.365277   0.0018819
       1.225           4    0.360701    0.364133  0.00172437
       1.225           5     0.36203    0.363712  0.00142985
       1.225           6    0.365823    0.364064  0.00123406
       1.225           7    0.359315    0.363386  0.00123023
       1.225           8    0.367664    0.363921  0.00118701
       1.225           9     0.35882    0.363354  0.00118268
       1.225          10     0.37476    0.364494  0.00151784
       1.225          11    0.370573    0.365047  0.00147702
       1.225          12    0.370278    0.365483   0.0014168
       1.225          13    0.367391     0.36563   0.0013154
       1.225          14     0.36025    0.365245  0.00127632
       1.225          15    0.362152    0.365039  0.00120778
       1.225          16    0.373786    0.365586  0.00124991
       1.225          17    0.366938    0.365665  0.00117891
       1.225          18    0.364033    0.365575   0.0011169
       1.225          19    0.359401     0.36525  0.00110437
       1.225          20    0.370693    0.365522  0.00108216
        1.25           1    0.353647    0.353647           0
        1.25           2    0.358952      0.3563  0.00187548
        1.25           3    0.360534    0.357711  0.00170038
        1.25           4    0.356995    0.357532  0.00128469
        1.25           5    0.359483    0.357922  0.00108541
        1.25           6    0.356334    0.357658 0.000936212
        1.25           7     0.35518    0.357304 0.000866769
        1.25           8    0.349645    0.356346  0.00117353
        1.25           9    0.362779    0.357061  0.00124186
        1.25          10    0.362052     0.35756  0.00121384
        1.25          11    0.352862    0.357133  0.00117623
        1.25          12    0.353023    0.356791  0.00112699
        1.25          13     0.36007    0.357043  0.00106816
        1.25          14    0.361724    0.357377  0.00104289
        1.25          15    0.360679    0.357597 0.000996315
        1.25          16    0.352363     0.35727 0.000986287
        1.25          17    0.346177    0.356618  0.00112358
        1.25          18    0.353989    0.356472  0.00107061
        1.25          19    0.355462    0.356418  0.00101558
        1.25          20    0.359794    0.356587 0.000978724
       1.275           1    0.352555    0.352555           0
       1.275           2    0.355284    0.353919 0.000964818
       1.275           3    0.349907    0.352582  0.00126721
       1.275           4     0.34741    0.351289  0.00146879
       1.275           5     0.34985    0.351001  0.00120289
       1.275           6    0.345384    0.350065  0.00131729
       1.275           7    0.350873     0.35018  0.00113415
       1.275           8    0.359028    0.351286  0.00143358
       1.275           9    0.351112    0.351267  0.00127442
       1.275          10    0.348135    0.350954  0.00118483
       1.275          11    0.347733    0.350661  0.00111271
       1.275          12    0.351336    0.350717  0.00102141
       1.275          13    0.332216    0.349294  0.00166091
       1.275          14    0.354451    0.349662   0.0015826
       1.275          15    0.356661    0.350129  0.00154434
       1.275          16    0.354939     0.35043  0.00147678
       1.275          17    0.343014    0.349993  0.00145291
       1.275          18      0.3586    0.350472  0.00144874
       1.275          19    0.348902    0.350389  0.00137485
       1.275          20    0.344513    0.350095  0.00133712
         1.3           1    0.343815    0.343815           0
         1.3           2    0.340077    0.341946  0.00132189
         1.3           3    0.343505    0.342466 0.000978109
         1.3           4    0.347331    0.343682  0.00128373
         1.3           5     0.34332     0.34361  0.00102903
         1.3           6    0.336588    0.342439  0.00136984
         1.3           7    0.344284    0.342703  0.00119923
         1.3           8    0.349255    0.343522  0.00129925
         1.3           9    0.341098    0.343253  0.00118248
         1.3          10    0.347985    0.343726  0.00115507
         1.3          11    0.345881    0.343922  0.00106655
         1.3          12    0.336599    0.343312  0.00113896
         1.3          13    0.349355    0.343776  0.00114228
         1.3          14    0.342164    0.343661  0.00106649
         1.3          15    0.345255    0.343767  0.00100066
         1.3          16    0.343869    0.343774 0.000938143
         1.3          17    0.335105    0.343264   0.0010121
         1.3          18    0.346026    0.343417 0.000967433
         1.3          19    0.343376    0.343415 0.000916518
         1.3          20    0.343055    0.343397 0.000870869
       1.325           1    0.339518    0.339518           0
       1.325           2    0.340183     0.33985 0.000235107
       1.325           3    0.334263    0.337988  0.00152873
       1.325           4    0.331953    0.336479  0.00173825
       1.325           5    0.331345    0.335452  0.00166649
       1.325           6    0.340043    0.336217  0.00155452
       1.325           7    0.334092    0.335914  0.00136177
       1.325           8    0.331206    0.335325  0.00131257
       1.325           9     0.33874    0.335705  0.00122034
       1.325          10    0.341144    0.336249  0.00121349
       1.325          11    0.331068    0.335778  0.00119105
       1.325          12    0.340134    0.336141  0.00114579
       1.325          13    0.343216    0.336685  0.00117985
       1.325          14    0.345772    0.337334  0.00126152
       1.325          15    0.340743    0.337561  0.00119772
       1.325          16    0.339149    0.337661  0.00112696
       1.325          17    0.336482    0.337591   0.0010628
       1.325          18     0.34167    0.337818  0.00102762
       1.325          19    0.340467    0.337957 0.000982951
       1.325          20    0.339463    0.338032 0.000936683
        1.35           1    0.333234    0.333234           0
        1.35           2     0.33731    0.335272  0.00144101
        1.35           3    0.332843    0.334462  0.00116612
        1.35           4    0.329635    0.333256   0.0013628
        1.35           5    0.329453    0.332495  0.00128501
        1.35           6     0.34122    0.333949  0.00170549
        1.35           7    0.333618    0.333902   0.0014625
        1.35           8    0.328904    0.333277  0.00140679
        1.35           9    0.324992    0.332357  0.00152216
        1.35          10    0.329925    0.332113  0.00138924
        1.35          11    0.332613    0.332159  0.00126369
        1.35          12    0.332945    0.332224  0.00116007
        1.35          13    0.325929     0.33174  0.00116753
        1.35          14    0.332482    0.331793  0.00108534
        1.35          15    0.327635    0.331516  0.00104778
        1.35          16    0.327508    0.331265  0.00101179
        1.35          17    0.338344    0.331682   0.0010344
        1.35          18    0.330234    0.331601  0.00098005
        1.35          19    0.335213    0.331791 0.000946725
        1.35          20    0.323142    0.331359 0.000993259
       1.375           1    0.328734    0.328734           0
       1.375           2    0.325454    0.327094  0.00115959
       1.375           3    0.331956    0.328715  0.00153257
       1.375           4    0.316351    0.325624  0.00291326
       1.375           5    0.325356     0.32557   0.0023311
       1.375           6    0.333841    0.326949  0.00231453
       1.375           7    0.326518    0.326887  0.00198471
       1.375           8    0.332242    0.327556  0.00184604
       1.375           9    0.321371    0.326869  0.00176423
       1.375          10    0.324809    0.326663  0.00159978
       1.375          11    0.324885    0.326502  0.00146249
       1.375          12    0.322195    0.326143  0.00138395
       1.375          13    0.325415    0.326087  0.00127863
       1.375          14    0.319712    0.325631  0.00126577
       1.375          15    0.324019    0.325524  0.00118594
       1.375          16    0.331786    0.325915  0.00117463
       1.375          17     0.32831    0.326056  0.00111395
       1.375          18    0.326064    0.326057  0.00105207
       1.375          19    0.319899    0.325732  0.00104542
       1.375          20    0.322696    0.325581  0.00100411
         1.4           1    0.323149    0.323149           0
         1.4           2    0.318648    0.320899  0.00159144
         1.4           3    0.322023    0.321273  0.00110419
         1.4           4    0.317174    0.320249  0.00121393
         1.4           5    0.310282    0.318255  0.00203016
         1.4           6    0.316762    0.318006  0.00170699
         1.4           7    0.311357    0.317056  0.00170707
         1.4           8    0.313264    0.316582  0.00155812
         1.4           9     0.31462    0.316364  0.00140017
         1.4          10    0.323596    0.317088  0.00143481
         1.4          11    0.319915    0.317345   0.0013272
         1.4          12    0.317898    0.317391   0.0012174
         1.4          13    0.320339    0.317618  0.00114469
         1.4          14    0.314419    0.317389  0.00108549
         1.4          15    0.316688    0.317342  0.00101412
         1.4          16    0.317224    0.317335 0.000950769
         1.4          17    0.318223    0.317387 0.000896276
         1.4          18    0.320227    0.317545 0.000860254
         1.4          19    0.319834    0.317665 0.000823368
         1.4          20    0.319061    0.317735 0.000785152
       1.425           1    0.316164    0.316164           0
       1.425           2    0.307864    0.312014  0.00293424
       1.425           3    0.313853    0.312627  0.00201916
       1.425           4    0.314101    0.312995  0.00154763
       1.425           5    0.310561    0.312509  0.00131244
       1.425           6    0.307523    0.311678  0.00133103
       1.425           7    0.306301     0.31091  0.00134433
       1.425           8    0.314361    0.311341  0.00124361
       1.425           9    0.306131    0.310762  0.00123282
       1.425          10    0.313964    0.311082  0.00115036
       1.425          11    0.310511     0.31103  0.00104695
       1.425          12    0.316745    0.311507  0.00106249
       1.425          13    0.308642    0.311286  0.00100336
       1.425          14     0.31631    0.311645 0.000993779
       1.425          15     0.30693    0.311331 0.000975978
       1.425          16    0.317418    0.311711 0.000986362
       1.425          17    0.315172    0.311915 0.000949116
       1.425          18    0.305598    0.311564 0.000959071
       1.425          19    0.308519    0.311404 0.000921882
       1.425          20    0.306867    0.311177 0.000903264
        1.45           1     0.30584     0.30584           0
        1.45           2    0.306999     0.30642 0.000409763
        1.45           3    0.303846    0.305562 0.000751764
        1.45           4    0.302014    0.304675 0.000952917
        1.45           5    0.299398     0.30362  0.00121334
        1.45           6    0.305476    0.303929  0.00104981
        1.45           7    0.311657    0.305033  0.00136175
        1.45           8    0.305839    0.305134  0.00119525
        1.45           9    0.302406    0.304831  0.00110021
        1.45          10    0.300462    0.304394  0.00107341
        1.45          11    0.308883    0.304802  0.00105057
        1.45          12     0.31637    0.305766  0.00133389
        1.45          13    0.306954    0.305857  0.00123441
        1.45          14    0.303237     0.30567  0.00116034
        1.45          15    0.308901    0.305886  0.00110279
        1.45          16    0.304541    0.305801  0.00103707
        1.45          17    0.307999    0.305931 0.000984088
        1.45          18    0.307013    0.305991 0.000931251
        1.45          19     0.31234    0.306325 0.000940288
        1.45          20    0.310016     0.30651 0.000911204
       1.475           1    0.305082    0.305082           0
       1.475           2    0.297962    0.301522  0.00251701
       1.475           3    0.297908    0.300317  0.00194504
       1.475           4    0.303505    0.301114   0.0016138
       1.475           5      0.2931    0.299511  0.00192926
       1.475           6    0.296599    0.299026  0.00166765
       1.475           7    0.297006    0.298738  0.00145416
       1.475           8    0.302284    0.299181  0.00133826
       1.475           9    0.295102    0.298728  0.00126397
       1.475          10    0.300027    0.298858  0.00114423
       1.475          11    0.302285    0.299169  0.00108181
       1.475          12    0.294531    0.298783  0.00105847
       1.475          13    0.297623    0.298693 0.000980802
       1.475          14    0.298662    0.298691 0.000910747
       1.475          15    0.295853    0.298502 0.000869471
       1.475          16    0.300763    0.298643 0.000826531
       1.475          17    0.305294    0.299034 0.000865566
       1.475          18    0.298342    0.298996 0.000818334
       1.475          19    0.298434    0.298966 0.000775797
       1.475          20    0.304917    0.299264 0.000792002
         1.5           1    0.291943    0.291943           0
         1.5           2    0.297316    0.294629  0.00189957
         1.5           3    0.291665    0.293641  0.00150152
         1.5           4    0.293475      0.2936  0.00112671
         1.5           5    0.293047    0.293489  0.00090677
         1.5           6    0.290765    0.293035 0.000861819
         1.5           7    0.283315    0.291647  0.00148276
         1.5           8     0.28752    0.291131  0.00138424
         1.5           9    0.294792    0.291538  0.00128881
         1.5          10    0.292756    0.291659  0.00116568
         1.5          11    0.286611      0.2912  0.00114651
         1.5          12    0.302074    0.292107  0.00136281
         1.5          13    0.289655    0.291918  0.00127095
         1.5          14    0.292642     0.29197  0.00118122
         1.5          15    0.292553    0.292009  0.00110311
         1.5          16     0.29177    0.291994  0.00103427
         1.5          17     0.29355    0.292085 0.000977472
         1.5          18    0.299163    0.292478  0.00099913
         1.5          19    0.294629    0.292592 0.000952935
         1.5          20     0.29088    0.292506 0.000909125
       1.525           1    0.284299    0.284299           0
       1.525           2    0.285619    0.284959 0.000466727
       1.525           3    0.284301    0.284739 0.000358962
       1.525           4    0.288537    0.285689 0.000865072
       1.525           5    0.285874    0.285726 0.000692851
       1.525           6    0.291431    0.286677  0.00104251
       1.525           7    0.287023    0.286726 0.000894749
       1.525           8    0.288924    0.287001 0.000823998
       1.525           9    0.278003    0.286001  0.00119367
       1.525          10    0.284267    0.285828  0.00108683
       1.525          11    0.288849    0.286102  0.00102215
       1.525          12     0.28483    0.285996 0.000942453
       1.525          13    0.279934     0.28553 0.000978568
       1.525          14     0.28653    0.285601 0.000911273
       1.525          15    0.284504    0.285528 0.000853453
       1.525          16    0.288533    0.285716 0.000820513
       1.525          17    0.287491    0.285821 0.000778864
       1.525          18    0.295586    0.286363 0.000905017
       1.525          19    0.292307    0.286676 0.000909847
       1.525          20    0.291684    0.286926 0.000898157
        1.55           1    0.280135    0.280135           0
        1.55           2    0.280241    0.280188 3.76433e-05
        1.55           3    0.284729    0.281702  0.00123627
        1.55           4    0.288329    0.283359  0.00170833
        1.55           5    0.277294    0.282146  0.00174493
        1.55           6    0.282147    0.282146  0.00145411
        1.55           7    0.279079    0.281708  0.00131072
        1.55           8    0.278973    0.281366  0.00119061
        1.55           9    0.281604    0.281392  0.00105861
        1.55          10    0.282816    0.281535  0.00096228
        1.55          11    0.281892    0.281567 0.000875347
        1.55          12    0.279974    0.281434 0.000812406
        1.55          13    0.283856    0.281621 0.000770977
        1.55          14    0.277476    0.281325 0.000770663
        1.55          15     0.27326    0.280787 0.000887222
        1.55          16    0.281848    0.280853 0.000834245
        1.55          17    0.285404    0.281121 0.000827001
        1.55          18    0.272501    0.280642 0.000909197
        1.55          19    0.285784    0.280913 0.000900716
        1.55          20    0.281818    0.280958 0.000856818
       1.575           1    0.278583    0.278583           0
       1.575           2    0.273309    0.275946  0.00186448
       1.575           3    0.277254    0.276382  0.00129295
       1.575           4    0.276282    0.276357 0.000969952
       1.575           5    0.279418    0.276969 0.000949745
       1.575           6    0.277396     0.27704 0.000794119
       1.575           7    0.275065    0.276758 0.000729077
       1.575           8    0.275748    0.276632 0.000648797
       1.575           9    0.274213    0.276363 0.000629928
       1.575          10    0.279479    0.276675 0.000639377
       1.575          11    0.278524    0.276843 0.000602948
       1.575          12    0.278336    0.276967 0.000565387
       1.575          13    0.277436    0.277003 0.000523042
       1.575          14    0.273378    0.276744 0.000546023
       1.575          15    0.277599    0.276801 0.000512588
       1.575          16    0.277335    0.276835 0.000481635
       1.575          17    0.273488    0.276638 0.000491902
       1.575          18    0.274795    0.276535 0.000475112
       1.575          19    0.277002     0.27656  0.00045074
       1.575          20    0.277904    0.276627 0.000433184
         1.6           1     0.26524     0.26524           0
         1.6           2    0.271508    0.268374  0.00221623
         1.6           3    0.274413    0.270387  0.00221019
         1.6           4     0.27036     0.27038  0.00165766
         1.6           5      0.2713    0.270564  0.00133629
         1.6           6    0.266235    0.269843  0.00129374
         1.6           7    0.269751     0.26983  0.00110899
         1.6           8    0.264513    0.269165  0.00115244
         1.6           9    0.269721    0.269227  0.00102604
         1.6          10    0.269643    0.269268 0.000924281
         1.6          11    0.269466    0.269286  0.00084043
         1.6          12     0.26875    0.269242  0.00077158
         1.6          13    0.268874    0.269213 0.000712746
         1.6          14    0.266923     0.26905 0.000680347
         1.6          15    0.270714    0.269161 0.000643976
         1.6          16    0.272506     0.26937 0.000636773
         1.6          17    0.273614     0.26962 0.000646414
         1.6          18    0.270669    0.269678 0.000613128
         1.6          19    0.268522    0.269617 0.000583869
         1.6          20    0.273963    0.269834 0.000593732
       1.625           1    0.265036    0.265036           0
       1.625           2    0.263833    0.264434 0.000425571
       1.625           3    0.268694    0.265854  0.00119353
       1.625           4    0.267976    0.266385  0.00100612
       1.625           5    0.264502    0.266008 0.000872547
       1.625           6    0.266147    0.266031 0.000727428
       1.625           7    0.261245    0.265347 0.000888521
       1.625           8    0.264834    0.265283 0.000779774
       1.625           9    0.266745    0.265446 0.000709848
       1.625          10    0.262701    0.265171 0.000689898
       1.625          11    0.262347    0.264914 0.000673274
       1.625          12    0.268826     0.26524 0.000691576
       1.625          13    0.267258    0.265396 0.000655571
       1.625          14    0.264829    0.265355 0.000609994
       1.625          15    0.267458    0.265495 0.000585223
       1.625          16    0.260685    0.265195 0.000621095
       1.625          17    0.261581    0.264982 0.000619872
       1.625          18    0.265877    0.265032 0.000587425
       1.625          19    0.263307    0.264941 0.000563476
       1.625          20    0.264353    0.264912 0.000536068
        1.65           1    0.264533    0.264533           0
        1.65           2     0.25517    0.259851  0.00331025
        1.65           3    0.253345    0.257683  0.00282939
        1.65           4    0.255975    0.257256    0.002154
        1.65           5    0.259962    0.257797  0.00178988
        1.65           6    0.256573    0.257593  0.00150316
        1.65           7    0.253813    0.257053  0.00138202
        1.65           8    0.256692    0.257008     0.00121
        1.65           9    0.256451    0.256946  0.00107714
        1.65          10    0.260095    0.257261   0.0010144
        1.65          11     0.25786    0.257315 0.000923646
        1.65          12    0.250355    0.256735  0.00101253
        1.65          13    0.265769     0.25743   0.0011486
        1.65          14    0.256647    0.257374  0.00106792
        1.65          15    0.260301    0.257569   0.0010144
        1.65          16    0.254933    0.257405 0.000964291
        1.65          17    0.262734    0.257718 0.000957172
        1.65          18    0.257342    0.257697 0.000904223
        1.65          19    0.259382    0.257786 0.000860969
        1.65          20    0.260463     0.25792 0.000828264
       1.675           1    0.256311    0.256311           0
       1.675           2    0.250348     0.25333  0.00210825
       1.675           3    0.256548    0.254403  0.00165606
       1.675           4    0.251594    0.253701  0.00138286
       1.675           5    0.255597     0.25408  0.00115711
       1.675           6    0.253599       0.254 0.000967036
       1.675           7    0.257826    0.254546 0.000971155
       1.675           8    0.254894     0.25459 0.000850732
       1.675           9     0.25568    0.254711 0.000764788
       1.675          10    0.257046    0.254944 0.000723096
       1.675          11      0.2539    0.254849 0.000663559
       1.675          12    0.257247    0.255049 0.000637637
       1.675          13     0.25863    0.255325 0.000645331
       1.675          14     0.25597    0.255371 0.000600881
       1.675          15    0.247333    0.254835  0.00076322
       1.675          16    0.254592     0.25482  0.00071567
       1.675          17    0.255683    0.254871 0.000675373
       1.675          18    0.257269    0.255004  0.00065086
       1.675          19    0.257241    0.255121 0.000627162
       1.675          20    0.254554    0.255093 0.000596445
         1.7           1    0.250882    0.250882           0
         1.7           2    0.248921    0.249902 0.000693124
         1.7           3    0.253226     0.25101  0.00101608
         1.7           4    0.249075    0.250526  0.00086965
         1.7           5    0.248663    0.250153 0.000771448
         1.7           6    0.251315    0.250347  0.00066674
         1.7           7    0.244902    0.249569 0.000919319
         1.7           8    0.249078    0.249508 0.000806451
         1.7           9    0.249388    0.249494 0.000716955
         1.7          10    0.243413    0.248886 0.000865565
         1.7          11    0.244454    0.248483 0.000875643
         1.7          12      0.2512     0.24871 0.000831422
         1.7          13    0.250634    0.248858 0.000780531
         1.7          14    0.249438    0.248899 0.000725878
         1.7          15    0.253077    0.249178 0.000728961
         1.7          16    0.245117    0.248924  0.00072624
         1.7          17     0.24734    0.248831  0.00068947
         1.7          18    0.248401    0.248807 0.000651579
         1.7          19    0.252944    0.249025 0.000652654
         1.7          20    0.251156    0.249131 0.000628664
       1.725           1    0.242308    0.242308           0
       1.725           2    0.247554    0.244931  0.00185481
       1.725           3    0.248883    0.246248   0.0016389
       1.725           4    0.245991    0.246184  0.00123043
       1.725           5    0.247181    0.246383  0.00100039
       1.725           6    0.239904    0.245303  0.00129106
       1.725           7    0.249118    0.245848  0.00121622
       1.725           8    0.242973    0.245489  0.00111603
       1.725           9    0.245867    0.245531 0.000992814
       1.725          10    0.247453    0.245723 0.000911938
       1.725          11     0.24292    0.245468 0.000863913
       1.725          12    0.244491    0.245387  0.00079575
       1.725          13    0.245305    0.245381 0.000734563
       1.725          14    0.246799    0.245482 0.000689049
       1.725          15    0.240152    0.245127 0.000729008
       1.725          16    0.241853    0.244922 0.000711584
       1.725          17    0.236767    0.244442 0.000815537
       1.725          18    0.242811    0.244352 0.000775248
       1.725          19    0.246505    0.244465 0.000742686
       1.725          20    0.239626    0.244223 0.000743923
        1.75           1    0.237294    0.237294           0
        1.75           2    0.242865     0.24008  0.00196938
        1.75           3    0.238027    0.239395  0.00142679
        1.75           4    0.237622    0.238952  0.00113687
        1.75           5    0.240529    0.239268 0.000952247
        1.75           6     0.24627    0.240435  0.00132841
        1.75           7    0.239858    0.240352  0.00114119
        1.75           8     0.24522    0.240961  0.00114936
        1.75           9    0.240446    0.240904  0.00102308
        1.75          10     0.23888    0.240701 0.000940573
        1.75          11    0.239629    0.240604 0.000860106
        1.75          12    0.240372    0.240584 0.000788647
        1.75          13    0.235344    0.240181 0.000824585
        1.75          14    0.243878    0.240445 0.000806865
        1.75          15    0.244109     0.24069 0.000789169
        1.75          16    0.235526    0.240367 0.000803131
        1.75          17    0.238533    0.240259 0.000763098
        1.75          18    0.236548    0.240053 0.000748035
        1.75          19    0.235318    0.239804 0.000749025
        1.75          20    0.237691    0.239698 0.000718981
       1.775           1    0.236031    0.236031           0
       1.775           2    0.235537    0.235784 0.000174643
       1.775           3    0.234152     0.23524 0.000459375
       1.775           4    0.233677    0.234849 0.000483019
       1.775           5     0.23139    0.234157 0.000729603
       1.775           6     0.23715    0.234656 0.000759618
       1.775           7    0.240064    0.235429 0.000967184
       1.775           8    0.234617    0.235327 0.000851585
       1.775           9    0.237026    0.235516  0.00077759
       1.775          10    0.237426    0.235707 0.000722913
       1.775          11    0.233925    0.235545 0.000675097
       1.775          12    0.234638    0.235469 0.000623054
       1.775          13    0.237146    0.235598  0.00058832
       1.775          14    0.236031    0.235629 0.000547106
       1.775          15    0.231665    0.235365 0.000570921
       1.775          16    0.239124      0.2356 0.000581568
       1.775          17    0.232262    0.235404 0.000579557
       1.775          18    0.236735    0.235477 0.000552058
       1.775          19    0.237969    0.235609 0.000538354
       1.775          20     0.23149    0.235403 0.000549404
         1.8           1    0.231883    0.231883           0
         1.8           2    0.225289    0.228586  0.00233119
         1.8           3    0.229917     0.22903   0.0015958
         1.8           4    0.227703    0.228698  0.00123085
         1.8           5    0.226683    0.228295  0.00104856
         1.8           6    0.230977    0.228742 0.000964397
         1.8           7    0.225849    0.228329 0.000910887
         1.8           8    0.228918    0.228402 0.000800002
         1.8           9    0.227488    0.228301  0.00071754
         1.8          10    0.231407    0.228611 0.000709827
         1.8          11    0.233631    0.229068  0.00077827
         1.8          12    0.230765    0.229209 0.000726156
         1.8          13    0.229233    0.229211   0.0006703
         1.8          14    0.227364    0.229079 0.000635265
         1.8          15    0.232279    0.229292 0.000627722
         1.8          16    0.224995    0.229024 0.000643385
         1.8          17    0.225218      0.2288 0.000643305
         1.8          18    0.227648    0.228736  0.00061074
         1.8          19     0.23302    0.228961 0.000618826
         1.8          20    0.228803    0.228954 0.000587936
       1.825           1    0.228262    0.228262           0
       1.825           2    0.222075    0.225169  0.00218755
       1.825           3    0.223337    0.224558  0.00154118
       1.825           4    0.220926     0.22365  0.00139799
       1.825           5    0.228997     0.22472  0.00147162
       1.825           6    0.222873    0.224412  0.00125811
       1.825           7    0.220997    0.223924  0.00116915
       1.825           8    0.227519    0.224373    0.001106
       1.825           9    0.225081    0.224452 0.000985906
       1.825          10    0.227578    0.224765 0.000935552
       1.825          11    0.223155    0.224618 0.000861866
       1.825          12    0.222228    0.224419  0.00081273
       1.825          13    0.227776    0.224677 0.000790176
       1.825          14    0.225486    0.224735 0.000735845
       1.825          15    0.229413    0.225047  0.00074996
       1.825          16    0.218849     0.22466 0.000796871
       1.825          17    0.229555    0.224948 0.000800345
       1.825          18    0.224124    0.224902  0.00075719
       1.825          19    0.222982    0.224801 0.000724048
       1.825          20    0.222245    0.224673  0.00069903
        1.85           1    0.220058    0.220058           0
        1.85           2    0.220283     0.22017 7.95533e-05
        1.85           3    0.215436    0.218592  0.00128964
        1.85           4    0.221106    0.219221   0.0011098
        1.85           5    0.218707    0.219118 0.000892573
        1.85           6    0.221842    0.219572 0.000851475
        1.85           7     0.22192    0.219907 0.000793155
        1.85           8    0.219435    0.219848 0.000696201
        1.85           9    0.218149     0.21966 0.000643928
        1.85          10     0.22185    0.219879 0.000615659
        1.85          11    0.223464    0.220205 0.000640177
        1.85          12    0.221735    0.220332 0.000599406
        1.85          13     0.21867    0.220204 0.000566773
        1.85          14    0.222736    0.220385 0.000554387
        1.85          15    0.217159     0.22017 0.000557586
        1.85          16     0.22462    0.220448 0.000588032
        1.85          17    0.221231    0.220494  0.00055524
        1.85          18    0.222365    0.220598 0.000534031
        1.85          19    0.223675     0.22076 0.000529913
        1.85          20    0.224481    0.220946 0.000535086
       1.875           1    0.219544    0.219544           0
       1.875           2    0.213149    0.216346  0.00226091
       1.875           3    0.217229    0.216641  0.00152632
       1.875           4    0.215944    0.216466  0.00115464
       1.875           5    0.217115    0.216596 0.000930976
       1.875           6    0.214927    0.216318 0.000816338
       1.875           7    0.213247    0.215879 0.000809046
       1.875           8    0.218589    0.216218 0.000775559
       1.875           9    0.215264    0.216112 0.000696588
       1.875          10    0.218031    0.216304 0.000652821
       1.875          11    0.215516    0.216232 0.000597386
       1.875          12    0.218297    0.216404 0.000571843
       1.875          13    0.218574    0.216571 0.000551676
       1.875          14    0.217899    0.216666 0.000520365
       1.875          15     0.21748     0.21672 0.000488497
       1.875          16    0.216798    0.216725  0.00045799
       1.875          17    0.218984    0.216858 0.000449913
       1.875          18    0.217584    0.216898  0.00042672
       1.875          19    0.224482    0.217298 0.000560685
       1.875          20    0.218013    0.217333 0.000533791
         1.9           1    0.213003    0.213003           0
         1.9           2    0.211173    0.212088 0.000646961
         1.9           3    0.216137    0.213438  0.00118348
         1.9           4    0.209711    0.212506  0.00119961
         1.9           5    0.208507    0.211706  0.00119695
         1.9           6    0.212073    0.211767 0.000999021
         1.9           7    0.213776    0.212054 0.000896575
         1.9           8    0.213516    0.212237 0.000802912
         1.9           9    0.210047    0.211994 0.000749672
         1.9          10    0.211952     0.21199 0.000674716
         1.9          11    0.212773    0.212061 0.000617126
         1.9          12    0.208386    0.211755 0.000637163
         1.9          13    0.211035    0.211699 0.000590549
         1.9          14    0.212665    0.211768  0.00055238
         1.9          15    0.213166    0.211861 0.000523355
         1.9          16     0.21195    0.211867 0.000490674
         1.9          17    0.213727    0.211976 0.000473854
         1.9          18    0.209535    0.211841 0.000466535
         1.9          19    0.210392    0.211764 0.000448165
         1.9          20    0.218066     0.21208 0.000524962
       1.925           1     0.20957     0.20957           0
       1.925           2    0.208813    0.209192 0.000267749
       1.925           3    0.209302    0.209228 0.000181019
       1.925           4    0.210328    0.209503 0.000274015
       1.925           5    0.208391    0.209281 0.000296035
       1.925           6    0.209648    0.209342 0.000252933
       1.925           7    0.212723    0.209825 0.000496953
       1.925           8    0.208685    0.209683  0.00045479
       1.925           9    0.209978    0.209715 0.000405445
       1.925          10    0.205319    0.209276 0.000554174
       1.925          11    0.207845    0.209146 0.000518837
       1.925          12    0.208674    0.209106 0.000477088
       1.925          13    0.207744    0.209002 0.000451747
       1.925          14    0.207386    0.208886 0.000433967
       1.925          15     0.21041    0.208988  0.00041675
       1.925          16    0.210371    0.209074 0.000399569
       1.925          17    0.209385    0.209092 0.000376482
       1.925          18    0.208014    0.209033 0.000360303
       1.925          19    0.207976    0.208977 0.000345606
       1.925          20    0.208107    0.208933 0.000331051
        1.95           1     0.20775     0.20775           0
        1.95           2    0.204488    0.206119  0.00115317
        1.95           3    0.203957    0.205398 0.000968127
        1.95           4    0.206197    0.205598  0.00074643
        1.95           5    0.204475    0.205373 0.000630009
        1.95           6    0.207023    0.205648 0.000581915
        1.95           7    0.207156    0.205864 0.000537194
        1.95           8    0.203076    0.205515 0.000571976
        1.95           9    0.201872     0.20511 0.000635751
        1.95          10    0.203022    0.204902 0.000605518
        1.95          11     0.20686     0.20508 0.000576046
        1.95          12    0.206372    0.205187 0.000538012
        1.95          13    0.206974    0.205325 0.000513877
        1.95          14    0.201003    0.205016 0.000562286
        1.95          15    0.204763    0.204999 0.000525053
        1.95          16     0.20659    0.205099 0.000501562
        1.95          17    0.203882    0.205027 0.000477135
        1.95          18    0.206067    0.205085 0.000454114
        1.95          19    0.205876    0.205126  0.00043212
        1.95          20    0.206109    0.205176   0.0004133
       1.975           1    0.201738    0.201738           0
       1.975           2    0.201413    0.201576 0.000114975
       1.975           3    0.200721    0.201291 0.000244894
       1.975           4    0.194677    0.199637  0.00144375
       1.975           5    0.197687    0.199247  0.00120653
       1.975           6    0.196219    0.198743  0.00110596
       1.975           7     0.20005    0.198929 0.000963607
       1.975           8     0.20172    0.199278 0.000904087
       1.975           9    0.198921    0.199238 0.000804501
       1.975          10    0.197864    0.199101 0.000735701
       1.975          11    0.201048    0.199278 0.000689775
       1.975          12    0.201227     0.19944 0.000651136
       1.975          13    0.200112    0.199492 0.000603091
       1.975          14    0.202138    0.199681 0.000588893
       1.975          15    0.200203    0.199716 0.000550662
       1.975          16    0.202749    0.199905 0.000547911
       1.975          17    0.202519    0.200059 0.000536815
       1.975          18    0.199881    0.200049 0.000507083
       1.975          19    0.201255    0.200113 0.000484347
       1.975          20    0.199476    0.200081 0.000461176
           2           1    0.196828    0.196828           0
           2           2    0.198518    0.197673 0.000597797
           2           3    0.196963    0.197436 0.000442869
           2           4    0.194951    0.196815 0.000632304
           2           5    0.199966    0.197445 0.000757384
           2           6    0.199673    0.197817 0.000716399
           2           7    0.199185    0.198012 0.000640162
           2           8    0.194734    0.197602 0.000678721
           2           9    0.199177    0.197777 0.000625453
           2          10    0.197411    0.197741 0.000563982
           2          11     0.19886    0.197843 0.000521811
           2          12    0.194719    0.197582 0.000539351
           2          13    0.196549    0.197503 0.000503687
           2          14    0.195041    0.197327 0.000497456
           2          15    0.196659    0.197282 0.000466283
           2          16    0.198275    0.197344 0.000441248
           2          17    0.195115    0.197213  0.00043434
           2          18    0.193931    0.197031 0.000446848
           2          19    0.198961    0.197132 0.000434725
           2          20    0.193783    0.196965 0.000444071
