#      T         BLOCK:   ACTUAL_X:     X_AVE:       ERROR:
         0.5           1     79.2175     79.2175           0
         0.5           2     75.1446     77.1811     1.43997
         0.5           3     75.8393     76.7338      1.0271
         0.5           4     80.1214     77.5807     1.06364
         0.5           5     77.0427     77.4731    0.856336
         0.5           6     73.2553     76.7701    0.959716
         0.5           7      81.069     77.3842     0.99998
         0.5           8     80.9253     77.8269       0.968
         0.5           9     83.2131     78.4253     1.02895
         0.5          10     83.7927     78.9621     1.05681
         0.5          11     78.9837      78.964    0.960741
         0.5          12     77.5015     78.8422    0.888377
         0.5          13     75.0442       78.55    0.866747
         0.5          14     83.9443     78.9353    0.886351
         0.5          15     83.5527     79.2431     0.87909
         0.5          16     84.8066     79.5909    0.890263
         0.5          17     71.7934     79.1322    0.948723
         0.5          18      80.332     79.1988    0.898354
         0.5          19     76.4382     79.0535    0.862742
         0.5          20     79.9695     79.0993     0.82082
       0.525           1      68.858      68.858           0
       0.525           2      70.463     69.6605    0.567426
       0.525           3      69.822     69.7143     0.38083
       0.525           4     70.2111     69.8385    0.305203
       0.525           5     64.7634     68.8235    0.940132
       0.525           6     67.1822       68.55    0.822279
       0.525           7     72.3481     69.0925    0.865506
       0.525           8     68.9087     69.0696    0.757623
       0.525           9     61.2356     68.1991      1.0616
       0.525          10     71.0331     68.4825    0.992548
       0.525          11     62.7569      67.962     1.02979
       0.525          12     74.6135     68.5163     1.08293
       0.525          13     70.3944     68.6608     1.00922
       0.525          14     69.9244      68.751    0.941156
       0.525          15     64.1035     68.4412    0.928012
       0.525          16     77.2919     68.9944     1.02166
       0.525          17     70.6394     69.0911    0.966134
       0.525          18     68.3566     69.0503    0.913321
       0.525          19     68.1016     69.0004    0.866616
       0.525          20      67.269     68.9138    0.827598
        0.55           1     65.3348     65.3348           0
        0.55           2     60.0864     62.7106      1.8556
        0.55           3     59.2955     61.5722     1.54733
        0.55           4     61.4925     61.5523     1.16062
        0.55           5     60.4712     61.3361    0.948424
        0.55           6     56.2278     60.4847     1.10847
        0.55           7     57.5757     60.0691     1.02506
        0.55           8     59.7197     60.0254    0.897857
        0.55           9     60.5373     60.0823    0.799894
        0.55          10      62.879      60.362     0.76724
        0.55          11     61.7934     60.4921     0.70844
        0.55          12     62.9384      60.696    0.678099
        0.55          13     59.8737     60.6327    0.628881
        0.55          14     61.7072     60.7095    0.588626
        0.55          15     60.0408     60.6649    0.551069
        0.55          16     61.2553     60.7018    0.517862
        0.55          17     60.5834     60.6948    0.487446
        0.55          18     60.2535     60.6703    0.460982
        0.55          19     62.5038     60.7668    0.446706
        0.55          20     52.5474     60.3558    0.583561
       0.575           1     53.1731     53.1731           0
       0.575           2     51.2287     52.2009    0.687428
       0.575           3     53.8224     52.7414    0.636237
       0.575           4     52.1428     52.5918    0.494462
       0.575           5     53.7728      52.828    0.448452
       0.575           6     52.4493     52.7649    0.378125
       0.575           7     55.3403     53.1328    0.470185
       0.575           8     57.1459     53.6344    0.624055
       0.575           9     49.8922     53.2186     0.67926
       0.575          10     55.1575     53.4125    0.638408
       0.575          11      54.116     53.4765    0.583565
       0.575          12     52.1587     53.3666     0.54517
       0.575          13     52.3262     53.2866    0.509074
       0.575          14     50.5406     53.0905    0.509098
       0.575          15     48.0642     52.7554    0.574953
       0.575          16     51.4307     52.6726    0.544947
       0.575          17     52.5665     52.6663    0.512927
       0.575          18      51.729     52.6143    0.487067
       0.575          19     52.6852      52.618    0.461447
       0.575          20     55.9858     52.7864    0.468091
         0.6           1     43.1887     43.1887           0
         0.6           2     45.1301     44.1594    0.686384
         0.6           3     45.9206     44.7465    0.662685
         0.6           4     44.2704     44.6274    0.507589
         0.6           5     45.3475     44.7715    0.426013
         0.6           6     41.4576     44.2192     0.61663
         0.6           7     48.4097     44.8178    0.765855
         0.6           8     42.4936     44.5273    0.723131
         0.6           9      45.629     44.6497    0.653062
         0.6          10     42.3724      44.422    0.626204
         0.6          11     50.1247     44.9404     0.75393
         0.6          12     37.0017     44.2788     0.93745
         0.6          13     45.7981     44.3957    0.872593
         0.6          14     43.3745     44.3228    0.813308
         0.6          15     46.2872     44.4537    0.769559
         0.6          16     50.0593     44.8041    0.797231
         0.6          17     40.3386     44.5414    0.792428
         0.6          18     42.4574     44.4256    0.756815
         0.6          19     46.7915     44.5501    0.727154
         0.6          20     42.8757     44.4664    0.695599
       0.625           1     39.5414     39.5414           0
       0.625           2     40.1582     39.8498    0.218072
       0.625           3     35.7283      38.476     1.13109
       0.625           4     36.4024     37.9576    0.959793
       0.625           5     37.1421     37.7945    0.781567
       0.625           6     37.5151     37.7479    0.652691
       0.625           7     31.8012     36.8984    0.965187
       0.625           8     37.1544     36.9304    0.845069
       0.625           9      40.238     37.2979    0.827237
       0.625          10     39.3695     37.5051    0.770015
       0.625          11     36.0788     37.3754    0.710845
       0.625          12     34.0281     37.0965    0.704215
       0.625          13     37.4904     37.1268    0.650697
       0.625          14     38.4317       37.22    0.610858
       0.625          15     38.2407      37.288    0.573912
       0.625          16     41.4117     37.5458    0.593096
       0.625          17     33.4547     37.3051    0.605063
       0.625          18      38.981     37.3982    0.578568
       0.625          19     38.9795     37.4814     0.55407
       0.625          20     39.9894     37.6068    0.540371
        0.65           1     30.2416     30.2416           0
        0.65           2     30.4451     30.3434   0.0719378
        0.65           3     34.8491     31.8453     1.22724
        0.65           4     31.2115     31.6868    0.930603
        0.65           5     32.1364     31.7767    0.748814
        0.65           6     32.4233     31.8845    0.631718
        0.65           7     33.6135     32.1315     0.58778
        0.65           8     30.5061     31.9283    0.548299
        0.65           9     30.5568     31.7759    0.508113
        0.65          10       32.86     31.8843    0.468724
        0.65          11     29.3712     31.6559    0.478563
        0.65          12      35.273     31.9573    0.525099
        0.65          13     36.1496     32.2798    0.575272
        0.65          14     32.0026       32.26    0.534522
        0.65          15     34.8497     32.4326     0.52603
        0.65          16     33.4852     32.4984    0.497249
        0.65          17     32.0916     32.4745    0.468575
        0.65          18     31.7946     32.4367    0.444062
        0.65          19     31.0941     32.3661    0.426276
        0.65          20     32.9443      32.395    0.405941
       0.675           1     27.1441     27.1441           0
       0.675           2     28.6575     27.9008    0.535071
       0.675           3     29.4057     28.4024    0.543137
       0.675           4     25.5563     27.6909    0.738679
       0.675           5     31.3035     28.4134     0.87569
       0.675           6     29.2826     28.5583    0.741629
       0.675           7     27.6462      28.428    0.647027
       0.675           8     28.4896     28.4357    0.566194
       0.675           9     27.9619      28.383    0.505725
       0.675          10     29.3101     28.4757    0.463571
       0.675          11     28.0055      28.433    0.423395
       0.675          12      29.051     28.4845    0.391232
       0.675          13      27.999     28.4472    0.362915
       0.675          14     30.5389     28.5966     0.36646
       0.675          15     30.5673     28.7279    0.364821
       0.675          16     28.8402      28.735    0.342087
       0.675          17     30.4048     28.8332    0.335771
       0.675          18     25.6785     28.6579    0.359962
       0.675          19     30.5273     28.7563    0.354208
       0.675          20     29.6391     28.8005    0.339236
         0.7           1     23.5988     23.5988           0
         0.7           2      22.074     22.8364    0.539076
         0.7           3     25.8881     23.8536    0.904993
         0.7           4     26.4535     24.5036    0.881776
         0.7           5     22.6209      24.127    0.781696
         0.7           6     24.6605     24.2159     0.65645
         0.7           7     25.0041     24.3285    0.572246
         0.7           8     22.7825     24.1353    0.532348
         0.7           9      24.118     24.1334    0.473202
         0.7          10     22.4109     23.9611    0.456154
         0.7          11     22.9355     23.8679    0.424108
         0.7          12     22.9032     23.7875    0.396312
         0.7          13     23.6215     23.7747    0.366032
         0.7          14     23.4125     23.7488      0.3408
         0.7          15     25.5592     23.8695    0.338778
         0.7          16     24.1734     23.8885    0.318136
         0.7          17     25.3287     23.9732    0.310497
         0.7          18      24.654     24.0111    0.295541
         0.7          19     26.4721     24.1406    0.307063
         0.7          20      23.605     24.1138    0.292875
       0.725           1      23.458      23.458           0
       0.725           2     20.9868     22.2224    0.873691
       0.725           3     21.3915     21.9454    0.624817
       0.725           4     20.2671     21.5258    0.592996
       0.725           5     20.7753     21.3757    0.493031
       0.725           6     21.0166     21.3159    0.414476
       0.725           7     21.0487     21.2777    0.357018
       0.725           8     21.7477     21.3365    0.317187
       0.725           9     24.4465      21.682    0.430858
       0.725          10     21.4793     21.6618    0.388249
       0.725          11     21.8956      21.683    0.353535
       0.725          12      20.891      21.617    0.330176
       0.725          13     22.1276     21.6563    0.307105
       0.725          14     21.9164     21.6749     0.28573
       0.725          15     22.8718     21.7547      0.2776
       0.725          16     22.0394     21.7725    0.260819
       0.725          17      21.681     21.7671    0.245533
       0.725          18     20.6258     21.7037    0.239939
       0.725          19     20.6031     21.6457    0.234198
       0.725          20     20.8617     21.6065    0.225746
        0.75           1     19.3091     19.3091           0
        0.75           2     19.0999     19.2045   0.0739539
        0.75           3     19.8884     19.4324    0.192558
        0.75           4     18.4853     19.1957    0.250816
        0.75           5     18.5965     19.0758     0.22748
        0.75           6     19.2827     19.1103    0.192161
        0.75           7     19.0839     19.1065    0.164747
        0.75           8     18.8578     19.0754    0.147059
        0.75           9     19.8539     19.1619    0.154072
        0.75          10     18.5534     19.1011    0.150202
        0.75          11     18.1331     19.0131    0.160264
        0.75          12     18.4976     18.9701    0.152556
        0.75          13     19.2454     18.9913    0.142283
        0.75          14     19.4434     19.0236    0.135735
        0.75          15     18.7453     19.0051    0.127948
        0.75          16     20.4007     19.0923    0.146702
        0.75          17     18.1955     19.0395    0.147251
        0.75          18     17.9155     18.9771    0.151735
        0.75          19     20.6699     19.0662    0.167881
        0.75          20      19.016     19.0637    0.159506
       0.775           1     16.7127     16.7127           0
       0.775           2     16.0321     16.3724    0.240613
       0.775           3     17.9604     16.9017    0.461016
       0.775           4     17.7738     17.1198    0.393956
       0.775           5     17.0388     17.1036    0.315498
       0.775           6     15.7746     16.8821    0.331671
       0.775           7     17.0997     16.9132    0.285743
       0.775           8     16.4694     16.8577    0.255352
       0.775           9     17.0702     16.8813    0.228068
       0.775          10      16.447     16.8379    0.209356
       0.775          11       16.02     16.7635    0.203099
       0.775          12     17.8016       16.85    0.203767
       0.775          13     16.6044     16.8311    0.188966
       0.775          14     17.8371      16.903    0.188636
       0.775          15     15.7661     16.8272     0.19068
       0.775          16      15.341     16.7343    0.200111
       0.775          17     17.6719     16.7895    0.195793
       0.775          18     16.6345     16.7809    0.185105
       0.775          19     15.7726     16.7278    0.182811
       0.775          20     16.6928     16.7261    0.173678
         0.8           1     15.1337     15.1337           0
         0.8           2     14.8399     14.9868    0.103872
         0.8           3     14.6334      14.869    0.118514
         0.8           4     16.0238     15.1577    0.265357
         0.8           5     14.3975     15.0057    0.252103
         0.8           6     15.2199     15.0414      0.2126
         0.8           7     15.2437     15.0703    0.184183
         0.8           8     16.2131     15.2131    0.209355
         0.8           9      15.909     15.2905    0.199863
         0.8          10      15.363     15.2977    0.180008
         0.8          11     14.1189     15.1905    0.192925
         0.8          12     14.8136     15.1591    0.179387
         0.8          13      13.598      15.039    0.201818
         0.8          14      14.227      14.981    0.195561
         0.8          15     14.2927     14.9351    0.187831
         0.8          16      16.066     15.0058    0.188922
         0.8          17     15.8125     15.0533    0.183672
         0.8          18       14.99     15.0498    0.173501
         0.8          19     15.0452     15.0495     0.16437
         0.8          20     16.4463     15.1194    0.170344
       0.825           1     13.2256     13.2256           0
       0.825           2     14.1898     13.7077    0.340879
       0.825           3     14.4796      13.965    0.309482
       0.825           4     12.8843     13.6948    0.329584
       0.825           5     15.0249     13.9609    0.355152
       0.825           6      13.767     13.9286    0.297426
       0.825           7     13.8605     13.9188    0.255095
       0.825           8     12.8239      13.782    0.257316
       0.825           9     13.3978     13.7393    0.232239
       0.825          10     12.8639     13.6517    0.224908
       0.825          11     14.0537     13.6883    0.207409
       0.825          12     13.8988     13.7058    0.190865
       0.825          13     13.4405     13.6854    0.177271
       0.825          14     13.1595     13.6479    0.168542
       0.825          15     13.3203      13.626    0.158714
       0.825          16     13.8719     13.6414    0.149537
       0.825          17     14.0658     13.6664     0.14281
       0.825          18     13.2444     13.6429    0.136786
       0.825          19       14.61     13.6938    0.138734
       0.825          20     13.1175      13.665    0.134756
        0.85           1     11.6431     11.6431           0
        0.85           2     12.4508     12.0469    0.285543
        0.85           3     12.1327     12.0755    0.191787
        0.85           4     13.5144     12.4352    0.343123
        0.85           5      12.123     12.3728    0.280124
        0.85           6     11.4317     12.2159    0.273851
        0.85           7     12.0357     12.1902    0.235937
        0.85           8     12.5516     12.2354    0.210727
        0.85           9     12.6991     12.2869     0.19351
        0.85          10     11.2942     12.1876    0.197991
        0.85          11     12.8767     12.2503    0.189643
        0.85          12     11.4479     12.1834    0.185251
        0.85          13     11.9908     12.1686    0.171592
        0.85          14     12.8292     12.2158    0.165696
        0.85          15     12.1639     12.2123    0.154686
        0.85          16     12.1816     12.2104     0.14503
        0.85          17      12.591     12.2328    0.138216
        0.85          18     12.5532     12.2506    0.131679
        0.85          19     12.6145     12.2697    0.126133
        0.85          20     12.2839     12.2704    0.119829
       0.875           1     10.9044     10.9044           0
       0.875           2     11.0756       10.99    0.060551
       0.875           3     11.5493     11.1764    0.157475
       0.875           4     10.9335     11.1157    0.129286
       0.875           5     10.4496     10.9825    0.157778
       0.875           6     10.8442     10.9594    0.133153
       0.875           7      11.337     11.0134    0.124578
       0.875           8     11.5156     11.0761    0.123818
       0.875           9     11.3819     11.1101    0.114625
       0.875          10     12.3512     11.2342    0.156541
       0.875          11     11.8679     11.2918     0.15254
       0.875          12     11.7363     11.3289    0.144256
       0.875          13     11.2507     11.3229    0.133285
       0.875          14     11.6774     11.3482    0.126148
       0.875          15     10.2779     11.2768    0.136433
       0.875          16     11.2489     11.2751    0.127917
       0.875          17     11.5231     11.2897    0.121222
       0.875          18     11.2954       11.29    0.114488
       0.875          19     11.6047     11.3065    0.109654
       0.875          20       10.78     11.2802    0.107285
         0.9           1      10.326      10.326           0
         0.9           2     10.2424     10.2842   0.0295665
         0.9           3     9.76464      10.111    0.142772
         0.9           4     9.42661     9.93991    0.182819
         0.9           5     10.3677     10.0255    0.165063
         0.9           6     10.6499     10.1295    0.167176
         0.9           7     10.3608     10.1626    0.146521
         0.9           8     10.5052     10.2054    0.134321
         0.9           9     10.2591     10.2114    0.119528
         0.9          10      10.075     10.1977    0.108351
         0.9          11     9.81696     10.1631    0.103883
         0.9          12     10.4268     10.1851   0.0975227
         0.9          13     11.2506     10.2671    0.119602
         0.9          14     10.1494     10.2587    0.111354
         0.9          15     10.1276     10.2499    0.104273
         0.9          16     10.9359     10.2928    0.106204
         0.9          17     10.7198     10.3179    0.102885
         0.9          18      9.8993     10.2947   0.0997628
         0.9          19     9.74605     10.2658    0.098602
         0.9          20     10.4503      10.275   0.0941027
       0.925           1      9.1153      9.1153           0
       0.925           2      9.3655      9.2404   0.0884594
       0.925           3     8.89802     9.12627    0.110279
       0.925           4     10.2153     9.39852    0.249858
       0.925           5     9.96644      9.5121    0.224222
       0.925           6     9.24284     9.46723     0.19129
       0.925           7     9.91984     9.53189    0.174549
       0.925           8     9.62282     9.54325      0.1531
       0.925           9     9.05292     9.48877     0.14546
       0.925          10     9.10177     9.45007    0.135965
       0.925          11     9.86167     9.48749     0.12865
       0.925          12     9.79538     9.51315    0.120461
       0.925          13     9.22566     9.49103    0.113206
       0.925          14     9.39227     9.48398    0.105339
       0.925          15     8.81805     9.43958    0.107265
       0.925          16     9.35964     9.43459    0.100677
       0.925          17     9.51593     9.43937   0.0948686
       0.925          18     9.65337     9.45126     0.09034
       0.925          19     9.62503     9.46041    0.086047
       0.925          20     9.39487     9.45713    0.081807
        0.95           1     8.44652     8.44652           0
        0.95           2     8.48583     8.46617    0.013898
        0.95           3     8.57734     8.50323   0.0316436
        0.95           4      9.2432     8.68822    0.161958
        0.95           5      8.6556      8.6817    0.129697
        0.95           6     9.04809     8.74276     0.12161
        0.95           7      8.2662     8.67468    0.121812
        0.95           8     8.58465     8.66343    0.107104
        0.95           9     8.65967     8.66301   0.0952045
        0.95          10     8.09487      8.6062    0.101226
        0.95          11     9.19184     8.65944    0.105097
        0.95          12     8.24158     8.62462    0.101944
        0.95          13     8.96219     8.65058   0.0973534
        0.95          14     8.92197     8.66997   0.0923094
        0.95          15     8.43084     8.65403   0.0875212
        0.95          16     8.52977     8.64626    0.082395
        0.95          17     7.83216     8.59837   0.0903997
        0.95          18     9.27171     8.63578    0.092795
        0.95          19     8.59753     8.63377   0.0879329
        0.95          20      8.7542     8.63979   0.0837422
       0.975           1     8.32859     8.32859           0
       0.975           2     7.84654     8.08756    0.170429
       0.975           3     8.07038     8.08183    0.113716
       0.975           4     7.56391     7.95235    0.140882
       0.975           5     8.16679     7.99524    0.119054
       0.975           6     7.97319     7.99157   0.0992685
       0.975           7     8.24231     8.02739    0.091322
       0.975           8     8.26921     8.05761    0.084762
       0.975           9      7.7837     8.02718   0.0806232
       0.975          10     8.40116     8.06458   0.0807703
       0.975          11     8.24954     8.08139   0.0751575
       0.975          12     8.06248     8.07982   0.0689109
       0.975          13     7.72325     8.05239   0.0688526
       0.975          14     7.92206     8.04308   0.0645608
       0.975          15     8.21433      8.0545   0.0612579
       0.975          16     7.77431     8.03698   0.0598801
       0.975          17      7.6511     8.01428   0.0605074
       0.975          18     7.69801     7.99671   0.0596426
       0.975          19     7.71323     7.98179   0.0583399
       0.975          20      7.3144     7.94842   0.0642615
           1           1     7.28902     7.28902           0
           1           2     7.34994     7.31948   0.0215385
           1           3     7.20409     7.28101   0.0345316
           1           4     7.79158     7.40866    0.113535
           1           5     7.53541     7.43401   0.0936155
           1           6     7.29412     7.41069    0.080864
           1           7     7.80776     7.46742   0.0869604
           1           8     7.50888      7.4726   0.0762446
           1           9     7.61517     7.48844   0.0693992
           1          10     8.07224     7.54682   0.0834779
           1          11     7.55741     7.54778   0.0758945
           1          12       7.277     7.52522   0.0728474
           1          13      6.9362     7.47991   0.0801043
           1          14     7.62971     7.49061   0.0750937
           1          15     7.09919     7.46451   0.0744834
           1          16     7.35497     7.45767   0.0701422
           1          17     7.55093     7.46315   0.0662303
           1          18     7.12011      7.4441   0.0652353
           1          19     7.37307     7.44036   0.0619089
           1          20     6.88052     7.41237   0.0648336
       1.025           1       6.582       6.582           0
       1.025           2     6.81275     6.69737   0.0815801
       1.025           3     7.31973     6.90483    0.177902
       1.025           4     7.09705     6.95288    0.139766
       1.025           5     6.71205     6.90471    0.119826
       1.025           6     7.05616     6.92996    0.102479
       1.025           7     7.11652     6.95661   0.0912389
       1.025           8      6.7666     6.93286   0.0828678
       1.025           9     7.11125     6.95268   0.0759939
       1.025          10     6.61266     6.91868   0.0756198
       1.025          11     6.42051     6.87339   0.0811816
       1.025          12      7.3219     6.91076   0.0825736
       1.025          13     6.62256     6.88859   0.0791418
       1.025          14     7.00849     6.89716   0.0739507
       1.025          15     6.58187     6.87614   0.0719459
       1.025          16     6.87188     6.87587   0.0674498
       1.025          17     6.69001     6.86494   0.0643621
       1.025          18     7.09419     6.87768   0.0620338
       1.025          19     6.60418     6.86328   0.0604158
       1.025          20     7.14363      6.8773   0.0589988
        1.05           1     6.70692     6.70692           0
        1.05           2     6.63605     6.67148   0.0250558
        1.05           3     6.28425     6.54241    0.106707
        1.05           4     6.68178     6.57725   0.0855298
        1.05           5     6.43109     6.54802   0.0732489
        1.05           6     6.24943     6.49825   0.0760905
        1.05           7     6.65946     6.52128   0.0686168
        1.05           8     6.29709     6.49326   0.0655132
        1.05           9     6.28024     6.46959    0.062363
        1.05          10     6.64055     6.48669   0.0584232
        1.05          11     6.47711     6.48581   0.0531185
        1.05          12     6.29195     6.46966   0.0510895
        1.05          13     6.51029     6.47279   0.0472551
        1.05          14     6.42678      6.4695   0.0439938
        1.05          15     6.28974     6.45752   0.0426619
        1.05          16     6.41038     6.45457   0.0400971
        1.05          17     6.64936     6.46603   0.0393417
        1.05          18      6.3671     6.46053    0.037538
        1.05          19     6.78842     6.47779   0.0393295
        1.05          20     6.74508     6.49115   0.0395686
       1.075           1     5.97833     5.97833           0
       1.075           2     5.88722     5.93277   0.0322099
       1.075           3     5.74548     5.87034   0.0553139
       1.075           4     5.89508     5.87653   0.0418297
       1.075           5     6.22411     5.94604    0.070611
       1.075           6     5.74439     5.91243   0.0663607
       1.075           7     6.08815     5.93754   0.0614449
       1.075           8     6.24434     5.97589   0.0646336
       1.075           9     5.65911     5.94069   0.0663473
       1.075          10     6.09178      5.9558   0.0614089
       1.075          11     6.00669     5.96042   0.0560003
       1.075          12     6.00016     5.96374   0.0514314
       1.075          13     6.07589     5.97236   0.0481933
       1.075          14     5.75519     5.95685   0.0471815
       1.075          15     5.99343     5.95929    0.044099
       1.075          16     6.03968     5.96431   0.0416281
       1.075          17     6.09823     5.97219   0.0399177
       1.075          18      6.2332     5.98669   0.0402477
       1.075          19     5.83844     5.97889   0.0388785
       1.075          20     6.01675     5.98078   0.0369806
         1.1           1     5.56177     5.56177           0
         1.1           2     5.54707     5.55442  0.00519659
         1.1           3     5.51405     5.54096   0.0115199
         1.1           4      5.6774     5.57507   0.0307772
         1.1           5     5.28547     5.51715   0.0573585
         1.1           6     5.74329     5.55484   0.0588939
         1.1           7     5.57487      5.5577   0.0505499
         1.1           8     5.35069     5.53183   0.0504209
         1.1           9     5.83186     5.56516   0.0547409
         1.1          10     5.65287     5.57393   0.0499645
         1.1          11     5.36864     5.55527   0.0487836
         1.1          12     5.88892     5.58308   0.0520422
         1.1          13     5.62627      5.5864   0.0481449
         1.1          14     5.63988     5.59022   0.0448573
         1.1          15     5.89711     5.61068   0.0462981
         1.1          16     5.52355     5.60523   0.0437235
         1.1          17      5.5199     5.60021   0.0414386
         1.1          18     5.90072     5.61691   0.0423663
         1.1          19      5.5934     5.61567   0.0401546
         1.1          20     5.75174     5.62247   0.0387189
       1.125           1     5.10305     5.10305           0
       1.125           2     5.38495       5.244   0.0996662
       1.125           3      5.1702      5.2194   0.0694137
       1.125           4     5.46297     5.28029   0.0741024
       1.125           5     5.23854     5.27194   0.0597504
       1.125           6     4.93187     5.21526   0.0718069
       1.125           7     5.62356     5.27359   0.0818804
       1.125           8      5.2912     5.27579    0.071675
       1.125           9     5.42071     5.29189   0.0654949
       1.125          10     5.17713     5.28042   0.0599425
       1.125          11     5.09967     5.26399   0.0567007
       1.125          12     5.23285     5.26139    0.052035
       1.125          13     5.26631     5.26177   0.0480336
       1.125          14     5.08722      5.2493   0.0461924
       1.125          15     5.27861     5.25126   0.0431542
       1.125          16     5.41072     5.26122   0.0415921
       1.125          17     5.35355     5.26665   0.0394985
       1.125          18     5.30626     5.26885   0.0373654
       1.125          19     5.41924     5.27677   0.0362275
       1.125          20     5.44318     5.28509   0.0353587
        1.15           1     5.16254     5.16254           0
        1.15           2     5.00981     5.08617   0.0540008
        1.15           3     5.19036      5.1209   0.0458271
        1.15           4     4.74287     5.02639   0.0887705
        1.15           5     5.12153     5.04542   0.0730272
        1.15           6     4.96941     5.03275   0.0619453
        1.15           7     4.88886      5.0122   0.0564037
        1.15           8     4.96132     5.00584   0.0497105
        1.15           9     4.94042     4.99857   0.0447153
        1.15          10     4.87423     4.98613    0.041937
        1.15          11     4.93403      4.9814   0.0383911
        1.15          12     5.15053     4.99549   0.0376904
        1.15          13     4.79632     4.98017    0.037777
        1.15          14     4.87762     4.97285   0.0357818
        1.15          15     5.00888     4.97525   0.0334769
        1.15          16     5.25617     4.99281    0.035693
        1.15          17     4.76534     4.97943   0.0360142
        1.15          18     4.93423     4.97691   0.0341008
        1.15          19     5.01827     4.97909   0.0323755
        1.15          20     5.04144     4.98221   0.0309064
       1.175           1     4.65557     4.65557           0
       1.175           2     4.71037     4.68297   0.0193717
       1.175           3     4.93017     4.76537    0.068508
       1.175           4     4.60783     4.72599   0.0616718
       1.175           5     4.73483     4.72775   0.0493628
       1.175           6     4.72915     4.72799   0.0411362
       1.175           7     4.84515     4.74473   0.0385143
       1.175           8     4.69744     4.73881   0.0341505
       1.175           9     4.84167     4.75024   0.0322114
       1.175          10     4.37737     4.71296   0.0457355
       1.175          11     4.68673     4.71057   0.0416398
       1.175          12     4.69393     4.70918   0.0381929
       1.175          13     4.70597     4.70894   0.0352558
       1.175          14     4.62132     4.70268   0.0332883
       1.175          15      4.5424     4.69199   0.0327393
       1.175          16     4.53483     4.68217   0.0321329
       1.175          17     4.57922     4.67611   0.0308081
       1.175          18     4.76108     4.68084    0.029456
       1.175          19     4.77336     4.68571   0.0283053
       1.175          20     4.65378     4.68411    0.026935
         1.2           1     4.44822     4.44822           0
         1.2           2     4.26888     4.35855   0.0634074
         1.2           3     4.42463     4.38057   0.0459383
         1.2           4     4.41936     4.39027   0.0354624
         1.2           5     4.46298     4.40481   0.0312093
         1.2           6     4.33847     4.39376   0.0278978
         1.2           7     4.48403     4.40665   0.0267273
         1.2           8     4.43554     4.41026   0.0236291
         1.2           9     4.36541     4.40528   0.0215228
         1.2          10     4.44551      4.4093    0.019743
         1.2          11     4.48807     4.41646    0.019203
         1.2          12     4.24674     4.40232   0.0222088
         1.2          13     4.50078     4.40989   0.0217536
         1.2          14     4.35467     4.40595   0.0205542
         1.2          15     4.38283     4.40441   0.0192416
         1.2          16     4.48528     4.40946   0.0186912
         1.2          17     4.49642     4.41458   0.0182783
         1.2          18     4.73139     4.43218   0.0243018
         1.2          19     4.29014      4.4247   0.0241453
         1.2          20     4.38781     4.42286   0.0230084
       1.225           1     4.00019     4.00019           0
       1.225           2     4.28019     4.14019   0.0989961
       1.225           3     4.08957     4.12332   0.0674203
       1.225           4     4.08152     4.11287   0.0513684
       1.225           5     4.10406     4.11111   0.0411249
       1.225           6     4.11482     4.11172   0.0342754
       1.225           7     4.23314     4.12907   0.0334812
       1.225           8     4.03626     4.11747   0.0312412
       1.225           9     4.12842     4.11869   0.0277937
       1.225          10     4.09288     4.11611   0.0251338
       1.225          11     4.19744      4.1235   0.0239118
       1.225          12     3.97763     4.11134   0.0248174
       1.225          13     4.22851     4.12036   0.0244903
       1.225          14     4.10276      4.1191   0.0227732
       1.225          15     4.24087     4.12722   0.0226556
       1.225          16     4.36552     4.14211   0.0256727
       1.225          17     4.09394     4.13928   0.0243184
       1.225          18      4.1086     4.13757   0.0230271
       1.225          19     4.04483     4.13269   0.0223265
       1.225          20     4.13682      4.1329   0.0212111
        1.25           1      3.8895      3.8895           0
        1.25           2     3.93553     3.91251   0.0162736
        1.25           3     3.95934     3.92812   0.0167375
        1.25           4     3.90601     3.92259   0.0134352
        1.25           5     4.05522     3.94912   0.0260466
        1.25           6     3.92195     3.94459   0.0220957
        1.25           7     3.96457     3.94744   0.0191227
        1.25           8     4.01028      3.9553   0.0182744
        1.25           9     3.81087     3.93925   0.0221984
        1.25          10     3.90143     3.93547   0.0202982
        1.25          11     4.09083     3.94959   0.0228442
        1.25          12     4.01294     3.95487   0.0215418
        1.25          13      3.9569     3.95503   0.0198853
        1.25          14     4.08204      3.9641   0.0204298
        1.25          15     3.73608      3.9489   0.0240677
        1.25          16     4.05107     3.95528   0.0233953
        1.25          17     3.86058     3.94971   0.0226727
        1.25          18      3.9017     3.94705   0.0215695
        1.25          19     4.16103     3.95831   0.0231888
        1.25          20     3.90103     3.95544   0.0222055
       1.275           1     3.76337     3.76337           0
       1.275           2     3.70021     3.73179   0.0223302
       1.275           3     3.86808     3.77722   0.0399697
       1.275           4     3.88285     3.80363    0.037705
       1.275           5     3.74594     3.79209   0.0318805
       1.275           6     3.64374     3.76737   0.0348605
       1.275           7     3.75377     3.76543   0.0299345
       1.275           8     3.70442      3.7578   0.0271465
       1.275           9      3.9143     3.77519   0.0291728
       1.275          10     3.82681     3.78035   0.0267083
       1.275          11     3.70411     3.77342   0.0251635
       1.275          12     3.68132     3.76575   0.0242087
       1.275          13     3.65713     3.75739   0.0237447
       1.275          14     3.86071     3.76477   0.0231672
       1.275          15     3.71067     3.76116   0.0219017
       1.275          16     3.72267     3.75876   0.0206645
       1.275          17     3.72794     3.75694   0.0195283
       1.275          18      3.8061     3.75967   0.0186334
       1.275          19     3.80963      3.7623   0.0178372
       1.275          20     3.72412     3.76039   0.0170472
         1.3           1     3.61572     3.61572           0
         1.3           2     3.76004     3.68788   0.0510248
         1.3           3     3.57871     3.65149   0.0451656
         1.3           4     3.50537     3.61496   0.0463508
         1.3           5     3.54245     3.60046   0.0392838
         1.3           6     3.49868      3.5835    0.036214
         1.3           7     3.62938     3.59005   0.0316283
         1.3           8     3.62078     3.59389    0.027907
         1.3           9     3.67076     3.60243   0.0260803
         1.3          10     3.61719     3.60391    0.023514
         1.3          11     3.62329     3.60567   0.0214423
         1.3          12     3.49706     3.59662    0.021481
         1.3          13      3.4779     3.58749   0.0216832
         1.3          14      3.6603     3.59269   0.0207488
         1.3          15     3.63356     3.59541   0.0195436
         1.3          16     3.50834     3.58997   0.0190648
         1.3          17     3.52807     3.58633   0.0182878
         1.3          18     3.50955     3.58206   0.0177623
         1.3          19     3.48988     3.57721   0.0174775
         1.3          20     3.67314     3.58201   0.0172492
       1.325           1     3.48426     3.48426           0
       1.325           2      3.3642     3.42423   0.0424467
       1.325           3     3.43503     3.42783   0.0284501
       1.325           4     3.27463     3.38953   0.0394398
       1.325           5     3.35624     3.38287    0.032109
       1.325           6     3.46081     3.39586   0.0292673
       1.325           7      3.4844     3.40851   0.0276848
       1.325           8     3.48872     3.41854   0.0259765
       1.325           9     3.36567     3.41266   0.0237451
       1.325          10     3.38634     3.41003    0.021516
       1.325          11     3.48543     3.41689    0.020623
       1.325          12     3.54787      3.4278   0.0216009
       1.325          13     3.29264      3.4174   0.0223017
       1.325          14     3.37541     3.41441   0.0209094
       1.325          15      3.3451     3.40978   0.0200194
       1.325          16     3.49945     3.41539   0.0195368
       1.325          17     3.28513     3.40773   0.0198333
       1.325          18     3.35451     3.40477   0.0189506
       1.325          19     3.39553     3.40428   0.0179594
       1.325          20     3.49122     3.40863   0.0175797
        1.35           1     3.23334     3.23334           0
        1.35           2     3.34358     3.28846   0.0389736
        1.35           3     3.23852     3.27181   0.0293233
        1.35           4     3.25271     3.26704   0.0223779
        1.35           5     3.24055     3.26174   0.0185186
        1.35           6     3.09169      3.2334   0.0301252
        1.35           7     3.14251     3.22041   0.0284827
        1.35           8     3.26913      3.2265    0.025565
        1.35           9     3.22177     3.22598   0.0227298
        1.35          10     3.42547     3.24593   0.0278685
        1.35          11     3.24138     3.24551    0.025338
        1.35          12     3.21313     3.24281   0.0233698
        1.35          13      3.2632     3.24438   0.0216247
        1.35          14     3.20685      3.2417   0.0202456
        1.35          15     3.21935     3.24021   0.0189507
        1.35          16      3.2344     3.23985   0.0177697
        1.35          17     3.30595     3.24374   0.0171446
        1.35          18     3.41273     3.25312   0.0185859
        1.35          19     3.14539     3.24745   0.0184524
        1.35          20     3.27612     3.24889   0.0175853
       1.375           1     3.06202     3.06202           0
       1.375           2     3.20303     3.13253   0.0498513
       1.375           3     3.05697     3.10734   0.0390822
       1.375           4     3.19415     3.12904     0.03482
       1.375           5     3.20205     3.14364   0.0307652
       1.375           6     3.17562     3.14897   0.0260953
       1.375           7     3.14903     3.14898   0.0223674
       1.375           8     3.05759     3.13756   0.0222988
       1.375           9     3.10943     3.13443    0.020039
       1.375          10     3.09173     3.13016   0.0184845
       1.375          11     3.09774     3.12721   0.0170374
       1.375          12     3.08996     3.12411   0.0158979
       1.375          13     3.06722     3.11973   0.0152655
       1.375          14       3.056     3.11518   0.0148384
       1.375          15       3.155     3.11784   0.0140847
       1.375          16     3.11983     3.11796   0.0132049
       1.375          17     3.04941     3.11393   0.0130293
       1.375          18     3.16877     3.11697   0.0126567
       1.375          19     2.98567     3.11006   0.0137485
       1.375          20      3.0811     3.10862   0.0131371
         1.4           1     2.99978     2.99978           0
         1.4           2     3.07796     3.03887   0.0276388
         1.4           3     2.93832     3.00535   0.0329919
         1.4           4     2.98744     3.00087   0.0250461
         1.4           5     2.94196     2.98909   0.0226392
         1.4           6     3.01512     2.99343   0.0192771
         1.4           7     2.98532     2.99227    0.016558
         1.4           8     2.92589     2.98397   0.0164366
         1.4           9     2.99019     2.98466   0.0146248
         1.4          10     2.87235     2.97343   0.0169342
         1.4          11      2.9286     2.96936   0.0158775
         1.4          12     3.01301     2.97299   0.0149653
         1.4          13     2.82187     2.96137   0.0177646
         1.4          14     3.02433     2.96587   0.0170554
         1.4          15     2.90564     2.96185   0.0163841
         1.4          16      3.0431     2.96693   0.0161279
         1.4          17     2.96661     2.96691   0.0151792
         1.4          18     2.94647     2.96577   0.0143784
         1.4          19     2.95458     2.96519   0.0136337
         1.4          20     3.02063     2.96796   0.0132309
       1.425           1     2.90596     2.90596           0
       1.425           2      2.7084     2.80718   0.0698492
       1.425           3     2.83931     2.81789   0.0473801
       1.425           4     2.80064     2.81358   0.0357309
       1.425           5     2.94521     2.83991   0.0370342
       1.425           6     2.78347      2.8305   0.0320341
       1.425           7     2.83165     2.83066   0.0274582
       1.425           8     2.85316     2.83348   0.0241695
       1.425           9     2.87099     2.83764   0.0218404
       1.425          10     2.91002     2.84488    0.020821
       1.425          11     2.90805     2.85062   0.0197041
       1.425          12     2.70842     2.83877   0.0213299
       1.425          13     2.89436     2.84305   0.0201131
       1.425          14     2.79202      2.8394   0.0190038
       1.425          15     2.90341     2.84367   0.0182097
       1.425          16     2.83967     2.84342   0.0170733
       1.425          17     2.87928     2.84553   0.0161988
       1.425          18     2.86685     2.84671   0.0153421
       1.425          19     2.76199     2.84226   0.0151688
       1.425          20     2.79304     2.83979   0.0146086
        1.45           1     2.80225     2.80225           0
        1.45           2     2.75286     2.77756   0.0174641
        1.45           3     2.63959     2.73157    0.039312
        1.45           4     2.78315     2.74446   0.0315281
        1.45           5     2.75166      2.7459   0.0252553
        1.45           6     2.72951     2.74317   0.0211933
        1.45           7     2.85873     2.75968   0.0237397
        1.45           8     2.65877     2.74706   0.0238895
        1.45           9     2.78979     2.75181   0.0217017
        1.45          10     2.75866      2.7525   0.0195423
        1.45          11     2.70636      2.7483   0.0182103
        1.45          12     2.69716     2.74404   0.0171842
        1.45          13     2.78628     2.74729   0.0161666
        1.45          14      2.7935     2.75059    0.015345
        1.45          15     2.80429     2.75417   0.0147337
        1.45          16     2.74145     2.75338   0.0138343
        1.45          17     2.72807     2.75189   0.0131003
        1.45          18     2.81006     2.75512   0.0127649
        1.45          19     2.78933     2.75692   0.0122194
        1.45          20      2.6734     2.75274   0.0123013
       1.475           1     2.64224     2.64224           0
       1.475           2     2.58761     2.61492   0.0193138
       1.475           3     2.53918     2.58967   0.0243065
       1.475           4     2.59658      2.5914   0.0182911
       1.475           5     2.57836     2.58879   0.0148176
       1.475           6     2.74903      2.6155   0.0273283
       1.475           7     2.68591     2.62556   0.0252076
       1.475           8     2.61789      2.6246   0.0220749
       1.475           9     2.72331     2.63557   0.0221801
       1.475          10     2.64489      2.6365   0.0199816
       1.475          11     2.53498     2.62727   0.0201841
       1.475          12     2.59304     2.62442   0.0187026
       1.475          13     2.62028      2.6241   0.0172666
       1.475          14     2.54789     2.61866   0.0168697
       1.475          15     2.50314     2.61096   0.0174143
       1.475          16      2.5916     2.60975   0.0163678
       1.475          17     2.62434      2.6106   0.0154275
       1.475          18      2.6022     2.61014   0.0145775
       1.475          19     2.58597     2.60887   0.0138656
       1.475          20     2.62172     2.60951   0.0131873
         1.5           1     2.50403     2.50403           0
         1.5           2     2.55815     2.53109   0.0191353
         1.5           3     2.56348     2.54189   0.0155059
         1.5           4     2.49851     2.53105   0.0149476
         1.5           5     2.54139     2.53311   0.0121003
         1.5           6     2.52977     2.53256   0.0100964
         1.5           7     2.48438     2.52567   0.0107471
         1.5           8     2.53581     2.52694  0.00947812
         1.5           9     2.41914     2.51496   0.0140897
         1.5          10     2.51271     2.51474   0.0126825
         1.5          11     2.63055     2.52527   0.0152875
         1.5          12      2.4597      2.5198    0.014958
         1.5          13     2.52698     2.52036   0.0138176
         1.5          14      2.4715     2.51687    0.013264
         1.5          15      2.5265     2.51751   0.0123953
         1.5          16     2.43286     2.51222   0.0126995
         1.5          17     2.52046      2.5127   0.0119617
         1.5          18     2.54823     2.51468   0.0114589
         1.5          19     2.52151     2.51504   0.0108614
         1.5          20     2.45907     2.51224   0.0106727
       1.525           1     2.43164     2.43164           0
       1.525           2      2.4664     2.44902   0.0122902
       1.525           3     2.44117      2.4464  0.00846721
       1.525           4     2.42593     2.44128  0.00774436
       1.525           5     2.46832     2.44669   0.0078601
       1.525           6     2.36331     2.43279   0.0142771
       1.525           7     2.47768     2.43921   0.0136013
       1.525           8     2.41094     2.43567   0.0123517
       1.525           9     2.34121     2.42518   0.0147806
       1.525          10     2.43097     2.42576   0.0133139
       1.525          11     2.38307     2.42188   0.0126563
       1.525          12     2.44399     2.42372   0.0117351
       1.525          13     2.43777      2.4248   0.0108821
       1.525          14     2.43914     2.42582   0.0101529
       1.525          15     2.51599     2.43183   0.0111138
       1.525          16      2.4495     2.43294   0.0104739
       1.525          17     2.52321     2.43825   0.0111227
       1.525          18     2.37897     2.43496   0.0109815
       1.525          19     2.37459     2.43178   0.0108534
       1.525          20     2.42362     2.43137   0.0103184
        1.55           1     2.28798     2.28798           0
        1.55           2     2.36673     2.32735   0.0278427
        1.55           3     2.40899     2.35457   0.0289528
        1.55           4     2.27269      2.3341   0.0280312
        1.55           5     2.31995     2.33127   0.0225673
        1.55           6       2.325     2.33022   0.0188303
        1.55           7     2.34452     2.33227   0.0162506
        1.55           8     2.38194     2.33847     0.01536
        1.55           9     2.27493     2.33141   0.0151896
        1.55          10     2.28994     2.32727   0.0142255
        1.55          11     2.33403     2.32788   0.0129455
        1.55          12     2.37444     2.33176   0.0124346
        1.55          13     2.31532      2.3305   0.0115423
        1.55          14     2.41583     2.33659   0.0122216
        1.55          15     2.27361     2.33239   0.0121065
        1.55          16     2.32119     2.33169   0.0113701
        1.55          17      2.2884     2.32915   0.0109828
        1.55          18     2.31815     2.32854   0.0103896
        1.55          19      2.3239     2.32829  0.00984561
        1.55          20     2.31375     2.32756  0.00938015
       1.575           1     2.25863     2.25863           0
       1.575           2     2.25303     2.25583   0.0019799
       1.575           3     2.27049     2.26072  0.00420269
       1.575           4     2.29426      2.2691  0.00791568
       1.575           5      2.2492     2.26512  0.00726484
       1.575           6     2.30995      2.2726  0.00911951
       1.575           7     2.29192     2.27536  0.00822413
       1.575           8     2.20965     2.26714    0.010527
       1.575           9     2.21586     2.26144   0.0107898
       1.575          10     2.25122     2.26042  0.00975916
       1.575          11     2.26095     2.26047  0.00887208
       1.575          12     2.23271     2.25816  0.00842898
       1.575          13     2.21199     2.25461  0.00849584
       1.575          14     2.24849     2.25417  0.00790022
       1.575          15     2.23182     2.25268  0.00751266
       1.575          16     2.19557     2.24911  0.00784531
       1.575          17     2.20109     2.24629   0.0078759
       1.575          18      2.2562     2.24684  0.00745758
       1.575          19     2.20564     2.24467  0.00737352
       1.575          20     2.32723      2.2488  0.00807807
         1.6           1     2.17304     2.17304           0
         1.6           2     2.24893     2.21098   0.0268285
         1.6           3     2.14096     2.18764   0.0261368
         1.6           4     2.16497     2.18197   0.0202081
         1.6           5     2.24181     2.19394   0.0193892
         1.6           6     2.15233       2.187   0.0173539
         1.6           7     2.13616     2.17974   0.0163245
         1.6           8      2.1348     2.17412   0.0152198
         1.6           9     2.20562     2.17762   0.0139252
         1.6          10     2.22763     2.18262   0.0134005
         1.6          11     2.18051     2.18243   0.0121837
         1.6          12      2.1587     2.18045   0.0113277
         1.6          13     2.24582     2.18548   0.0115182
         1.6          14      2.1377     2.18207   0.0111898
         1.6          15     2.16598       2.181   0.0104951
         1.6          16     2.17593     2.18068  0.00984393
         1.6          17     2.24013     2.18418  0.00986659
         1.6          18     2.13335     2.18135  0.00971409
         1.6          19     2.17647      2.1811  0.00920622
         1.6          20     2.15558     2.17982  0.00883388
       1.625           1     2.06561     2.06561           0
       1.625           2     2.04357     2.05459  0.00779427
       1.625           3     2.05949     2.05623  0.00536465
       1.625           4     2.03534       2.051   0.0060531
       1.625           5     2.07952     2.05671  0.00703295
       1.625           6     2.13342     2.06949   0.0130599
       1.625           7     2.13081     2.07825    0.013823
       1.625           8     2.13967     2.08593   0.0140665
       1.625           9     2.19598     2.09816    0.017007
       1.625          10     2.14321     2.10266   0.0158919
       1.625          11     2.10502     2.10287   0.0144486
       1.625          12     2.12438     2.10467   0.0133552
       1.625          13     2.05034     2.10049   0.0129652
       1.625          14     2.11624     2.10161   0.0120879
       1.625          15      2.1009     2.10156   0.0112821
       1.625          16     2.08962     2.10082   0.0106016
       1.625          17     2.09579     2.10052  0.00998214
       1.625          18     2.10507     2.10078  0.00943078
       1.625          19     2.11344     2.10144  0.00895796
       1.625          20     2.13405     2.10307  0.00865714
        1.65           1     2.02493     2.02493           0
        1.65           2     2.04914     2.03704  0.00855985
        1.65           3     1.99449     2.02285   0.0129089
        1.65           4     2.04044     2.02725   0.0104033
        1.65           5     2.05064     2.03193  0.00931474
        1.65           6     2.00479      2.0274  0.00879241
        1.65           7     2.01314     2.02537  0.00776876
        1.65           8     2.01081     2.02355  0.00700746
        1.65           9     2.08889     2.03081  0.00925488
        1.65          10     2.01667     2.02939  0.00843666
        1.65          11     1.98085     2.02498  0.00874816
        1.65          12      2.0494     2.02702  0.00825245
        1.65          13     2.04156     2.02814  0.00769315
        1.65          14     2.01976     2.02754  0.00716688
        1.65          15     2.03205     2.02784  0.00669541
        1.65          16     1.99951     2.02607  0.00650689
        1.65          17     1.98716     2.02378  0.00651417
        1.65          18     2.06953     2.02632  0.00662963
        1.65          19     2.03338     2.02669  0.00629112
        1.65          20     1.98702     2.02471  0.00628149
       1.675           1     1.99932     1.99932           0
       1.675           2     1.93544     1.96738   0.0225869
       1.675           3     1.94566     1.96014   0.0161769
       1.675           4     1.93889     1.95483   0.0129756
       1.675           5      2.0143     1.96672   0.0148644
       1.675           6     1.98229     1.96932   0.0126115
       1.675           7     2.04195     1.97969   0.0144613
       1.675           8     1.92665     1.97306   0.0140919
       1.675           9     1.95357      1.9709   0.0126914
       1.675          10     1.96367     1.97017   0.0114428
       1.675          11     2.00125       1.973   0.0107458
       1.675          12     1.99188     1.97457  0.00996475
       1.675          13     1.93152     1.97126  0.00973288
       1.675          14     1.99311     1.97282  0.00916192
       1.675          15     1.98666     1.97374  0.00859745
       1.675          16     1.94184     1.97175  0.00828814
       1.675          17     2.04508     1.97606  0.00885218
       1.675          18     1.94096     1.97411  0.00857247
       1.675          19     1.98602     1.97474  0.00814416
       1.675          20     2.00891     1.97645  0.00791413
         1.7           1     1.94232     1.94232           0
         1.7           2      1.9896     1.96596    0.016716
         1.7           3     1.95792     1.96328   0.0113572
         1.7           4     1.90084     1.94767   0.0159775
         1.7           5     1.87504     1.93315   0.0182255
         1.7           6     1.93693     1.93378   0.0151988
         1.7           7     1.88936     1.92743   0.0142905
         1.7           8     1.89051     1.92282   0.0132283
         1.7           9     1.84768     1.91447   0.0141497
         1.7          10     1.88422     1.91144   0.0130539
         1.7          11     1.93545     1.91363   0.0120483
         1.7          12     1.92793     1.91482   0.0111031
         1.7          13     1.93949     1.91672     0.01041
         1.7          14     1.93106     1.91774  0.00971672
         1.7          15      1.9237     1.91814  0.00907706
         1.7          16     1.85766     1.91436  0.00926344
         1.7          17     1.89036     1.91295   0.0088254
         1.7          18     1.91231     1.91291  0.00833517
         1.7          19     1.94543     1.91462   0.0080703
         1.7          20     1.94986     1.91639   0.0078567
       1.725           1     1.83508     1.83508           0
       1.725           2     1.88596     1.86052   0.0179904
       1.725           3     1.86276     1.86127   0.0120091
       1.725           4     1.82955     1.85334   0.0113264
       1.725           5     1.77196     1.83706   0.0171464
       1.725           6     1.84013     1.83757   0.0142963
       1.725           7     1.93802     1.85192   0.0180735
       1.725           8     1.82214      1.8482   0.0161932
       1.725           9     1.81126      1.8441    0.014905
       1.725          10     1.80813      1.8405   0.0138417
       1.725          11     1.87152     1.84332   0.0128675
       1.725          12     1.89893     1.84795   0.0126022
       1.725          13     1.88636     1.85091    0.011974
       1.725          14     1.85395     1.85113   0.0111207
       1.725          15     1.78484     1.84671    0.011223
       1.725          16     1.83021     1.84568   0.0105688
       1.725          17     1.83007     1.84476  0.00998691
       1.725          18     1.86158     1.84569  0.00947574
       1.725          19     1.91242      1.8492   0.0096059
       1.725          20     1.82648     1.84807  0.00919256
        1.75           1     1.76974     1.76974           0
        1.75           2     1.81817     1.79395   0.0171209
        1.75           3     1.78533     1.79108   0.0116529
        1.75           4     1.75081     1.78101   0.0123449
        1.75           5     1.77901     1.78061   0.0098824
        1.75           6     1.81156     1.78577  0.00948636
        1.75           7     1.82982     1.79206   0.0100028
        1.75           8     1.79745     1.79273  0.00877506
        1.75           9     1.77895      1.7912  0.00793254
        1.75          10     1.74733     1.78682  0.00826375
        1.75          11     1.79902     1.78793  0.00758656
        1.75          12     1.77564      1.7869  0.00702308
        1.75          13      1.8448     1.79136  0.00776749
        1.75          14     1.79499     1.79162  0.00721702
        1.75          15     1.78962     1.79148   0.0067371
        1.75          16     1.78625     1.79116  0.00632398
        1.75          17     1.75509     1.78903  0.00629769
        1.75          18      1.8391     1.79182  0.00653332
        1.75          19     1.85596     1.79519  0.00700761
        1.75          20     1.80852     1.79586  0.00668883
       1.775           1     1.73486     1.73486           0
       1.775           2     1.69369     1.71428   0.0145564
       1.775           3      1.7259     1.71815   0.0102067
       1.775           4      1.7484     1.72571   0.0100736
       1.775           5     1.70151     1.72087   0.0091485
       1.775           6     1.71001     1.71906  0.00780095
       1.775           7     1.76092     1.72504  0.00868077
       1.775           8     1.75943     1.72934  0.00859449
       1.775           9     1.71398     1.72763  0.00780722
       1.775          10     1.74695     1.72956  0.00726166
       1.775          11     1.77388     1.73359  0.00763789
       1.775          12      1.7124     1.73183  0.00720276
       1.775          13     1.73032     1.73171  0.00664963
       1.775          14     1.75999     1.73373  0.00647415
       1.775          15     1.68674      1.7306  0.00675811
       1.775          16     1.73056      1.7306  0.00633573
       1.775          17     1.71571     1.72972  0.00602325
       1.775          18     1.76445     1.73165  0.00598966
       1.775          19     1.75286     1.73277  0.00577747
       1.775          20     1.63173     1.72771  0.00737371
         1.8           1     1.64641     1.64641           0
         1.8           2     1.68418     1.66529   0.0133549
         1.8           3     1.64093     1.65717   0.0111014
         1.8           4     1.76803     1.68489   0.0254039
         1.8           5     1.72012     1.69193    0.021278
         1.8           6     1.68438     1.69067   0.0177688
         1.8           7     1.64266     1.68381   0.0165014
         1.8           8     1.70556     1.68653   0.0146608
         1.8           9     1.66021     1.68361   0.0133204
         1.8          10      1.6994     1.68519   0.0120816
         1.8          11     1.68415     1.68509   0.0109836
         1.8          12     1.65319     1.68243   0.0103852
         1.8          13     1.69117     1.68311  0.00960803
         1.8          14      1.7198     1.68573  0.00927236
         1.8          15     1.68134     1.68543  0.00865882
         1.8          16     1.65164     1.68332  0.00837134
         1.8          17     1.69577     1.68405  0.00791089
         1.8          18     1.62422     1.68073  0.00813992
         1.8          19     1.74834     1.68429  0.00845355
         1.8          20     1.71803     1.68597  0.00819751
       1.825           1     1.60302     1.60302           0
       1.825           2     1.60812     1.60557  0.00180322
       1.825           3     1.63837      1.6165   0.0090079
       1.825           4     1.66404     1.62839   0.0123106
       1.825           5      1.6586     1.63443    0.011234
       1.825           6     1.63662     1.63479  0.00936759
       1.825           7     1.61686     1.63223  0.00837231
       1.825           8     1.62596     1.63145  0.00736244
       1.825           9     1.67716     1.63653  0.00810941
       1.825          10     1.63014     1.63589  0.00732358
       1.825          11     1.64923      1.6371  0.00675749
       1.825          12     1.58459     1.63272  0.00747838
       1.825          13     1.67881     1.63627  0.00769764
       1.825          14     1.65485      1.6376  0.00726128
       1.825          15     1.63413     1.63737  0.00678087
       1.825          16     1.62437     1.63655  0.00640549
       1.825          17     1.61135     1.63507   0.0061979
       1.825          18     1.66485     1.63673   0.0060704
       1.825          19     1.63248      1.6365  0.00575502
       1.825          20     1.65916     1.63763  0.00557769
        1.85           1     1.55748     1.55748           0
        1.85           2     1.60744     1.58246   0.0176609
        1.85           3     1.58251     1.58248   0.0117739
        1.85           4      1.6225     1.59248   0.0123722
        1.85           5     1.63567     1.60112   0.0125558
        1.85           6      1.5824       1.598   0.0108441
        1.85           7     1.59818     1.59803  0.00929493
        1.85           8     1.60207     1.59853   0.0081468
        1.85           9     1.59599     1.59825  0.00724648
        1.85          10     1.61534     1.59996  0.00672034
        1.85          11     1.60771     1.60066   0.0061462
        1.85          12     1.58167     1.59908  0.00583416
        1.85          13     1.60327      1.5994  0.00539429
        1.85          14     1.57783     1.59786  0.00522444
        1.85          15     1.62277     1.59952  0.00513331
        1.85          16     1.59176     1.59904  0.00483536
        1.85          17     1.57571     1.59766  0.00474165
        1.85          18     1.63788      1.5999  0.00497686
        1.85          19     1.61867     1.60089  0.00481201
        1.85          20     1.61281     1.60148  0.00460819
       1.875           1     1.51761     1.51761           0
       1.875           2     1.55532     1.53646   0.0133306
       1.875           3     1.50783     1.52692   0.0118196
       1.875           4     1.55667     1.53436   0.0109583
       1.875           5      1.5194     1.53137  0.00916574
       1.875           6     1.53393     1.53179  0.00764809
       1.875           7     1.53715     1.53256  0.00659363
       1.875           8     1.53511     1.53288  0.00577714
       1.875           9     1.56885     1.53688  0.00636957
       1.875          10     1.54753     1.53794  0.00582102
       1.875          11     1.53748      1.5379  0.00529199
       1.875          12     1.59071      1.5423  0.00642519
       1.875          13     1.60478     1.54711  0.00751671
       1.875          14     1.53451     1.54621  0.00703341
       1.875          15     1.52091     1.54452  0.00676366
       1.875          16     1.53995     1.54423  0.00634695
       1.875          17     1.51588     1.54257  0.00618883
       1.875          18     1.50556     1.54051  0.00617711
       1.875          19     1.54868     1.54094  0.00586695
       1.875          20     1.54295     1.54104  0.00557446
         1.9           1     1.48448     1.48448           0
         1.9           2     1.52307     1.50377   0.0136442
         1.9           3     1.47792     1.49516   0.0115001
         1.9           4       1.486     1.49287  0.00885012
         1.9           5     1.54706     1.50371   0.0120051
         1.9           6     1.49556     1.50235   0.0100807
         1.9           7     1.48873      1.5004  0.00882645
         1.9           8     1.45353     1.49454  0.00946996
         1.9           9     1.49692     1.49481  0.00842141
         1.9          10     1.53509     1.49884  0.00848825
         1.9          11     1.52732     1.50142  0.00810185
         1.9          12     1.47131     1.49891   0.0078057
         1.9          13     1.52772     1.50113  0.00751313
         1.9          14     1.53488     1.50354  0.00735311
         1.9          15      1.5097     1.50395  0.00687436
         1.9          16     1.49133     1.50316   0.0064898
         1.9          17     1.53479     1.50502  0.00636912
         1.9          18     1.51387     1.50551  0.00603419
         1.9          19     1.50556     1.50552   0.0057166
         1.9          20     1.52405     1.50644  0.00550538
       1.925           1     1.46097     1.46097           0
       1.925           2     1.46454     1.46275  0.00126434
       1.925           3     1.46807     1.46453  0.00167503
       1.925           4      1.4435     1.45927  0.00472282
       1.925           5     1.48348     1.46411  0.00574789
       1.925           6     1.46502     1.46426  0.00479191
       1.925           7     1.47341     1.46557  0.00428185
       1.925           8     1.49553     1.46932  0.00512912
       1.925           9     1.46225     1.46853  0.00461885
       1.925          10     1.42225      1.4639   0.0060462
       1.925          11     1.44999     1.46264  0.00562725
       1.925          12     1.44714     1.46135  0.00530452
       1.925          13      1.4638     1.46154  0.00489982
       1.925          14     1.46989     1.46213    0.004586
       1.925          15     1.44094     1.46072   0.0044926
       1.925          16     1.45893     1.46061   0.0042132
       1.925          17     1.46173     1.46067  0.00396588
       1.925          18     1.42883      1.4589  0.00412126
       1.925          19     1.48656     1.46036  0.00415337
       1.925          20     1.46309      1.4605  0.00394794
        1.95           1      1.4583      1.4583           0
        1.95           2     1.42233     1.44031   0.0127156
        1.95           3     1.43433     1.43832  0.00863181
        1.95           4      1.4266     1.43539  0.00695314
        1.95           5      1.4487     1.43805  0.00605043
        1.95           6     1.45203     1.44038  0.00547198
        1.95           7     1.46915     1.44449  0.00603997
        1.95           8     1.39438     1.43823  0.00789041
        1.95           9     1.44558     1.43904  0.00705581
        1.95          10      1.4254     1.43768  0.00648087
        1.95          11     1.43383     1.43733  0.00590116
        1.95          12     1.41275     1.43528  0.00575389
        1.95          13     1.41967     1.43408  0.00543512
        1.95          14     1.44738     1.43503  0.00512923
        1.95          15     1.41972     1.43401  0.00488779
        1.95          16     1.41977     1.43312  0.00466262
        1.95          17     1.40222      1.4313  0.00472948
        1.95          18     1.46472     1.43316  0.00481733
        1.95          19     1.44957     1.43402  0.00464055
        1.95          20     1.45638     1.43514  0.00454122
       1.975           1     1.41006     1.41006           0
       1.975           2     1.41268     1.41137 0.000928727
       1.975           3     1.41814     1.41363  0.00194475
       1.975           4      1.4361     1.41924  0.00507847
       1.975           5     1.41903      1.4192  0.00406296
       1.975           6     1.38025     1.41271  0.00682525
       1.975           7     1.38673       1.409  0.00678458
       1.975           8      1.4206     1.41045  0.00608948
       1.975           9     1.36785     1.40571  0.00701537
       1.975          10     1.39816     1.40496  0.00635441
       1.975          11     1.36747     1.40155  0.00662795
       1.975          12     1.40911     1.40218  0.00610549
       1.975          13     1.39574     1.40168  0.00565589
       1.975          14     1.43017     1.40372  0.00560582
       1.975          15     1.43038      1.4055  0.00550662
       1.975          16     1.35233     1.40217  0.00608303
       1.975          17     1.36482     1.39998  0.00610912
       1.975          18     1.40088     1.40003  0.00576993
       1.975          19     1.38194     1.39907  0.00554418
       1.975          20     1.44138     1.40119  0.00565617
           2           1     1.37087     1.37087           0
           2           2     1.33114       1.351   0.0140453
           2           3     1.35363     1.35188  0.00939072
           2           4     1.34731     1.35074  0.00711202
           2           5     1.36951     1.35449  0.00660659
           2           6       1.369     1.35691  0.00593166
           2           7     1.38528     1.36096  0.00631912
           2           8     1.35799     1.36059  0.00554013
           2           9     1.36513      1.3611   0.0049475
           2          10     1.37489     1.36248    0.004641
           2          11     1.32553     1.35912  0.00529699
           2          12     1.37346     1.36031  0.00498862
           2          13     1.33617     1.35845  0.00493855
           2          14     1.31433      1.3553  0.00550016
           2          15     1.33759     1.35412  0.00525875
           2          16     1.34051     1.35327  0.00499844
           2          17     1.38153     1.35493  0.00497311
           2          18     1.36953     1.35574  0.00476245
           2          19      1.3845     1.35726  0.00474622
           2          20      1.3449     1.35664  0.00454895
