#      T         BLOCK:   ACTUAL_X:     X_AVE:       ERROR:
         0.5           1     70.8327     70.8327           0
         0.5           2        71.8     71.3163    0.341999
         0.5           3     77.0295     73.2207     1.57156
         0.5           4     68.7042     72.0916      1.5315
         0.5           5     75.5051     72.7743     1.36893
         0.5           6     79.3049     73.8627     1.51282
         0.5           7      84.266     75.3489     1.89067
         0.5           8     75.5046     75.3684     1.65443
         0.5           9     80.4819     75.9365     1.56513
         0.5          10     77.4836     76.0912     1.41624
         0.5          11     77.3497     76.2056     1.29211
         0.5          12     79.9501     76.5177     1.22153
         0.5          13     76.0538      76.482     1.12809
         0.5          14     79.4386     76.6932     1.06709
         0.5          15     77.1594     76.7243    0.996406
         0.5          16     83.1262     77.1244     1.01128
         0.5          17      79.407     77.2587    0.960666
         0.5          18     73.4497     77.0471     0.93031
         0.5          19     79.7875     77.1913    0.892457
         0.5          20     78.6502     77.2642     0.85081
       0.525           1     69.8197     69.8197           0
       0.525           2     64.5917     67.2057     1.84838
       0.525           3     71.9538     68.7884      1.7856
       0.525           4     66.1968     68.1405     1.45199
       0.525           5     69.0247     68.3174     1.17231
       0.525           6      72.472     69.0098     1.16359
       0.525           7     59.9236     67.7118      1.5617
       0.525           8     65.0439     67.3783     1.40164
       0.525           9     56.9461     66.2192     1.65728
       0.525          10     73.1731     66.9146     1.63093
       0.525          11     75.7612     67.7188     1.66922
       0.525          12     63.7964     67.3919      1.5618
       0.525          13     63.5252     67.0945     1.46971
       0.525          14     70.4472      67.334      1.3841
       0.525          15     74.5209     67.8131     1.37225
       0.525          16     69.6256     67.9264     1.29116
       0.525          17      68.682     67.9708     1.21597
       0.525          18      64.399     67.7724     1.16449
       0.525          19     61.5213     67.4434     1.14874
       0.525          20     73.7084     67.7566     1.13321
        0.55           1      51.137      51.137           0
        0.55           2     53.3179     52.2274    0.771078
        0.55           3     60.6743      55.043     2.35572
        0.55           4     60.2099     56.3348     2.09116
        0.55           5          65     58.0678     2.28067
        0.55           6     63.4312     58.9617     2.06833
        0.55           7     59.4484     59.0312     1.77402
        0.55           8     60.9643     59.2729     1.56864
        0.55           9     59.8653     59.3387     1.39573
        0.55          10     62.8828     59.6931     1.30037
        0.55          11     67.6679     60.4181     1.36942
        0.55          12     61.2577     60.4881     1.25709
        0.55          13      56.209     60.1589     1.20271
        0.55          14     70.4442     60.8936     1.32228
        0.55          15     61.0154     60.9017     1.23416
        0.55          16     62.5514     61.0048     1.16132
        0.55          17     64.0643     61.1848     1.10686
        0.55          18     63.1748     61.2953     1.05088
        0.55          19      52.885     60.8527      1.0848
        0.55          20     58.0225     60.7112     1.03975
       0.575           1     55.8323     55.8323           0
       0.575           2     46.5863     51.2093     3.26896
       0.575           3     56.0178     52.8121     2.54207
       0.575           4     48.9738     51.8525      2.0798
       0.575           5     50.1389     51.5098     1.69184
       0.575           6     52.9324     51.7469     1.42638
       0.575           7     53.9256     52.0581     1.25611
       0.575           8     51.5611      51.996     1.10063
       0.575           9     44.1675     51.1262      1.2766
       0.575          10     61.1705     52.1306     1.49266
       0.575          11     50.9208     52.0206     1.36101
       0.575          12     48.9709     51.7665      1.2711
       0.575          13     47.7501     51.4575     1.21029
       0.575          14     56.3258     51.8053     1.17273
       0.575          15     49.3658     51.6426     1.10577
       0.575          16     46.5742     51.3259     1.08108
       0.575          17     42.9618     50.8339     1.12388
       0.575          18      47.045     50.6234     1.08097
       0.575          19     52.5903     50.7269     1.02903
       0.575          20     53.9837     50.8897    0.990375
         0.6           1     43.7561     43.7561           0
         0.6           2     41.3217     42.5389    0.860688
         0.6           3     54.2178     46.4319     3.22998
         0.6           4     43.6304     45.7315     2.49726
         0.6           5     43.8974     45.3647     2.02457
         0.6           6     43.2313     45.0091     1.71808
         0.6           7     45.6773     45.1046     1.47529
         0.6           8     48.5409     45.5341     1.35197
         0.6           9     41.0503     45.0359     1.29028
         0.6          10     44.4266      44.975     1.16269
         0.6          11     47.2539     45.1821     1.07529
         0.6          12     48.3118      45.443     1.01682
         0.6          13      48.328     45.6649    0.962517
         0.6          14     42.8438     45.4634    0.914615
         0.6          15     45.1997     45.4458     0.85381
         0.6          16     47.3098     45.5623    0.808356
         0.6          17     40.2469     45.2496    0.819047
         0.6          18      44.037     45.1823     0.77631
         0.6          19     44.7105     45.1574    0.735849
         0.6          20     47.1094      45.255    0.705499
       0.625           1     38.3199     38.3199           0
       0.625           2     33.5085     35.9142     1.70107
       0.625           3     37.6998     36.5094     1.23379
       0.625           4     38.6482     37.0441     1.03475
       0.625           5     36.5604     36.9473    0.832307
       0.625           6     39.8574     37.4324     0.82286
       0.625           7      39.713     37.7582    0.767101
       0.625           8     37.3407      37.706    0.672986
       0.625           9     36.9567     37.6227    0.603337
       0.625          10     43.8401     38.2445    0.801719
       0.625          11     41.1681     38.5103    0.771635
       0.625          12     40.1777     38.6492    0.719735
       0.625          13     42.8401     38.9716    0.733023
       0.625          14     37.2587     38.8492    0.690799
       0.625          15     36.2804      38.678    0.665636
       0.625          16     40.5705     38.7963    0.634456
       0.625          17     34.9627     38.5708    0.635948
       0.625          18     39.1212     38.6013    0.601352
       0.625          19     33.2312     38.3187    0.632646
       0.625          20     34.5163     38.1286    0.628932
        0.65           1     30.0143     30.0143           0
        0.65           2     29.9553     29.9848   0.0208694
        0.65           3      26.259     28.7429     1.01412
        0.65           4     30.9114      29.285    0.893825
        0.65           5     33.8976     30.2075     1.09185
        0.65           6     29.0165      30.009    0.927744
        0.65           7      36.206     30.8943     1.14198
        0.65           8     32.7896     31.1312     1.02351
        0.65           9     31.1454     31.1328    0.909791
        0.65          10     33.2738     31.3469    0.843627
        0.65          11     33.2143     31.5166    0.783828
        0.65          12     36.6564      31.945    0.827296
        0.65          13     33.4199     32.0584    0.771399
        0.65          14     34.2936     32.2181    0.732635
        0.65          15     33.5328     32.3057    0.689015
        0.65          16     34.1255     32.4195    0.655272
        0.65          17     33.0822     32.4584    0.617885
        0.65          18     36.0663     32.6589    0.615209
        0.65          19     28.9411     32.4632    0.613158
        0.65          20     33.9507     32.5376    0.586993
       0.675           1     23.7231     23.7231           0
       0.675           2     32.0692     27.8961      2.9508
       0.675           3     24.2194     26.6705     2.20709
       0.675           4     28.6167     27.1571      1.7081
       0.675           5     27.9371     27.3131     1.37359
       0.675           6     27.8224      27.398     1.14728
       0.675           7     29.1574     27.6493     1.01054
       0.675           8     27.4656     27.6263    0.884481
       0.675           9     32.3013     28.1458    0.926258
       0.675          10     27.5064     28.0818    0.835836
       0.675          11      29.115     28.1758     0.76511
       0.675          12     22.9354     27.7391    0.816521
       0.675          13     28.0586     27.7636    0.754082
       0.675          14     29.6623     27.8993    0.712309
       0.675          15     32.5607       28.21    0.729467
       0.675          16     32.2654     28.4635    0.726577
       0.675          17     30.4886     28.5826    0.693533
       0.675          18      26.413     28.4621    0.665395
       0.675          19     28.0794     28.4419    0.630679
       0.675          20     30.6032       28.55    0.608333
         0.7           1     28.8074     28.8074           0
         0.7           2      28.055     28.4312    0.266028
         0.7           3     23.2687     26.7103     1.41621
         0.7           4     23.8965     26.0069     1.22447
         0.7           5     24.0534     25.6162     1.04004
         0.7           6     25.1142     25.5325     0.87006
         0.7           7     24.4613     25.3795    0.759104
         0.7           8     25.8478      25.438    0.666469
         0.7           9     23.1059     25.1789    0.640814
         0.7          10     22.8842     24.9494    0.616452
         0.7          11     24.9706     24.9513    0.560414
         0.7          12     27.0388     25.1253    0.540035
         0.7          13     23.6389      25.011    0.510455
         0.7          14     24.9847     25.0091    0.473997
         0.7          15     25.8896     25.0678    0.446017
         0.7          16     26.5034     25.1575    0.427072
         0.7          17     27.5925     25.3007    0.425292
         0.7          18     23.4604     25.1985    0.413772
         0.7          19     25.6624     25.2229    0.392714
         0.7          20     23.1209     25.1178    0.386887
       0.725           1     21.9058     21.9058           0
       0.725           2     22.8487     22.3772    0.333395
       0.725           3     25.9364     23.5636     0.99385
       0.725           4     20.6324     22.8308    0.978963
       0.725           5     20.2724     22.3191    0.907091
       0.725           6     20.3102     21.9843    0.815365
       0.725           7     20.9896     21.8422    0.711159
       0.725           8     22.5808     21.9345    0.628229
       0.725           9     19.2937     21.6411    0.623196
       0.725          10     21.4184     21.6188    0.561274
       0.725          11     20.0231     21.4738    0.528663
       0.725          12     22.4309     21.5535    0.490588
       0.725          13     21.9291     21.5824    0.453701
       0.725          14     21.4235     21.5711    0.421436
       0.725          15     19.5863     21.4388     0.41359
       0.725          16     24.4929     21.6296    0.429538
       0.725          17     22.5083     21.6813    0.407369
       0.725          18     19.2134     21.5442    0.407157
       0.725          19       22.62     21.6008    0.389645
       0.725          20     24.6914     21.7554    0.399632
        0.75           1     17.9744     17.9744           0
        0.75           2     20.6886     19.3315    0.959625
        0.75           3     21.5233     20.0621    0.874719
        0.75           4     16.5308     19.1793     1.00743
        0.75           5     20.2581     19.3951    0.828725
        0.75           6     19.8904     19.4776    0.694704
        0.75           7     17.3449     19.1729     0.65889
        0.75           8     22.1349     19.5432    0.672555
        0.75           9     18.8837     19.4699    0.601804
        0.75          10     17.3489     19.2578    0.577793
        0.75          11     21.6417     19.4745    0.564447
        0.75          12     18.4753     19.3913    0.523515
        0.75          13     17.7219     19.2629    0.498745
        0.75          14       18.37     19.1991     0.46718
        0.75          15     18.7061     19.1662    0.437189
        0.75          16     16.9653     19.0287    0.430962
        0.75          17     21.4127     19.1689    0.427821
        0.75          18     18.6071     19.1377     0.40519
        0.75          19     17.5843     19.0559    0.392026
        0.75          20     18.9795     19.0521    0.372443
       0.775           1     17.1553     17.1553           0
       0.775           2     18.1449     17.6501    0.349845
       0.775           3     17.8619     17.7207    0.240245
       0.775           4      16.669     17.4578    0.290362
       0.775           5     17.7675     17.5197    0.238805
       0.775           6     16.1399     17.2897    0.289265
       0.775           7     16.5472     17.1837    0.266685
       0.775           8     17.2761     17.1952      0.2336
       0.775           9     17.8081     17.2633    0.217345
       0.775          10     19.1938     17.4564    0.267962
       0.775          11     18.6219     17.5623    0.263719
       0.775          12     17.1784     17.5303    0.243675
       0.775          13     17.3889     17.5195    0.225174
       0.775          14     14.3969     17.2964    0.299855
       0.775          15     16.1226     17.2182    0.289895
       0.775          16     17.5955     17.2417    0.272734
       0.775          17     17.8788     17.2792    0.259252
       0.775          18     17.3326     17.2822    0.244866
       0.775          19     18.8996     17.3673    0.246332
       0.775          20     14.8127     17.2396     0.26507
         0.8           1     14.8421     14.8421           0
         0.8           2       13.41      14.126     0.50631
         0.8           3     13.9419     14.0646     0.34124
         0.8           4     15.5886     14.4456    0.417572
         0.8           5     15.3851     14.6335    0.373946
         0.8           6     14.2717     14.5732    0.316448
         0.8           7      16.375     14.8306    0.361055
         0.8           8     14.6581     14.8091    0.316567
         0.8           9     14.0686     14.7268    0.291887
         0.8          10      15.685     14.8226    0.277982
         0.8          11     16.1383     14.9422    0.277252
         0.8          12     14.4865     14.9042    0.256735
         0.8          13     13.1572     14.7699    0.269875
         0.8          14     16.4892     14.8927    0.277138
         0.8          15     15.6037     14.9401    0.262685
         0.8          16     15.0177     14.9449    0.246312
         0.8          17     16.4619     15.0342    0.247458
         0.8          18     16.6277     15.1227    0.249043
         0.8          19     15.1227     15.1227    0.235935
         0.8          20     17.0826     15.2207    0.243641
       0.825           1     13.3358     13.3358           0
       0.825           2      12.959     13.1474    0.133234
       0.825           3     13.6184     13.3044     0.15596
       0.825           4     15.3456     13.8147    0.457146
       0.825           5     11.5114      13.354    0.550925
       0.825           6     12.2322      13.167    0.489807
       0.825           7     13.3929     13.1993    0.420895
       0.825           8     15.3056     13.4626    0.443045
       0.825           9     12.0247     13.3028    0.421641
       0.825          10     13.6426     13.3368    0.380844
       0.825          11      13.952     13.3927    0.350305
       0.825          12     12.1841      13.292     0.33528
       0.825          13     14.1546     13.3584    0.315987
       0.825          14     14.7768     13.4597    0.309234
       0.825          15     12.8211     13.4171    0.291534
       0.825          16     13.2563     13.4071    0.273486
       0.825          17     13.0648     13.3869    0.258139
       0.825          18     15.3038     13.4934    0.264854
       0.825          19     13.8973     13.5147    0.251766
       0.825          20     12.4746     13.4627    0.244489
        0.85           1     12.4831     12.4831           0
        0.85           2      11.166     11.8245    0.465664
        0.85           3     12.6951     12.1147     0.39053
        0.85           4     12.1184     12.1156    0.292899
        0.85           5     13.3269     12.3579    0.319145
        0.85           6     12.5537     12.3905    0.267617
        0.85           7     12.1371     12.3543    0.231822
        0.85           8     12.3094     12.3487    0.202912
        0.85           9     11.5903     12.2644    0.197088
        0.85          10     12.7281     12.3108    0.182753
        0.85          11     12.1074     12.2923    0.167072
        0.85          12     11.4929     12.2257    0.165899
        0.85          13     11.0237     12.1332    0.177037
        0.85          14     12.7369     12.1763    0.169562
        0.85          15     12.1621     12.1754    0.158261
        0.85          16     12.6505     12.2051    0.151129
        0.85          17     11.8086     12.1818    0.144028
        0.85          18     12.1194     12.1783    0.136068
        0.85          19     12.2777     12.1835    0.129007
        0.85          20     12.5905     12.2039    0.124151
       0.875           1     10.8358     10.8358           0
       0.875           2     10.0096     10.4227    0.292099
       0.875           3     11.6066     10.8173    0.376479
       0.875           4     10.5014     10.7383    0.290526
       0.875           5     11.3078     10.8522    0.253763
       0.875           6     11.0067      10.878    0.212771
       0.875           7      9.8496     10.7311    0.227509
       0.875           8     12.1275     10.9056    0.257466
       0.875           9     11.2199     10.9405    0.231214
       0.875          10     10.4164     10.8881    0.213952
       0.875          11     11.1629     10.9131    0.195954
       0.875          12     11.4527     10.9581    0.184712
       0.875          13     11.4346     10.9947    0.174103
       0.875          14     11.9415     11.0624    0.174308
       0.875          15     11.1106     11.0656    0.162717
       0.875          16     10.4708     11.0284    0.156736
       0.875          17     11.2339     11.0405    0.147981
       0.875          18     11.5787     11.0704    0.142749
       0.875          19     11.6471     11.1007    0.138426
       0.875          20     11.8216     11.1368    0.136116
         0.9           1     10.5194     10.5194           0
         0.9           2     10.4934     10.5064  0.00920339
         0.9           3     11.2615     10.7581    0.205594
         0.9           4     10.9398     10.8035    0.159135
         0.9           5     9.80599      10.604    0.219203
         0.9           6     10.3382     10.5597    0.187092
         0.9           7     10.5202     10.5541     0.16045
         0.9           8     9.89825     10.4721    0.159971
         0.9           9     10.6239      10.489    0.143083
         0.9          10     9.62474     10.4025     0.15266
         0.9          11     10.1176     10.3766    0.140962
         0.9          12     9.49394     10.3031    0.147162
         0.9          13     10.9574     10.3534    0.144192
         0.9          14     9.66966     10.3046    0.141923
         0.9          15      9.9238     10.2792    0.134713
         0.9          16     10.6763      10.304    0.128559
         0.9          17     9.60117     10.2627    0.127471
         0.9          18     10.5731     10.2799     0.12155
         0.9          19     10.6072     10.2971    0.116367
         0.9          20     10.2285     10.2937    0.110599
       0.925           1     9.24103     9.24103           0
       0.925           2     9.51588     9.37846   0.0971741
       0.925           3     10.5182     9.75836    0.316884
       0.925           4      9.6129       9.722    0.239741
       0.925           5     9.61197     9.69999      0.1928
       0.925           6     9.13834     9.60638    0.181978
       0.925           7     9.39886     9.57674    0.158377
       0.925           8      9.0023     9.50493    0.153999
       0.925           9     9.36922     9.48985    0.137625
       0.925          10     10.1646     9.55732    0.139423
       0.925          11     9.59464     9.56072     0.12679
       0.925          12     10.1693     9.61143    0.125959
       0.925          13     8.88042      9.5552    0.128208
       0.925          14     9.32033     9.53842    0.120143
       0.925          15     8.52503     9.47086    0.129746
       0.925          16      9.8183     9.49258     0.12344
       0.925          17     9.27877        9.48    0.116818
       0.925          18     9.83787     9.49988    0.112007
       0.925          19     9.83981     9.51777    0.107531
       0.925          20     9.34124     9.50895    0.102516
        0.95           1     8.55829     8.55829           0
        0.95           2     8.20303     8.38066    0.125603
        0.95           3      8.7521     8.50447    0.131268
        0.95           4     8.97013     8.62089    0.140914
        0.95           5     8.56245      8.6092    0.113215
        0.95           6     8.63981      8.6143   0.0944607
        0.95           7     8.41911     8.58642   0.0849825
        0.95           8     9.12026     8.65315   0.0970858
        0.95           9     8.96863      8.6882   0.0924104
        0.95          10     8.39756     8.65914   0.0876207
        0.95          11     8.90651     8.68162   0.0824906
        0.95          12     8.27592     8.64782   0.0822532
        0.95          13     8.67324     8.64977   0.0759493
        0.95          14     8.37649     8.63025   0.0729897
        0.95          15      8.6204     8.62959   0.0681266
        0.95          16     8.30077     8.60904   0.0668967
        0.95          17     8.56367     8.60637   0.0630148
        0.95          18     8.46148     8.59832   0.0600259
        0.95          19     8.65973     8.60156   0.0569536
        0.95          20     8.68777     8.60587   0.0542688
       0.975           1     8.34649     8.34649           0
       0.975           2      8.2377     8.29209   0.0384637
       0.975           3     7.83133     8.13851       0.128
       0.975           4        8.08     8.12388   0.0968319
       0.975           5     8.27708     8.15452   0.0821705
       0.975           6     7.86612     8.10645   0.0813281
       0.975           7     8.23209      8.1244   0.0716628
       0.975           8     7.89977     8.09632   0.0679836
       0.975           9     7.71564     8.05402   0.0724024
       0.975          10     7.84695     8.03332    0.068059
       0.975          11     7.90743     8.02187   0.0628266
       0.975          12     8.38514     8.05214   0.0644732
       0.975          13     7.22196     7.98828    0.085477
       0.975          14     7.80082     7.97489   0.0804134
       0.975          15      7.8744      7.9682   0.0753311
       0.975          16     8.39345     7.99477   0.0751656
       0.975          17      7.8085     7.98382   0.0715383
       0.975          18     7.64683      7.9651   0.0699707
       0.975          19     7.49831     7.94053   0.0704691
       0.975          20     8.20462     7.95373   0.0681715
           1           1     7.05425     7.05425           0
           1           2      7.5238     7.28903     0.16601
           1           3     7.57887     7.38564     0.13591
           1           4     7.26452     7.35536    0.105252
           1           5     7.34616     7.35352   0.0842176
           1           6     7.32244     7.34834   0.0703405
           1           7     7.73628     7.40376   0.0791691
           1           8     7.66727      7.4367    0.075816
           1           9     7.52538     7.44655   0.0680293
           1          10     6.67087     7.36898    0.095728
           1          11     7.72901     7.40171   0.0924515
           1          12      7.1204     7.37827   0.0876691
           1          13     7.49284     7.38708    0.081367
           1          14     7.51508     7.39623    0.076067
           1          15     7.57572     7.40819   0.0719309
           1          16      7.4637     7.41166   0.0675188
           1          17     7.33199     7.40698   0.0637096
           1          18     7.34162     7.40334   0.0602735
           1          19      7.3179     7.39885   0.0572688
           1          20     7.22016     7.38991   0.0550979
       1.025           1      6.9618      6.9618           0
       1.025           2      6.8626      6.9122   0.0350725
       1.025           3     7.30538     7.04326    0.109535
       1.025           4     6.95759     7.02184   0.0842191
       1.025           5     6.98744     7.01496   0.0676557
       1.025           6     6.70479     6.96327   0.0735233
       1.025           7     6.42562     6.88646   0.0950155
       1.025           8     7.32514     6.94129   0.0976882
       1.025           9     6.64094     6.90792   0.0923587
       1.025          10     6.59193     6.87632   0.0883632
       1.025          11      7.4379     6.92737   0.0939273
       1.025          12     6.90475     6.92549   0.0861189
       1.025          13     6.34302     6.88068   0.0904016
       1.025          14     6.83404     6.87735   0.0840057
       1.025          15     6.98354     6.88443    0.078703
       1.025          16     6.83541     6.88137   0.0738437
       1.025          17     6.92251     6.88379   0.0695396
       1.025          18     6.89352     6.88433   0.0656784
       1.025          19     6.71772     6.87556   0.0628043
       1.025          20     6.69241      6.8664    0.060328
        1.05           1     6.16116     6.16116           0
        1.05           2     6.27844      6.2198   0.0414647
        1.05           3     6.45483     6.29814   0.0696841
        1.05           4     6.31387     6.30207    0.052374
        1.05           5     6.01286     6.24423    0.066575
        1.05           6      6.1665     6.23127   0.0567258
        1.05           7     6.40205     6.25567   0.0536124
        1.05           8     6.60808     6.29972   0.0624382
        1.05           9     6.11045     6.27869   0.0589361
        1.05          10     6.50576      6.3014   0.0572499
        1.05          11     6.58785     6.32744   0.0576645
        1.05          12     6.34771     6.32913   0.0528838
        1.05          13     6.57515     6.34805   0.0520922
        1.05          14     6.64104     6.36898   0.0524068
        1.05          15     6.85094     6.40111   0.0579313
        1.05          16     6.39771      6.4009    0.054311
        1.05          17     6.02345      6.3787   0.0554693
        1.05          18     6.58201     6.38999   0.0535253
        1.05          19     6.48864     6.39518   0.0509593
        1.05          20     6.19408     6.38513   0.0493935
       1.075           1      6.2921      6.2921           0
       1.075           2     5.95043     6.12126    0.120798
       1.075           3     5.70981     5.98411    0.137934
       1.075           4     5.68399     5.90908    0.122165
       1.075           5     6.20804     5.96887    0.111407
       1.075           6     6.17181      6.0027   0.0978392
       1.075           7     6.26874      6.0407   0.0909449
       1.075           8     5.92272     6.02595   0.0807637
       1.075           9     6.21118     6.04653   0.0743661
       1.075          10     5.75123       6.017    0.072556
       1.075          11     6.10108     6.02465   0.0663613
       1.075          12     5.53089      5.9835   0.0724731
       1.075          13     6.18394     5.99892   0.0685187
       1.075          14     6.16414     6.01072   0.0646329
       1.075          15     5.85599     6.00041   0.0611416
       1.075          16     5.75573     5.98511   0.0592018
       1.075          17     6.29574     6.00339   0.0584712
       1.075          18     5.87296     5.99614     0.05567
       1.075          19     5.95257     5.99385   0.0527872
       1.075          20     6.04127     5.99622   0.0502011
         1.1           1     5.73033     5.73033           0
         1.1           2     5.63205     5.68119   0.0347472
         1.1           3     5.64103      5.6678   0.0256142
         1.1           4     5.36386     5.59181   0.0685521
         1.1           5     5.71076      5.6156   0.0588247
         1.1           6      5.6389     5.61949   0.0491485
         1.1           7     5.52927      5.6066   0.0437845
         1.1           8     5.69961     5.61822   0.0398253
         1.1           9     5.64217     5.62089    0.035489
         1.1          10     5.66805      5.6256    0.032252
         1.1          11     5.53867      5.6177   0.0302729
         1.1          12     5.61465     5.61744   0.0277512
         1.1          13     5.59442     5.61567   0.0256729
         1.1          14     5.38825     5.59943   0.0285191
         1.1          15     5.47501     5.59113   0.0277979
         1.1          16     5.46653     5.58335   0.0271295
         1.1          17     5.76305     5.59392   0.0275161
         1.1          18     5.74383     5.60225   0.0272186
         1.1          19     5.24811     5.58361   0.0315283
         1.1          20     5.62057     5.58546    0.030006
       1.125           1      5.3533      5.3533           0
       1.125           2     5.44377     5.39853   0.0319839
       1.125           3     4.50107     5.09938    0.245188
       1.125           4     5.41118     5.17733    0.195891
       1.125           5     5.13222     5.16831     0.15692
       1.125           6     5.09221     5.15562    0.131279
       1.125           7     5.39569     5.18992    0.116918
       1.125           8     5.37365     5.21289    0.104535
       1.125           9     5.32903     5.22579    0.093713
       1.125          10     5.46943     5.25016   0.0874515
       1.125          11      5.2044       5.246   0.0796002
       1.125          12     5.65518     5.28009   0.0799372
       1.125          13     5.36488     5.28662   0.0740538
       1.125          14     4.83824     5.25459   0.0753721
       1.125          15     5.11693     5.24541   0.0709038
       1.125          16     5.08257     5.23523   0.0671988
       1.125          17     5.59054     5.25613   0.0664167
       1.125          18     5.43927     5.26631   0.0635014
       1.125          19      5.4818     5.27765   0.0611637
       1.125          20     5.16473       5.272   0.0583655
        1.15           1     4.84807     4.84807           0
        1.15           2     4.61955     4.73381   0.0807934
        1.15           3     4.92265     4.79676   0.0744491
        1.15           4     5.03233     4.85565   0.0756245
        1.15           5     5.33202     4.95092    0.104508
        1.15           6     4.85078     4.93423   0.0884127
        1.15           7     4.85474     4.92288   0.0765081
        1.15           8      4.6995     4.89496   0.0718593
        1.15           9     4.74018     4.87776   0.0659007
        1.15          10     4.77774     4.86776   0.0600649
        1.15          11     4.61174     4.84448   0.0589413
        1.15          12     4.98372     4.85609   0.0551598
        1.15          13     4.91419     4.86056   0.0510976
        1.15          14     5.09257     4.87713    0.050063
        1.15          15     4.91444     4.87962   0.0467873
        1.15          16      5.0067     4.88756   0.0445322
        1.15          17     5.01183     4.89487   0.0425084
        1.15          18     5.21434     4.91262   0.0436952
        1.15          19       4.583     4.89527   0.0447069
        1.15          20     5.12941     4.90698   0.0439776
       1.175           1     4.65071     4.65071           0
       1.175           2     4.61459     4.63265     0.01277
       1.175           3     4.66998     4.64509   0.0132555
       1.175           4     4.70297     4.65956   0.0159956
       1.175           5     4.53668     4.63498   0.0254348
       1.175           6     4.67341     4.64139   0.0219871
       1.175           7      4.5326     4.62585   0.0237108
       1.175           8     4.57732     4.61978   0.0215088
       1.175           9     4.48103     4.60436   0.0240168
       1.175          10     4.70043     4.61397   0.0234578
       1.175          11     4.69432     4.62128   0.0224337
       1.175          12     4.77743     4.63429   0.0240438
       1.175          13     5.09127     4.66944   0.0404131
       1.175          14      4.3864     4.64922   0.0422821
       1.175          15     4.63038     4.64797   0.0394819
       1.175          16     4.89767     4.66357   0.0399801
       1.175          17      5.0318     4.68523   0.0430982
       1.175          18     4.57867     4.67931   0.0411085
       1.175          19     4.48963     4.66933   0.0401388
       1.175          20     4.57303     4.66452   0.0384196
         1.2           1     4.52088     4.52088           0
         1.2           2     4.45366     4.48727   0.0237647
         1.2           3     4.23139     4.40198   0.0714207
         1.2           4     4.42197     4.40697   0.0537401
         1.2           5     4.53321     4.43222   0.0485616
         1.2           6     4.20652      4.3946   0.0530739
         1.2           7     4.32166     4.38418   0.0465037
         1.2           8     4.40013     4.38618   0.0407335
         1.2           9     4.41182     4.38902    0.036307
         1.2          10     4.57547     4.40767   0.0371563
         1.2          11     4.64884     4.42959   0.0397237
         1.2          12     4.35018     4.42298   0.0369606
         1.2          13     4.36959     4.41887   0.0343449
         1.2          14     4.15708     4.40017   0.0366301
         1.2          15     4.41832     4.40138    0.034208
         1.2          16     4.45055     4.40445   0.0322078
         1.2          17      4.5123      4.4108   0.0309317
         1.2          18     4.33751     4.40672     0.02948
         1.2          19     4.32956     4.40266   0.0282068
         1.2          20     4.32359     4.39871   0.0270721
       1.225           1     4.20193     4.20193           0
       1.225           2     4.03804     4.11998   0.0579435
       1.225           3     4.07797     4.10598   0.0402856
       1.225           4     4.04446      4.0906   0.0330193
       1.225           5     4.16638     4.10576    0.029691
       1.225           6     4.19288     4.12028   0.0280696
       1.225           7     4.38722     4.15841   0.0427247
       1.225           8     3.96439     4.13416   0.0437295
       1.225           9     4.17369     4.13855   0.0390907
       1.225          10      4.1935     4.14405   0.0355657
       1.225          11     4.37802     4.16532   0.0381667
       1.225          12     3.94485     4.14695   0.0391592
       1.225          13     4.15422      4.1475    0.036151
       1.225          14     4.27436     4.15657   0.0346858
       1.225          15     3.96632     4.14388   0.0346147
       1.225          16     4.24992     4.15051   0.0330796
       1.225          17     4.13449     4.14957   0.0311472
       1.225          18     4.14553     4.14934   0.0294176
       1.225          19     4.43435     4.16434   0.0314622
       1.225          20     4.26012     4.16913   0.0302513
        1.25           1     3.83466     3.83466           0
        1.25           2      3.8233     3.82898  0.00401523
        1.25           3     3.84705       3.835   0.0055998
        1.25           4      3.8396     3.83615   0.0043164
        1.25           5     3.88067     3.84505  0.00867933
        1.25           6     3.68524     3.81842   0.0253687
        1.25           7     4.05558      3.8523   0.0381674
        1.25           8     3.95495     3.86513   0.0354878
        1.25           9     3.92776     3.87209   0.0322197
        1.25          10     4.13944     3.89882   0.0385246
        1.25          11     4.03408     3.91112   0.0369326
        1.25          12     3.92157     3.91199   0.0338652
        1.25          13     3.97028     3.91647   0.0315555
        1.25          14     3.96088     3.91965   0.0294606
        1.25          15     4.01468     3.92598   0.0281696
        1.25          16     4.11957     3.93808   0.0288908
        1.25          17     3.98569     3.94088   0.0273268
        1.25          18     3.77579     3.93171   0.0273045
        1.25          19     4.08579     3.93982   0.0270449
        1.25          20     4.07236     3.94645   0.0264922
       1.275           1     3.74084     3.74084           0
       1.275           2     3.87565     3.80824   0.0476607
       1.275           3     3.76519     3.79389   0.0338653
       1.275           4     3.77394      3.7889   0.0257639
       1.275           5     3.81031     3.79318   0.0209638
       1.275           6     3.88435     3.80838   0.0223067
       1.275           7     3.70921     3.79421   0.0231865
       1.275           8     3.64589     3.77567   0.0266901
       1.275           9       3.888     3.78815   0.0264823
       1.275          10     3.87497     3.79683   0.0252169
       1.275          11       3.688     3.78694   0.0247896
       1.275          12     4.03341     3.80748   0.0300513
       1.275          13     3.60163     3.79165   0.0316375
       1.275          14      3.7617     3.78951   0.0294499
       1.275          15     3.75042      3.7869   0.0276016
       1.275          16     3.92712     3.79566   0.0272322
       1.275          17     3.85421     3.79911   0.0258472
       1.275          18     3.76293      3.7971   0.0244892
       1.275          19     4.03309     3.80952   0.0261611
       1.275          20     3.59722      3.7989   0.0269205
         1.3           1     3.54218     3.54218           0
         1.3           2     3.61399     3.57809   0.0253884
         1.3           3     3.59828     3.58482   0.0177956
         1.3           4     3.59401     3.58711   0.0134941
         1.3           5     3.74484     3.61866    0.030209
         1.3           6     3.50654     3.59997   0.0304089
         1.3           7     3.56587      3.5951   0.0264521
         1.3           8     3.48988     3.58195   0.0262124
         1.3           9     3.73618     3.59909   0.0283535
         1.3          10     3.46409     3.58559   0.0285515
         1.3          11     3.46998     3.57508   0.0278232
         1.3          12      3.5191     3.57041   0.0258926
         1.3          13     3.39269     3.55674    0.027272
         1.3          14     3.73848     3.56972   0.0282452
         1.3          15     3.75262     3.58192   0.0288743
         1.3          16     3.43574     3.57278   0.0284783
         1.3          17     3.57565     3.57295   0.0268037
         1.3          18     3.53782       3.571   0.0253855
         1.3          19     3.51625     3.56812   0.0242124
         1.3          20     3.59805     3.56961    0.023048
       1.325           1     3.54357     3.54357           0
       1.325           2     3.38555     3.46456   0.0558662
       1.325           3     3.55248     3.49387   0.0442693
       1.325           4     3.51561      3.4993   0.0335341
       1.325           5     3.50002     3.49945   0.0268276
       1.325           6     3.45514     3.49206   0.0233507
       1.325           7     3.51002     3.49463   0.0201553
       1.325           8     3.38411     3.48081   0.0218634
       1.325           9     3.56872     3.49058   0.0215056
       1.325          10     3.35964     3.47749   0.0229982
       1.325          11     3.38737     3.46929   0.0223191
       1.325          12     3.34204     3.45869   0.0228398
       1.325          13     3.32165     3.44815   0.0233894
       1.325          14     3.40046     3.44474   0.0219654
       1.325          15      3.3553     3.43878    0.021295
       1.325          16     3.22762     3.42558   0.0237035
       1.325          17     3.39167     3.42359   0.0223929
       1.325          18     3.40769      3.4227   0.0211663
       1.325          19     3.26565     3.41444   0.0216062
       1.325          20     3.35707     3.41157   0.0207154
        1.35           1     3.18748     3.18748           0
        1.35           2     3.17694     3.18221  0.00372933
        1.35           3     3.18321     3.18254  0.00250112
        1.35           4     3.36883     3.22912   0.0403756
        1.35           5     3.13144     3.20958   0.0367233
        1.35           6     3.29854     3.22441   0.0334619
        1.35           7     3.25854     3.22928   0.0290347
        1.35           8     3.26967     3.23433   0.0258404
        1.35           9     3.27499     3.23885   0.0233608
        1.35          10       3.146     3.22956   0.0227952
        1.35          11      3.2978     3.23577   0.0215503
        1.35          12     3.24277     3.23635   0.0197624
        1.35          13     3.28363     3.23999   0.0185738
        1.35          14     3.33373     3.24668   0.0184145
        1.35          15     3.13299      3.2391   0.0186816
        1.35          16     3.24243     3.23931   0.0175152
        1.35          17     3.36775     3.24687    0.018041
        1.35          18     3.26703     3.24799   0.0170735
        1.35          19     3.22406     3.24673   0.0162213
        1.35          20     3.32296     3.25054   0.0158517
       1.375           1     3.07608     3.07608           0
       1.375           2     3.17213     3.12411   0.0339576
       1.375           3     3.01264     3.08695   0.0378539
       1.375           4     3.21905     3.11997   0.0402982
       1.375           5      3.0727     3.11052   0.0333295
       1.375           6     3.07853     3.10519   0.0281977
       1.375           7     3.10236     3.10478   0.0241724
       1.375           8     3.03934      3.0966   0.0224925
       1.375           9     2.95362     3.08072   0.0249818
       1.375          10     3.00198     3.07284   0.0236918
       1.375          11     3.14042     3.07899   0.0223204
       1.375          12     3.11498     3.08199   0.0206609
       1.375          13     3.01454      3.0768   0.0197122
       1.375          14     3.17258     3.08364   0.0194553
       1.375          15     3.06832     3.08262   0.0181851
       1.375          16      3.1414     3.08629   0.0174157
       1.375          17     3.18478     3.09209    0.017328
       1.375          18     3.03635     3.08899   0.0166397
       1.375          19     3.21118     3.09542   0.0169612
       1.375          20     3.25924     3.10361   0.0179826
         1.4           1     3.01018     3.01018           0
         1.4           2     3.06026     3.03522    0.017708
         1.4           3     2.96192     3.01079   0.0231816
         1.4           4     2.91349     2.98646   0.0273136
         1.4           5     2.93916       2.977   0.0234318
         1.4           6     2.96359     2.97477   0.0196329
         1.4           7     3.10879     2.99391   0.0244414
         1.4           8     3.03366     2.99888   0.0218853
         1.4           9     2.88822     2.98658   0.0226455
         1.4          10     3.04303     2.99223   0.0210728
         1.4          11     3.08304     3.00049   0.0207112
         1.4          12     2.95952     2.99707   0.0192646
         1.4          13     2.88751     2.98864   0.0195393
         1.4          14      2.9425     2.98535   0.0184195
         1.4          15     3.10091     2.99305   0.0187337
         1.4          16     2.92267     2.98865   0.0180718
         1.4          17     2.93333      2.9854   0.0172993
         1.4          18     2.89756     2.98052   0.0170126
         1.4          19     3.03684     2.98348   0.0163735
         1.4          20      3.1017      2.9894   0.0165875
       1.425           1     2.71788     2.71788           0
       1.425           2     2.77581     2.74684   0.0204788
       1.425           3     2.91522     2.80297   0.0478163
       1.425           4     2.68025     2.77229   0.0446327
       1.425           5     2.73003     2.76384   0.0364975
       1.425           6     2.91512     2.78905   0.0381418
       1.425           7     2.94597     2.81147   0.0387244
       1.425           8     2.90443     2.82309   0.0355847
       1.425           9     2.86161     2.82737   0.0318873
       1.425          10     2.86439     2.83107   0.0289127
       1.425          11     2.67206     2.81662   0.0296788
       1.425          12      2.7903     2.81442   0.0272864
       1.425          13     2.81999     2.81485   0.0251909
       1.425          14     2.93231     2.82324   0.0247492
       1.425          15     2.93798     2.83089   0.0242526
       1.425          16     2.87336     2.83355   0.0228816
       1.425          17     2.91624     2.83841   0.0220466
       1.425          18     2.79026     2.83573   0.0209834
       1.425          19     2.81176     2.83447   0.0199169
       1.425          20     2.82984     2.83424   0.0189224
        1.45           1     2.58978     2.58978           0
        1.45           2     2.84324     2.71651   0.0896094
        1.45           3     2.76654     2.73319   0.0612716
        1.45           4     2.85393     2.76337   0.0528687
        1.45           5     2.71002      2.7527   0.0433585
        1.45           6     2.73955     2.75051   0.0361874
        1.45           7     2.63592     2.73414   0.0345222
        1.45           8      2.7021     2.73014   0.0304384
        1.45           9     2.62466     2.71842   0.0292254
        1.45          10     2.70845     2.71742   0.0263199
        1.45          11     2.79321     2.72431   0.0248125
        1.45          12     2.75187     2.72661   0.0228509
        1.45          13     2.74778     2.72823    0.021151
        1.45          14     2.68538     2.72517   0.0198605
        1.45          15     2.69277     2.72301   0.0186535
        1.45          16     2.75969     2.72531    0.017628
        1.45          17     2.62529     2.71942   0.0175453
        1.45          18     2.81941     2.72498   0.0174278
        1.45          19      2.8678     2.73249   0.0180591
        1.45          20     2.74913     2.73333   0.0171753
       1.475           1     2.62143     2.62143           0
       1.475           2     2.66281     2.64212   0.0146282
       1.475           3     2.55532     2.61319   0.0255591
       1.475           4     2.61375     2.61333   0.0191697
       1.475           5     2.62149     2.61496   0.0154051
       1.475           6     2.64626     2.62018   0.0136921
       1.475           7     2.64056     2.62309   0.0120419
       1.475           8      2.6845     2.63077   0.0127505
       1.475           9     2.56766     2.62375    0.013121
       1.475          10     2.61886     2.62326   0.0118181
       1.475          11     2.52009     2.61388   0.0139784
       1.475          12     2.74815     2.62507   0.0167014
       1.475          13     2.74081     2.63398   0.0176306
       1.475          14      2.6522     2.63528   0.0164193
       1.475          15     2.53804      2.6288    0.016555
       1.475          16     2.68853     2.63253   0.0159357
       1.475          17     2.61691     2.63161   0.0150248
       1.475          18     2.55871     2.62756   0.0147258
       1.475          19     2.71497     2.63216   0.0146518
       1.475          20     2.69432     2.63527    0.014245
         1.5           1     2.47966     2.47966           0
         1.5           2     2.49543     2.48754  0.00557483
         1.5           3     2.53486     2.50332   0.0134048
         1.5           4     2.63489     2.53621   0.0302092
         1.5           5     2.60937     2.55084   0.0274834
         1.5           6     2.60538     2.55993   0.0243595
         1.5           7     2.55575     2.55933   0.0208869
         1.5           8     2.63169     2.56838   0.0201395
         1.5           9     2.56465     2.56797    0.017906
         1.5          10     2.43088     2.55426   0.0207085
         1.5          11     2.54553     2.55346   0.0188411
         1.5          12     2.62415     2.55935   0.0181687
         1.5          13     2.44377     2.55046   0.0188212
         1.5          14     2.64852     2.55747   0.0187349
         1.5          15     2.54231     2.55646   0.0175131
         1.5          16     2.44968     2.54978   0.0176443
         1.5          17      2.5058      2.5472    0.016795
         1.5          18     2.53558     2.54655   0.0158744
         1.5          19     2.53581     2.54599   0.0150489
         1.5          20     2.49805     2.54359   0.0144861
       1.525           1     2.39853     2.39853           0
       1.525           2       2.408     2.40327  0.00334682
       1.525           3      2.5446     2.45038   0.0385294
       1.525           4     2.47162     2.45569    0.029261
       1.525           5     2.44087     2.45272   0.0235585
       1.525           6     2.43002     2.44894   0.0199335
       1.525           7     2.43432     2.44685    0.017195
       1.525           8     2.48292     2.45136   0.0156255
       1.525           9     2.43733      2.4498   0.0139668
       1.525          10     2.51774      2.4566   0.0141263
       1.525          11     2.50813     2.46128   0.0135966
       1.525          12     2.41121     2.45711   0.0130881
       1.525          13     2.41177     2.45362   0.0125373
       1.525          14     2.42497     2.45157   0.0118076
       1.525          15     2.51332     2.45569    0.011716
       1.525          16     2.51538     2.45942   0.0115625
       1.525          17     2.53703     2.46399    0.011749
       1.525          18      2.4899     2.46543   0.0111842
       1.525          19     2.48401      2.4664   0.0106382
       1.525          20     2.46542     2.46635   0.0101064
        1.55           1     2.38896     2.38896           0
        1.55           2     2.48754     2.43825   0.0348508
        1.55           3     2.29943     2.39198   0.0443528
        1.55           4     2.28905     2.36625   0.0400394
        1.55           5     2.30384     2.35376   0.0339211
        1.55           6     2.45731     2.37102   0.0323612
        1.55           7     2.39102     2.37388   0.0278641
        1.55           8     2.41888      2.3795   0.0249424
        1.55           9     2.37334     2.37882   0.0221804
        1.55          10     2.43511     2.38445   0.0206643
        1.55          11     2.37727      2.3838    0.018796
        1.55          12     2.39398     2.38464   0.0172488
        1.55          13     2.32257     2.37987   0.0165698
        1.55          14     2.37396     2.37945   0.0153916
        1.55          15      2.3948     2.38047   0.0143995
        1.55          16     2.33534     2.37765    0.013773
        1.55          17     2.32844     2.37476   0.0132635
        1.55          18     2.40562     2.37647    0.012637
        1.55          19     2.38815     2.37709   0.0119868
        1.55          20     2.24073     2.37027   0.0131845
       1.575           1     2.18489     2.18489           0
       1.575           2     2.23889     2.21189   0.0190887
       1.575           3     2.25985     2.22788     0.01823
       1.575           4     2.26634     2.23749   0.0160094
       1.575           5     2.20387     2.23077   0.0141493
       1.575           6     2.39168     2.25759   0.0271733
       1.575           7     2.37325     2.27411   0.0278661
       1.575           8     2.26575     2.27307   0.0244025
       1.575           9     2.27909     2.27374   0.0217002
       1.575          10     2.20095     2.26646    0.020715
       1.575          11     2.28192     2.26786   0.0188795
       1.575          12     2.37763     2.27701   0.0193959
       1.575          13     2.18722      2.2701   0.0190941
       1.575          14     2.26993     2.27009   0.0177303
       1.575          15     2.31111     2.27282   0.0167578
       1.575          16     2.26002     2.27202   0.0157295
       1.575          17     2.29105     2.27314    0.014844
       1.575          18     2.25588     2.27218   0.0140503
       1.575          19     2.26364     2.27173    0.013318
       1.575          20     2.30299      2.2733   0.0127435
         1.6           1     2.23772     2.23772           0
         1.6           2     2.22022     2.22897  0.00618895
         1.6           3     2.28893     2.24895   0.0168332
         1.6           4     2.09969     2.21164   0.0346948
         1.6           5     2.17939     2.20519    0.028349
         1.6           6     2.15386     2.19663   0.0248816
         1.6           7     2.18433     2.19488   0.0213891
         1.6           8     2.12481     2.18612   0.0204299
         1.6           9     2.13745     2.18071   0.0188622
         1.6          10     2.15692     2.17833   0.0171254
         1.6          11     2.22602     2.18267    0.016108
         1.6          12     2.25215     2.18846   0.0157722
         1.6          13     2.13751     2.18454    0.015038
         1.6          14     2.25736     2.18974   0.0148362
         1.6          15     2.22583     2.19214   0.0140409
         1.6          16     2.18416     2.19165   0.0131722
         1.6          17     2.26621     2.19603   0.0131073
         1.6          18     2.21844     2.19728    0.012438
         1.6          19      2.1078     2.19257   0.0126436
         1.6          20      2.1873      2.1923   0.0120141
       1.625           1     2.08953     2.08953           0
       1.625           2     2.06388     2.07671   0.0090675
       1.625           3     2.12328     2.09223    0.014044
       1.625           4     1.96559     2.06057    0.029372
       1.625           5     2.12841     2.07414   0.0264462
       1.625           6     2.08781     2.07642   0.0221365
       1.625           7     2.19286     2.09305   0.0244376
       1.625           8     2.07306     2.09056   0.0215103
       1.625           9     2.08813     2.09029   0.0191219
       1.625          10     2.10331     2.09159    0.017254
       1.625          11     2.13248     2.09531   0.0160809
       1.625          12     2.10772     2.09634   0.0147741
       1.625          13     2.07765      2.0949   0.0137074
       1.625          14     2.13781     2.09797   0.0130665
       1.625          15     2.10221     2.09825   0.0121984
       1.625          16     2.12772     2.10009   0.0115742
       1.625          17     2.11403     2.10091   0.0109224
       1.625          18     2.10372     2.10107   0.0103167
       1.625          19     2.20174     2.10637   0.0110509
       1.625          20     2.06736     2.10442   0.0106691
        1.65           1     2.01486     2.01486           0
        1.65           2     1.94134      1.9781   0.0259941
        1.65           3     2.09365     2.01661   0.0359065
        1.65           4     2.09471     2.03614   0.0317975
        1.65           5     2.04756     2.03842   0.0255199
        1.65           6       2.036     2.03802   0.0212698
        1.65           7     1.99412     2.03175   0.0191335
        1.65           8     2.04898      2.0339   0.0168627
        1.65           9      2.0102     2.03127   0.0151933
        1.65          10      2.0564     2.03378   0.0138804
        1.65          11     2.04709     2.03499   0.0126711
        1.65          12     2.00995      2.0329   0.0117858
        1.65          13     1.99719     2.03016   0.0111949
        1.65          14     1.98497     2.02693   0.0108505
        1.65          15     2.08241     2.03063    0.010739
        1.65          16     2.01325     2.02954   0.0101226
        1.65          17     2.01105     2.02845  0.00958542
        1.65          18     1.99856     2.02679  0.00919566
        1.65          19     1.96688     2.02364  0.00923647
        1.65          20     2.05037     2.02498  0.00887079
       1.675           1     1.96547     1.96547           0
       1.675           2     1.86368     1.91458   0.0359903
       1.675           3     1.95224     1.92713   0.0260912
       1.675           4     2.02229     1.95092   0.0284141
       1.675           5     2.00908     1.96255    0.024999
       1.675           6     2.03217     1.97415   0.0233709
       1.675           7     1.92111     1.96658    0.021225
       1.675           8     1.94355      1.9637    0.018766
       1.675           9     2.01801     1.96973   0.0176244
       1.675          10     1.97239        1.97    0.015864
       1.675          11     2.11777     1.98343   0.0192884
       1.675          12     1.96207     1.98165    0.017763
       1.675          13     2.02407     1.98491   0.0166937
       1.675          14     1.92397     1.98056   0.0160588
       1.675          15     1.99238     1.98135   0.0150075
       1.675          16     1.99176       1.982   0.0140836
       1.675          17      1.9824     1.98202   0.0132552
       1.675          18     2.06959     1.98689   0.0133817
       1.675          19     1.86725     1.98059   0.0140813
       1.675          20     2.02233     1.98268    0.013531
         1.7           1     1.92588     1.92588           0
         1.7           2      1.8836     1.90474   0.0149507
         1.7           3     1.92496     1.91148   0.0113856
         1.7           4     1.93767     1.91803   0.0102508
         1.7           5     1.94771     1.92396  0.00976963
         1.7           6     1.93441     1.92571  0.00829501
         1.7           7     1.82167     1.91084   0.0154886
         1.7           8      1.8812     1.90714   0.0139886
         1.7           9     1.91722     1.90826   0.0124791
         1.7          10     1.92293     1.90972   0.0113171
         1.7          11     1.90001     1.90884   0.0103227
         1.7          12     1.96074     1.91317   0.0103289
         1.7          13     1.91786     1.91353  0.00954069
         1.7          14     1.88818     1.91172  0.00902935
         1.7          15     1.91523     1.91195  0.00843044
         1.7          16     1.94226     1.91385  0.00811355
         1.7          17     1.81105      1.9078  0.00962952
         1.7          18     1.89692     1.90719  0.00911351
         1.7          19     1.96597     1.91029  0.00914384
         1.7          20     1.88421     1.90898  0.00877911
       1.725           1     1.82244     1.82244           0
       1.725           2     1.88435     1.85339   0.0218887
       1.725           3     1.87009     1.85896   0.0152837
       1.725           4     1.86421     1.86027   0.0115191
       1.725           5     1.76709     1.84164   0.0190474
       1.725           6     1.80939     1.83626   0.0166139
       1.725           7     1.87541     1.84185   0.0151527
       1.725           8     1.85885     1.84398   0.0134067
       1.725           9      1.8372     1.84323   0.0119382
       1.725          10     1.80625     1.83953   0.0113024
       1.725          11     1.80654     1.83653   0.0106653
       1.725          12     1.81223      1.8345  0.00996694
       1.725          13     1.85957     1.83643  0.00938495
       1.725          14     1.85625     1.83785  0.00882066
       1.725          15     1.81793     1.83652  0.00833197
       1.725          16     1.86799     1.83849  0.00804004
       1.725          17     1.89449     1.84178  0.00821422
       1.725          18      1.8829     1.84407  0.00806922
       1.725          19     1.86027     1.84492  0.00768946
       1.725          20     1.86005     1.84567  0.00734213
        1.75           1     1.81009     1.81009           0
        1.75           2     1.89111      1.8506   0.0286463
        1.75           3     1.81507     1.83876   0.0214061
        1.75           4     1.80532      1.8304   0.0176117
        1.75           5     1.82704     1.82973   0.0141022
        1.75           6     1.81045     1.82651    0.012112
        1.75           7     1.79765     1.82239   0.0110614
        1.75           8     1.79467     1.81893   0.0102068
        1.75           9     1.73894     1.81004   0.0123499
        1.75          10     1.72373     1.80141   0.0138055
        1.75          11     1.79143      1.8005   0.0125802
        1.75          12      1.7586     1.79701   0.0120066
        1.75          13     1.81869     1.79868   0.0111983
        1.75          14     1.75113     1.79528   0.0109013
        1.75          15     1.75975     1.79291   0.0104287
        1.75          16     1.84187     1.79597    0.010216
        1.75          17     1.78692     1.79544  0.00962896
        1.75          18     1.77679      1.7944  0.00914957
        1.75          19     1.82848      1.7962  0.00884209
        1.75          20     1.88438     1.80061  0.00943542
       1.775           1     1.71805     1.71805           0
       1.775           2     1.78887     1.75346   0.0250399
       1.775           3      1.7399     1.74894   0.0170964
       1.775           4     1.77451     1.75533   0.0139659
       1.775           5     1.71374     1.74702   0.0134232
       1.775           6     1.77147     1.75109   0.0117887
       1.775           7     1.69869     1.74361   0.0122532
       1.775           8     1.74449     1.74372   0.0107221
       1.775           9     1.72457     1.74159  0.00973955
       1.775          10     1.71934     1.73936  0.00901626
       1.775          11      1.7345     1.73892  0.00820745
       1.775          12     1.76923     1.74145  0.00790252
       1.775          13     1.67771     1.73654  0.00868324
       1.775          14     1.72818     1.73595  0.00808353
       1.775          15     1.73945     1.73618  0.00754801
       1.775          16     1.75838     1.73757  0.00720268
       1.775          17     1.69042      1.7348  0.00729333
       1.775          18     1.66768     1.73107  0.00778322
       1.775          19     1.72675     1.73084  0.00737689
       1.775          20     1.74581     1.73159  0.00704592
         1.8           1     1.67333     1.67333           0
         1.8           2     1.71279     1.69306    0.013952
         1.8           3     1.65592     1.68068   0.0137369
         1.8           4      1.7266     1.69216   0.0143175
         1.8           5     1.77161     1.70805   0.0182534
         1.8           6     1.75559     1.71597   0.0168431
         1.8           7     1.69339     1.71275   0.0147428
         1.8           8     1.69929     1.71107   0.0129956
         1.8           9       1.672     1.70672   0.0122549
         1.8          10     1.73144      1.7092    0.011276
         1.8          11     1.68689     1.70717   0.0104316
         1.8          12     1.60037     1.69827    0.012808
         1.8          13     1.67947     1.69682   0.0119041
         1.8          14      1.7026     1.69724    0.011061
         1.8          15     1.64811     1.69396   0.0107975
         1.8          16     1.72133     1.69567   0.0102572
         1.8          17     1.67412      1.6944  0.00973189
         1.8          18     1.73766     1.69681  0.00948333
         1.8          19     1.66684     1.69523   0.0091144
         1.8          20     1.58137     1.68954   0.0102842
       1.825           1      1.7086      1.7086           0
       1.825           2     1.62895     1.66878   0.0281587
       1.825           3      1.6428     1.66012   0.0200595
       1.825           4     1.70162     1.67049   0.0175234
       1.825           5     1.67381     1.67116   0.0140313
       1.825           6      1.6448     1.66676   0.0123612
       1.825           7     1.63192     1.66179    0.011554
       1.825           8       1.747     1.67244   0.0141944
       1.825           9     1.61213     1.66574   0.0141106
       1.825          10     1.69576     1.66874    0.013015
       1.825          11     1.66686     1.66857   0.0118329
       1.825          12     1.65554     1.66748   0.0108965
       1.825          13      1.5844     1.66109   0.0117844
       1.825          14     1.70867     1.66449   0.0114223
       1.825          15     1.64531     1.66321   0.0107321
       1.825          16     1.63771     1.66162    0.010179
       1.825          17     1.68453     1.66297  0.00966906
       1.825          18     1.63643     1.66149  0.00924362
       1.825          19     1.65217       1.661  0.00877012
       1.825          20     1.66412     1.66116    0.008333
        1.85           1     1.65235     1.65235           0
        1.85           2     1.63051     1.64143  0.00772237
        1.85           3     1.61319     1.63202  0.00925135
        1.85           4     1.56732     1.61584   0.0156311
        1.85           5     1.64439     1.62155   0.0135073
        1.85           6     1.59048     1.61637   0.0122087
        1.85           7     1.58405     1.61176   0.0113043
        1.85           8     1.57693      1.6074   0.0106969
        1.85           9     1.55087     1.60112   0.0112018
        1.85          10     1.53219     1.59423   0.0120166
        1.85          11     1.59836      1.5946   0.0109301
        1.85          12     1.60475     1.59545   0.0100519
        1.85          13     1.66201     1.60057    0.010502
        1.85          14     1.59586     1.60023  0.00975721
        1.85          15     1.57289     1.59841  0.00927546
        1.85          16     1.61873     1.59968  0.00878225
        1.85          17      1.5578     1.59722  0.00860421
        1.85          18     1.59602     1.59715  0.00812646
        1.85          19     1.58926     1.59673  0.00770935
        1.85          20     1.59894     1.59684  0.00732466
       1.875           1      1.4829      1.4829           0
       1.875           2     1.54628     1.51459   0.0224079
       1.875           3     1.51869     1.51596   0.0149804
       1.875           4     1.55168     1.52489   0.0136399
       1.875           5      1.5368     1.52727   0.0111179
       1.875           6     1.50096     1.52288   0.0100929
       1.875           7     1.52962     1.52385  0.00869679
       1.875           8     1.54876     1.52696  0.00814806
       1.875           9     1.55117     1.52965  0.00767389
       1.875          10      1.5478     1.53146  0.00711782
       1.875          11     1.56382     1.53441  0.00705243
       1.875          12     1.55825     1.53639  0.00673882
       1.875          13     1.55321     1.53769  0.00634347
       1.875          14     1.52657     1.53689  0.00593984
       1.875          15     1.58367     1.54001  0.00630953
       1.875          16     1.50592     1.53788  0.00626457
       1.875          17     1.49307     1.53524  0.00642679
       1.875          18     1.55987     1.53661  0.00621366
       1.875          19     1.53939     1.53676  0.00588835
       1.875          20     1.58346     1.53909  0.00603918
         1.9           1     1.51621     1.51621           0
         1.9           2     1.46894     1.49258   0.0167108
         1.9           3     1.45998     1.48171   0.0142407
         1.9           4     1.49912     1.48606   0.0113259
         1.9           5     1.46747     1.48234  0.00965208
         1.9           6     1.53256     1.49071   0.0110938
         1.9           7     1.50014     1.49206  0.00959031
         1.9           8     1.51734     1.49522  0.00889704
         1.9           9     1.49281     1.49495  0.00791252
         1.9          10     1.51932     1.49739  0.00748704
         1.9          11     1.56639     1.50366  0.00906092
         1.9          12      1.4903     1.50255  0.00837401
         1.9          13     1.54588     1.50588  0.00836699
         1.9          14     1.51003     1.50618   0.0077746
         1.9          15     1.45394      1.5027  0.00799829
         1.9          16     1.50431      1.5028  0.00749904
         1.9          17     1.47156     1.50096  0.00727949
         1.9          18     1.48725      1.5002  0.00691477
         1.9          19     1.56411     1.50356  0.00732345
         1.9          20     1.54538     1.50565  0.00724958
       1.925           1     1.50548     1.50548           0
       1.925           2     1.48644     1.49596  0.00673166
       1.925           3     1.42286     1.47159    0.020393
       1.925           4     1.51494     1.48243   0.0179452
       1.925           5     1.46768     1.47948   0.0145966
       1.925           6     1.49817     1.48259   0.0124919
       1.925           7     1.47453     1.48144   0.0107604
       1.925           8      1.4473     1.47717   0.0102267
       1.925           9     1.46896     1.47626  0.00913102
       1.925          10     1.47812     1.47645  0.00821981
       1.925          11     1.47215     1.47606  0.00748185
       1.925          12     1.52048     1.47976  0.00772012
       1.925          13     1.43302     1.47616  0.00791946
       1.925          14     1.47673      1.4762  0.00735388
       1.925          15     1.46031     1.47514  0.00693953
       1.925          16     1.49957     1.47667  0.00667163
       1.925          17      1.4325     1.47407  0.00676615
       1.925          18     1.49684     1.47534  0.00650737
       1.925          19     1.43401     1.47316  0.00651833
       1.925          20     1.41519     1.47026  0.00680648
        1.95           1     1.42074     1.42074           0
        1.95           2      1.4254     1.42307  0.00164774
        1.95           3     1.42214     1.42276  0.00112711
        1.95           4     1.39584     1.41603  0.00589014
        1.95           5     1.44673     1.42217  0.00723676
        1.95           6     1.37929     1.41503  0.00888399
        1.95           7     1.47755     1.42396    0.011242
        1.95           8     1.37726     1.41812   0.0112507
        1.95           9     1.43946     1.42049   0.0102475
        1.95          10     1.36348     1.41479   0.0106917
        1.95          11     1.41281     1.41461  0.00972123
        1.95          12     1.43252      1.4161  0.00902492
        1.95          13     1.50365     1.42284   0.0105483
        1.95          14     1.46067     1.42554   0.0101351
        1.95          15     1.43287     1.42603  0.00947117
        1.95          16     1.38265     1.42332  0.00925906
        1.95          17     1.41285      1.4227  0.00873486
        1.95          18     1.41185      1.4221  0.00827036
        1.95          19     1.44777     1.42345  0.00794466
        1.95          20     1.43533     1.42404  0.00756961
       1.975           1     1.35314     1.35314           0
       1.975           2     1.39898     1.37606   0.0162072
       1.975           3     1.36315     1.37175   0.0113619
       1.975           4     1.39639     1.37791   0.0100536
       1.975           5     1.34769     1.37187  0.00969086
       1.975           6     1.38948     1.37481  0.00850846
       1.975           7     1.40977      1.3798  0.00863526
       1.975           8     1.45603     1.38933    0.011685
       1.975           9      1.3996     1.39047   0.0104423
       1.975          10     1.37975      1.3894   0.0094529
       1.975          11     1.39575     1.38998  0.00861119
       1.975          12      1.3769     1.38889  0.00796228
       1.975          13     1.42313     1.39152  0.00777341
       1.975          14     1.38023     1.39071  0.00725985
       1.975          15     1.40545      1.3917  0.00684201
       1.975          16     1.37424     1.39061  0.00650079
       1.975          17     1.37097     1.38945  0.00622018
       1.975          18     1.39246     1.38962  0.00587686
       1.975          19     1.38705     1.38948  0.00556911
       1.975          20     1.41199     1.39061  0.00540316
           2           1     1.34591     1.34591           0
           2           2      1.3941        1.37   0.0170377
           2           3     1.33464     1.35822   0.0148878
           2           4     1.35727     1.35798   0.0111678
           2           5     1.32363     1.35111   0.0108432
           2           6     1.34726     1.35047  0.00905494
           2           7     1.36681      1.3528  0.00805677
           2           8     1.34033     1.35124  0.00719905
           2           9     1.37667     1.35407  0.00693129
           2          10     1.36416     1.35508  0.00631114
           2          11     1.32168     1.35204  0.00642641
           2          12     1.33701     1.35079  0.00601167
           2          13     1.31636     1.34814  0.00610465
           2          14     1.36251     1.34917  0.00575427
           2          15     1.35285     1.34941  0.00537587
           2          16     1.34375     1.34906  0.00505151
           2          17     1.33419     1.34818  0.00482944
           2          18     1.35934      1.3488  0.00460075
           2          19     1.36151     1.34947  0.00440691
           2          20      1.3738     1.35069  0.00435114
