#   T     BLOCK:   ACTUAL_TE:    TE_AVE:      ERROR:
         0.5           1   -0.965024   -0.965024           0
         0.5           2   -0.966568   -0.965796 0.000545886
         0.5           3   -0.972504   -0.968032   0.0018616
         0.5           4   -0.963168   -0.966816  0.00174882
         0.5           5    -0.97086   -0.967625  0.00157502
         0.5           6   -0.973624   -0.968625  0.00159869
         0.5           7   -0.978336   -0.970012  0.00187816
         0.5           8   -0.971416   -0.970187  0.00165157
         0.5           9   -0.976788   -0.970921  0.00162274
         0.5          10   -0.971244   -0.970953  0.00146079
         0.5          11   -0.971252    -0.97098  0.00132824
         0.5          12   -0.973548   -0.971194  0.00123467
         0.5          13   -0.971688   -0.971232  0.00114028
         0.5          14    -0.97502   -0.971503  0.00109046
         0.5          15   -0.973288   -0.971622  0.00102423
         0.5          16   -0.976972   -0.971956  0.00101333
         0.5          17   -0.973384    -0.97204 0.000957198
         0.5          18     -0.9694   -0.971894  0.00091519
         0.5          19   -0.975816     -0.9721 0.000890002
         0.5          20   -0.973296    -0.97216 0.000847509
       0.525           1   -0.966716   -0.966716           0
       0.525           2   -0.959596   -0.963156   0.0025173
       0.525           3    -0.96964   -0.965317  0.00243528
       0.525           4     -0.9632   -0.964788  0.00188311
       0.525           5   -0.964772   -0.964785  0.00150649
       0.525           6   -0.967332   -0.965209  0.00131387
       0.525           7    -0.95652   -0.963968  0.00160905
       0.525           8   -0.961816   -0.963699  0.00143023
       0.525           9   -0.952388   -0.962442  0.00173788
       0.525          10   -0.970528   -0.963251  0.00174207
       0.525          11    -0.97322   -0.964157  0.00180411
       0.525          12   -0.959956   -0.963807  0.00168739
       0.525          13   -0.961068   -0.963596  0.00157069
       0.525          14   -0.966248   -0.963786  0.00146987
       0.525          15    -0.97072   -0.964248  0.00144275
       0.525          16   -0.967008    -0.96442  0.00136285
       0.525          17   -0.964404    -0.96442  0.00128268
       0.525          18   -0.960476     -0.9642  0.00122999
       0.525          19   -0.958392   -0.963895  0.00120264
       0.525          20   -0.969528   -0.964176  0.00117503
        0.55           1   -0.947356   -0.947356           0
        0.55           2     -0.9471   -0.947228 9.05097e-05
        0.55           3   -0.955452   -0.949969   0.0022391
        0.55           4   -0.956384   -0.951573  0.00217921
        0.55           5   -0.960672   -0.953393  0.00238509
        0.55           6   -0.958824   -0.954298  0.00215251
        0.55           7   -0.954916   -0.954386  0.00184682
        0.55           8   -0.957424   -0.954766  0.00165454
        0.55           9   -0.955808   -0.954882  0.00147475
        0.55          10   -0.959684   -0.955362  0.00140328
        0.55          11   -0.964608   -0.956203  0.00150656
        0.55          12   -0.957872   -0.956342  0.00138742
        0.55          13   -0.950712   -0.955909  0.00134659
        0.55          14   -0.967064   -0.956705  0.00146733
        0.55          15   -0.955828   -0.956647  0.00137068
        0.55          16   -0.958196   -0.956744  0.00128842
        0.55          17      -0.961   -0.956994  0.00123672
        0.55          18   -0.960508   -0.957189  0.00118332
        0.55          19   -0.947632   -0.956686  0.00122329
        0.55          20   -0.954632   -0.956584  0.00116643
       0.575           1   -0.948588   -0.948588           0
       0.575           2   -0.939664   -0.944126  0.00315511
       0.575           3   -0.950932   -0.946395  0.00280278
       0.575           4   -0.943256    -0.94561  0.00220919
       0.575           5   -0.943988   -0.945286  0.00179101
       0.575           6      -0.948   -0.945738  0.00154859
       0.575           7   -0.948132    -0.94608  0.00136461
       0.575           8    -0.94456    -0.94589  0.00120719
       0.575           9     -0.9369   -0.944891  0.00142771
       0.575          10     -0.9566   -0.946062  0.00169852
       0.575          11   -0.944044   -0.945879  0.00155398
       0.575          12   -0.944328   -0.945749  0.00142984
       0.575          13   -0.943224   -0.945555  0.00133299
       0.575          14   -0.952476   -0.946049  0.00132628
       0.575          15     -0.9448   -0.945966  0.00124047
       0.575          16   -0.939672   -0.945573  0.00122373
       0.575          17    -0.93542   -0.944976  0.00128927
       0.575          18    -0.94086   -0.944747  0.00123775
       0.575          19   -0.945732   -0.944799  0.00117369
       0.575          20    -0.94788   -0.944953  0.00112507
         0.6           1   -0.934812   -0.934812           0
         0.6           2   -0.932636   -0.933724 0.000769332
         0.6           3   -0.947068   -0.938172  0.00366781
         0.6           4   -0.932556   -0.936768   0.0030076
         0.6           5   -0.933372   -0.936089  0.00248158
         0.6           6   -0.933172   -0.935603  0.00211507
         0.6           7   -0.939632   -0.936178  0.00188962
         0.6           8    -0.94266   -0.936988  0.00181884
         0.6           9   -0.929712    -0.93618  0.00178743
         0.6          10   -0.935488   -0.936111  0.00161003
         0.6          11   -0.938508   -0.936329  0.00147834
         0.6          12   -0.939656   -0.936606   0.0013809
         0.6          13   -0.941428   -0.936977  0.00132356
         0.6          14    -0.93386   -0.936754   0.0012476
         0.6          15      -0.938   -0.936837  0.00116719
         0.6          16   -0.938328    -0.93693  0.00109795
         0.6          17   -0.928528   -0.936436   0.0011392
         0.6          18   -0.935072    -0.93636  0.00107843
         0.6          19   -0.933876    -0.93623  0.00102956
         0.6          20    -0.93724    -0.93628 0.000979325
       0.625           1   -0.924328   -0.924328           0
       0.625           2   -0.918904   -0.921616  0.00191767
       0.625           3   -0.925036   -0.922756   0.0015814
       0.625           4   -0.923324   -0.922898  0.00119241
       0.625           5   -0.923908     -0.9231 0.000970887
       0.625           6   -0.925492   -0.923499 0.000887155
       0.625           7   -0.924748   -0.923677 0.000778164
       0.625           8    -0.92102   -0.923345 0.000748429
       0.625           9   -0.921736   -0.923166  0.00068629
       0.625          10      -0.932    -0.92405  0.00104107
       0.625          11   -0.929884    -0.92458  0.00107307
       0.625          12    -0.92646   -0.924737 0.000995016
       0.625          13    -0.93026   -0.925162   0.0010051
       0.625          14   -0.924488   -0.925113 0.000934459
       0.625          15    -0.92534   -0.925129 0.000872284
       0.625          16   -0.925548   -0.925155  0.00081816
       0.625          17    -0.91992   -0.924847 0.000825949
       0.625          18   -0.924068   -0.924804 0.000781195
       0.625          19   -0.920872   -0.924597 0.000766996
       0.625          20   -0.920572   -0.924395 0.000754582
        0.65           1     -0.9092     -0.9092           0
        0.65           2   -0.907128   -0.908164 0.000732563
        0.65           3   -0.906464   -0.907597 0.000672744
        0.65           4   -0.910724   -0.908379 0.000844293
        0.65           5   -0.913636    -0.90943  0.00115783
        0.65           6   -0.907484   -0.909106  0.00100928
        0.65           7   -0.919908   -0.910649  0.00167018
        0.65           8   -0.913672   -0.911027  0.00150354
        0.65           9   -0.913352   -0.911285  0.00135849
        0.65          10   -0.915172   -0.911674  0.00127703
        0.65          11    -0.91304   -0.911798  0.00116696
        0.65          12   -0.919036   -0.912401  0.00121563
        0.65          13   -0.913604   -0.912494  0.00112564
        0.65          14   -0.917304   -0.912837  0.00109642
        0.65          15   -0.916252   -0.913065  0.00104669
        0.65          16   -0.913852   -0.913114 0.000982425
        0.65          17   -0.913028   -0.913109 0.000924649
        0.65          18   -0.920372   -0.913513 0.000957276
        0.65          19   -0.906728   -0.913156 0.000971213
        0.65          20   -0.913788   -0.913187 0.000923167
       0.675           1   -0.896564   -0.896564           0
       0.675           2   -0.909784   -0.903174  0.00467398
       0.675           3   -0.897012    -0.90112  0.00353864
       0.675           4   -0.903108   -0.901617  0.00268865
       0.675           5   -0.901104   -0.901514  0.00215288
       0.675           6   -0.902516   -0.901681  0.00180053
       0.675           7   -0.902756   -0.901835  0.00154984
       0.675           8   -0.900764   -0.901701  0.00136188
       0.675           9   -0.907388   -0.902333  0.00134921
       0.675          10   -0.899852   -0.902085  0.00123689
       0.675          11    -0.90428   -0.902284  0.00114043
       0.675          12   -0.897784   -0.901909  0.00110534
       0.675          13   -0.905928   -0.902218  0.00106266
       0.675          14   -0.904232   -0.902362 0.000996442
       0.675          15   -0.909476   -0.902837  0.00103675
       0.675          16   -0.909912   -0.903279  0.00106208
       0.675          17   -0.906224   -0.903452  0.00101364
       0.675          18    -0.90248   -0.903398 0.000958762
       0.675          19     -0.9007   -0.903256 0.000918757
       0.675          20    -0.90438   -0.903312 0.000874536
         0.7           1   -0.899768   -0.899768           0
         0.7           2   -0.900396   -0.900082 0.000222032
         0.7           3   -0.891388   -0.897184  0.00237083
         0.7           4   -0.886768    -0.89458  0.00287182
         0.7           5   -0.888744   -0.893413  0.00252353
         0.7           6   -0.890316   -0.892897  0.00215507
         0.7           7   -0.891496   -0.892697  0.00185647
         0.7           8   -0.895816   -0.893086  0.00166486
         0.7           9   -0.889028   -0.892636  0.00153974
         0.7          10   -0.888096   -0.892182  0.00145114
         0.7          11   -0.891024   -0.892076  0.00132303
         0.7          12   -0.896116   -0.892413  0.00125487
         0.7          13   -0.888524   -0.892114  0.00119347
         0.7          14   -0.890768   -0.892018  0.00111209
         0.7          15    -0.89036   -0.891907  0.00104342
         0.7          16   -0.892744    -0.89196  0.00097952
         0.7          17   -0.894964   -0.892136  0.00093771
         0.7          18   -0.890492   -0.892045 0.000890053
         0.7          19    -0.89278   -0.892084 0.000844049
         0.7          20   -0.890364   -0.891998 0.000806213
       0.725           1   -0.883972   -0.883972           0
       0.725           2   -0.883136   -0.883554 0.000295571
       0.725           3   -0.889032    -0.88538  0.00150389
       0.725           4   -0.877004   -0.883286  0.00213561
       0.725           5   -0.881108    -0.88285  0.00175235
       0.725           6   -0.879624   -0.882313  0.00154059
       0.725           7   -0.881428   -0.882186  0.00132568
       0.725           8   -0.883144   -0.882306  0.00116536
       0.725           9   -0.878656     -0.8819  0.00110419
       0.725          10    -0.88116   -0.881826 0.000996252
       0.725          11   -0.879124   -0.881581 0.000935485
       0.725          12   -0.879248   -0.881386 0.000877493
       0.725          13   -0.884268   -0.881608 0.000837523
       0.725          14   -0.881656   -0.881611 0.000777707
       0.725          15   -0.878048   -0.881374 0.000761279
       0.725          16    -0.88562   -0.881639 0.000758547
       0.725          17   -0.886188   -0.881907 0.000759655
       0.725          18   -0.875712   -0.881563 0.000791581
       0.725          19   -0.882564   -0.881615 0.000751671
       0.725          20   -0.883232   -0.881696 0.000718421
        0.75           1   -0.867944   -0.867944           0
        0.75           2    -0.87474   -0.871342  0.00240275
        0.75           3     -0.8735   -0.872061  0.00170611
        0.75           4   -0.868316   -0.871125  0.00151489
        0.75           5    -0.87274   -0.871448  0.00124587
        0.75           6   -0.872532   -0.871629  0.00105124
        0.75           7   -0.868176   -0.871135  0.00101017
        0.75           8   -0.873124   -0.871384 0.000913971
        0.75           9    -0.87088   -0.871328 0.000814132
        0.75          10   -0.866852    -0.87088  0.00084687
        0.75          11   -0.876884   -0.871426 0.000929255
        0.75          12   -0.866832   -0.871043 0.000927336
        0.75          13   -0.868432   -0.870842 0.000877488
        0.75          14   -0.870772   -0.870837 0.000814825
        0.75          15   -0.869952   -0.870778 0.000762638
        0.75          16    -0.86592   -0.870475 0.000773064
        0.75          17   -0.876364   -0.870821  0.00080146
        0.75          18    -0.86566   -0.870534 0.000806596
        0.75          19   -0.866212   -0.870307  0.00079558
        0.75          20    -0.86754   -0.870169 0.000767735
       0.775           1   -0.861096   -0.861096           0
       0.775           2   -0.862304     -0.8617 0.000427092
       0.775           3    -0.85954    -0.86098   0.0006532
       0.775           4    -0.85984   -0.860695 0.000548562
       0.775           5    -0.85602    -0.85976 0.000944441
       0.775           6   -0.854608   -0.858901  0.00111079
       0.775           7   -0.858732   -0.858877 0.000952366
       0.775           8    -0.85956   -0.858963 0.000837137
       0.775           9   -0.863504   -0.859467 0.000883208
       0.775          10   -0.863176   -0.859838 0.000869281
       0.775          11   -0.863208   -0.860144 0.000842514
       0.775          12    -0.85992   -0.860126 0.000772512
       0.775          13   -0.860984   -0.860192 0.000715904
       0.775          14   -0.855896   -0.859885 0.000727557
       0.775          15   -0.860456   -0.859923 0.000680049
       0.775          16   -0.859072    -0.85987 0.000639622
       0.775          17   -0.861228    -0.85995 0.000606967
       0.775          18    -0.86016   -0.859961 0.000573359
       0.775          19     -0.8626     -0.8601 0.000559749
       0.775          20   -0.852896    -0.85974 0.000637208
         0.8           1   -0.846852   -0.846852           0
         0.8           2   -0.843856   -0.845354  0.00105925
         0.8           3    -0.84732   -0.846009 0.000885988
         0.8           4    -0.84894   -0.846742 0.000918776
         0.8           5   -0.852524   -0.847898  0.00126888
         0.8           6   -0.847424   -0.847819  0.00105986
         0.8           7   -0.847856   -0.847825 0.000908467
         0.8           8     -0.8468   -0.847697 0.000803885
         0.8           9   -0.845608   -0.847464 0.000747308
         0.8          10   -0.849696   -0.847688 0.000705109
         0.8          11   -0.852724   -0.848145 0.000775542
         0.8          12   -0.848908   -0.848209 0.000713512
         0.8          13   -0.844188     -0.8479 0.000722565
         0.8          14    -0.85004   -0.848053 0.000686936
         0.8          15   -0.849116   -0.848123 0.000644788
         0.8          16   -0.846952    -0.84805 0.000608632
         0.8          17   -0.850532   -0.848196 0.000590078
         0.8          18   -0.851616   -0.848386 0.000587085
         0.8          19   -0.845512   -0.848235 0.000575345
         0.8          20   -0.850844   -0.848365 0.000561172
       0.825           1   -0.835796   -0.835796           0
       0.825           2   -0.835344    -0.83557 0.000159806
       0.825           3   -0.835864   -0.835668  0.00013324
       0.825           4   -0.843732   -0.837684  0.00174876
       0.825           5   -0.834592   -0.837066  0.00150438
       0.825           6   -0.834868   -0.836699  0.00129747
       0.825           7    -0.83514   -0.836477  0.00113108
       0.825           8   -0.837936   -0.836659   0.0010043
       0.825           9   -0.834516   -0.836421 0.000920506
       0.825          10    -0.83784   -0.836563 0.000839323
       0.825          11   -0.836084   -0.836519 0.000764149
       0.825          12   -0.833436   -0.836262 0.000742411
       0.825          13   -0.841356   -0.836654 0.000781891
       0.825          14   -0.837676   -0.836727  0.00072944
       0.825          15   -0.836116   -0.836686 0.000681948
       0.825          16   -0.834816    -0.83657 0.000649268
       0.825          17   -0.842556   -0.836922 0.000700091
       0.825          18   -0.843044   -0.837262 0.000739218
       0.825          19    -0.83614   -0.837203 0.000702665
       0.825          20   -0.832948    -0.83699 0.000698994
        0.85           1   -0.826948   -0.826948           0
        0.85           2   -0.826564   -0.826756 0.000135765
        0.85           3   -0.827656   -0.827056 0.000261136
        0.85           4   -0.824876   -0.826511 0.000511006
        0.85           5    -0.82614   -0.826437 0.000414157
        0.85           6     -0.8255   -0.826281 0.000373403
        0.85           7   -0.824812   -0.826071 0.000374392
        0.85           8   -0.826928   -0.826178 0.000342581
        0.85           9   -0.823584    -0.82589 0.000408133
        0.85          10   -0.830924   -0.826393 0.000602507
        0.85          11   -0.829984    -0.82672 0.000629988
        0.85          12   -0.823444   -0.826447 0.000633874
        0.85          13   -0.822696   -0.826158 0.000647453
        0.85          14    -0.82726   -0.826237 0.000605971
        0.85          15    -0.82436   -0.826112 0.000578347
        0.85          16   -0.826672   -0.826147 0.000543259
        0.85          17   -0.823648      -0.826 0.000530815
        0.85          18   -0.825628   -0.825979 0.000501727
        0.85          19   -0.827264   -0.826047 0.000479856
        0.85          20   -0.824328   -0.825961 0.000463495
       0.875           1   -0.813276   -0.813276           0
       0.875           2   -0.812576   -0.812926 0.000247487
       0.875           3   -0.817644   -0.814499  0.00129463
       0.875           4    -0.81244   -0.813984  0.00106839
       0.875           5   -0.812944   -0.813776 0.000874724
       0.875           6   -0.814988   -0.813978 0.000751899
       0.875           7    -0.81486   -0.814104 0.000654957
       0.875           8   -0.815412   -0.814268 0.000593144
       0.875           9   -0.817952   -0.814677  0.00065342
       0.875          10   -0.815588   -0.814768 0.000594397
       0.875          11    -0.81012   -0.814345  0.00067402
       0.875          12   -0.815416   -0.814435 0.000623728
       0.875          13   -0.816036   -0.814558 0.000587786
       0.875          14   -0.813624   -0.814491 0.000549573
       0.875          15   -0.811888   -0.814318  0.00053964
       0.875          16   -0.816004   -0.814423 0.000516103
       0.875          17   -0.817452   -0.814601 0.000515584
       0.875          18   -0.816252   -0.814693  0.00049503
       0.875          19   -0.815276   -0.814724 0.000469926
       0.875          20   -0.817708   -0.814873 0.000469524
         0.9           1   -0.806384   -0.806384           0
         0.9           2   -0.804816     -0.8056 0.000554372
         0.9           3   -0.807144   -0.806115 0.000559623
         0.9           4     -0.8071   -0.806361 0.000470821
         0.9           5   -0.805224   -0.806134 0.000428064
         0.9           6   -0.801312    -0.80533 0.000815717
         0.9           7   -0.807072   -0.805579 0.000736168
         0.9           8   -0.802528   -0.805198 0.000736328
         0.9           9   -0.808316   -0.805544 0.000731513
         0.9          10   -0.802328   -0.805222 0.000725619
         0.9          11   -0.803804   -0.805093 0.000671013
         0.9          12   -0.801228   -0.804771 0.000688083
         0.9          13   -0.806748   -0.804923 0.000651737
         0.9          14   -0.804776   -0.804913 0.000605269
         0.9          15   -0.802576   -0.804757 0.000584624
         0.9          16   -0.806092   -0.804841 0.000554006
         0.9          17   -0.804456   -0.804818 0.000521879
         0.9          18   -0.801028   -0.804607 0.000533671
         0.9          19   -0.803596   -0.804554  0.00050823
         0.9          20   -0.805936   -0.804623 0.000487493
       0.925           1     -0.7922     -0.7922           0
       0.925           2   -0.795484   -0.793842  0.00116107
       0.925           3   -0.792224   -0.793303 0.000890544
       0.925           4   -0.793316   -0.793306 0.000667914
       0.925           5   -0.791296   -0.792904 0.000644044
       0.925           6   -0.795016   -0.793256 0.000625543
       0.925           7    -0.79486   -0.793485 0.000576623
       0.925           8   -0.791984   -0.793298 0.000534205
       0.925           9   -0.793408    -0.79331  0.00047499
       0.925          10   -0.798692   -0.793848  0.00066593
       0.925          11     -0.7943   -0.793889 0.000606658
       0.925          12   -0.796616   -0.794116 0.000597148
       0.925          13    -0.79072   -0.793855 0.000605674
       0.925          14   -0.792968   -0.793792 0.000565716
       0.925          15   -0.791716   -0.793653 0.000544664
       0.925          16   -0.794264   -0.793692 0.000511958
       0.925          17    -0.79538   -0.793791 0.000491383
       0.925          18   -0.793688   -0.793785 0.000464117
       0.925          19   -0.796816   -0.793945 0.000466299
       0.925          20   -0.792652    -0.79388 0.000447441
        0.95           1   -0.783944   -0.783944           0
        0.95           2   -0.779588   -0.781766  0.00154008
        0.95           3   -0.781172   -0.781568  0.00103937
        0.95           4   -0.784772   -0.782369  0.00104349
        0.95           5   -0.781988   -0.782293 0.000837566
        0.95           6   -0.781052   -0.782086 0.000723051
        0.95           7   -0.781308   -0.781975 0.000628242
        0.95           8   -0.783332   -0.782145 0.000572158
        0.95           9   -0.785224   -0.782487 0.000602269
        0.95          10   -0.780016    -0.78224 0.000590548
        0.95          11   -0.785484   -0.782535 0.000606057
        0.95          12   -0.780504   -0.782365 0.000578693
        0.95          13    -0.78062   -0.782231 0.000549531
        0.95          14   -0.782124   -0.782223 0.000510332
        0.95          15   -0.783396   -0.782302  0.00048226
        0.95          16   -0.780172   -0.782169 0.000470127
        0.95          17   -0.784332   -0.782296 0.000459375
        0.95          18   -0.782092   -0.782284 0.000433994
        0.95          19   -0.782136   -0.782277 0.000411222
        0.95          20   -0.781956   -0.782261 0.000390974
       0.975           1   -0.774396   -0.774396           0
       0.975           2   -0.773952   -0.774174 0.000156978
       0.975           3    -0.77276   -0.773703 0.000398818
       0.975           4   -0.773752   -0.773715 0.000299304
       0.975           5   -0.774656   -0.773903 0.000292692
       0.975           6   -0.766776   -0.772715  0.00111146
       0.975           7   -0.773676   -0.772853 0.000961117
       0.975           8     -0.7709   -0.772609 0.000871417
       0.975           9   -0.771116   -0.772443 0.000790215
       0.975          10   -0.769372   -0.772136 0.000768542
       0.975          11   -0.772068   -0.772129 0.000698699
       0.975          12   -0.770912   -0.772028 0.000647798
       0.975          13    -0.77178   -0.772009 0.000598248
       0.975          14   -0.770964   -0.771934 0.000560153
       0.975          15   -0.771452   -0.771902 0.000523731
       0.975          16   -0.775112   -0.772103 0.000528025
       0.975          17   -0.772348   -0.772117 0.000497162
       0.975          18   -0.771056   -0.772058 0.000473024
       0.975          19   -0.772828   -0.772099  0.00044986
       0.975          20   -0.771832   -0.772085 0.000427565
           1           1   -0.761448   -0.761448           0
           1           2     -0.7618   -0.761624 0.000124451
           1           3    -0.76208   -0.761776 0.000149286
           1           4   -0.759472     -0.7612 0.000511242
           1           5   -0.759828   -0.760926 0.000476982
           1           6   -0.763648   -0.761379  0.00057407
           1           7   -0.760168   -0.761206 0.000517485
           1           8   -0.759716    -0.76102 0.000485172
           1           9   -0.759492    -0.76085 0.000460011
           1          10   -0.760496   -0.760815 0.000415371
           1          11    -0.76182   -0.760906 0.000387532
           1          12   -0.761156   -0.760927 0.000355796
           1          13   -0.763264   -0.761107 0.000371074
           1          14    -0.75974   -0.761009  0.00035718
           1          15   -0.763612   -0.761183 0.000373145
           1          16   -0.765516   -0.761454 0.000437199
           1          17   -0.761512   -0.761457 0.000411495
           1          18    -0.76054   -0.761406 0.000391774
           1          19   -0.763092   -0.761495 0.000381072
           1          20   -0.760912   -0.761466  0.00036313
       1.025           1   -0.750836   -0.750836           0
       1.025           2    -0.75126   -0.751048 0.000149907
       1.025           3    -0.75056   -0.750885 0.000166216
       1.025           4    -0.74956   -0.750554 0.000312853
       1.025           5   -0.752032    -0.75085 0.000364067
       1.025           6     -0.7518   -0.751008 0.000336086
       1.025           7   -0.749084   -0.750733  0.00038437
       1.025           8   -0.751384   -0.750815 0.000344827
       1.025           9   -0.751604   -0.750902 0.000317475
       1.025          10   -0.747624   -0.750574 0.000422328
       1.025          11   -0.754468   -0.750928 0.000511181
       1.025          12    -0.75226   -0.751039 0.000480476
       1.025          13   -0.748864   -0.750872 0.000471756
       1.025          14   -0.753268   -0.751043 0.000468074
       1.025          15   -0.751744    -0.75109 0.000439195
       1.025          16    -0.75114   -0.751093 0.000411757
       1.025          17   -0.749688    -0.75101 0.000395743
       1.025          18   -0.752628     -0.7511 0.000383826
       1.025          19   -0.749172   -0.750999 0.000376802
       1.025          20   -0.749544   -0.750926 0.000364915
        1.05           1   -0.740764   -0.740764           0
        1.05           2   -0.743804   -0.742284   0.0010748
        1.05           3     -0.7408   -0.741789 0.000822528
        1.05           4   -0.740648   -0.741504 0.000664546
        1.05           5   -0.739372   -0.741078 0.000654287
        1.05           6   -0.737868   -0.740543 0.000731948
        1.05           7   -0.742116   -0.740767 0.000660993
        1.05           8    -0.74106   -0.740804 0.000579379
        1.05           9   -0.738732   -0.740574 0.000558876
        1.05          10   -0.741068   -0.740623 0.000505169
        1.05          11   -0.744188   -0.740947 0.000553517
        1.05          12   -0.740684   -0.740925 0.000507825
        1.05          13   -0.743112   -0.741094 0.000495837
        1.05          14   -0.743836   -0.741289 0.000497613
        1.05          15   -0.741296    -0.74129 0.000464439
        1.05          16   -0.741636   -0.741312 0.000435915
        1.05          17   -0.740512   -0.741264 0.000412802
        1.05          18   -0.744972    -0.74147 0.000438253
        1.05          19   -0.740472   -0.741418 0.000418326
        1.05          20   -0.740308   -0.741362 0.000401073
       1.075           1   -0.732352   -0.732352           0
       1.075           2   -0.730988    -0.73167 0.000482247
       1.075           3   -0.730168   -0.731169  0.00052007
       1.075           4   -0.727268   -0.730194 0.000930375
       1.075           5   -0.730936   -0.730342 0.000756042
       1.075           6   -0.734612   -0.731054 0.000904944
       1.075           7      -0.733   -0.731332 0.000817252
       1.075           8   -0.731784   -0.731389 0.000717046
       1.075           9   -0.730864    -0.73133 0.000639738
       1.075          10   -0.729912   -0.731188 0.000591276
       1.075          11   -0.732352   -0.731294 0.000546904
       1.075          12    -0.72794   -0.731015 0.000568285
       1.075          13    -0.73104   -0.731017 0.000524574
       1.075          14   -0.729796   -0.730929 0.000494297
       1.075          15    -0.72886   -0.730791 0.000480211
       1.075          16   -0.726592   -0.730529 0.000516973
       1.075          17   -0.734796    -0.73078 0.000544095
       1.075          18      -0.728   -0.730626 0.000535338
       1.075          19   -0.729108   -0.730546 0.000513086
       1.075          20   -0.727632     -0.7304 0.000507694
         1.1           1   -0.722856   -0.722856           0
         1.1           2   -0.721608   -0.722232 0.000441235
         1.1           3   -0.721344   -0.721936 0.000380708
         1.1           4   -0.715924   -0.720433  0.00133259
         1.1           5   -0.721448   -0.720636  0.00108142
         1.1           6   -0.721364   -0.720757 0.000907965
         1.1           7   -0.720284    -0.72069 0.000780769
         1.1           8   -0.723844   -0.721084 0.000776372
         1.1           9   -0.721964   -0.721182 0.000696239
         1.1          10   -0.719796   -0.721043 0.000640257
         1.1          11    -0.71928   -0.720883 0.000601782
         1.1          12   -0.720752   -0.720872 0.000551733
         1.1          13   -0.719512   -0.720767 0.000519115
         1.1          14   -0.718896   -0.720634 0.000498949
         1.1          15    -0.71768   -0.720437 0.000503044
         1.1          16   -0.720264   -0.720426  0.00047172
         1.1          17    -0.72104   -0.720462 0.000445352
         1.1          18   -0.723424   -0.720627 0.000449983
         1.1          19    -0.71864   -0.720522  0.00043828
         1.1          20    -0.72256   -0.720624 0.000428047
       1.125           1   -0.712712   -0.712712           0
       1.125           2   -0.714548    -0.71363 0.000649124
       1.125           3   -0.709148   -0.712136  0.00129433
       1.125           4   -0.711256   -0.711916 0.000989269
       1.125           5   -0.710028   -0.711538 0.000860467
       1.125           6    -0.71168   -0.711562  0.00071738
       1.125           7   -0.712316    -0.71167 0.000622931
       1.125           8   -0.712376   -0.711758 0.000551285
       1.125           9   -0.710964    -0.71167  0.00049704
       1.125          10   -0.710592   -0.711562 0.000458873
       1.125          11   -0.707784   -0.711219 0.000530337
       1.125          12   -0.712652   -0.711338 0.000499414
       1.125          13   -0.713492   -0.711504  0.00048771
       1.125          14    -0.70598   -0.711109 0.000591307
       1.125          15    -0.70784   -0.710891 0.000590687
       1.125          16     -0.7104   -0.710861 0.000554567
       1.125          17   -0.710024   -0.710811 0.000524124
       1.125          18   -0.712012   -0.710878 0.000499232
       1.125          19   -0.711724   -0.710923 0.000474939
       1.125          20   -0.711124   -0.710933 0.000451298
        1.15           1   -0.700908   -0.700908           0
        1.15           2   -0.698644   -0.699776 0.000800445
        1.15           3   -0.700612   -0.700055 0.000580113
        1.15           4   -0.703324   -0.700872 0.000830857
        1.15           5   -0.704528   -0.701603 0.000932486
        1.15           6    -0.69656   -0.700763  0.00109206
        1.15           7   -0.700056   -0.700662 0.000940703
        1.15           8   -0.699532   -0.700521 0.000833647
        1.15           9    -0.70044   -0.700512 0.000741067
        1.15          10    -0.70022   -0.700482 0.000667534
        1.15          11   -0.697936   -0.700251 0.000645742
        1.15          12   -0.700584   -0.700279 0.000592526
        1.15          13   -0.699988   -0.700256 0.000547369
        1.15          14    -0.70084   -0.700298 0.000509856
        1.15          15   -0.702276    -0.70043 0.000492624
        1.15          16   -0.701476   -0.700495 0.000466153
        1.15          17   -0.701556   -0.700558 0.000442889
        1.15          18   -0.704968   -0.700803 0.000481312
        1.15          19   -0.701144   -0.700821 0.000456315
        1.15          20     -0.7018    -0.70087 0.000436118
       1.175           1    -0.69278    -0.69278           0
       1.175           2   -0.690432   -0.691606 0.000830143
       1.175           3   -0.690676   -0.691296 0.000608564
       1.175           4   -0.694704   -0.692148 0.000867612
       1.175           5   -0.690868   -0.691892 0.000730882
       1.175           6   -0.689272   -0.691455 0.000727917
       1.175           7   -0.690672   -0.691343 0.000632472
       1.175           8    -0.69154   -0.691368  0.00055389
       1.175           9   -0.690224   -0.691241 0.000506722
       1.175          10   -0.692344   -0.691351 0.000467903
       1.175          11    -0.69434   -0.691623 0.000498047
       1.175          12     -0.6876   -0.691288  0.00055808
       1.175          13   -0.693364   -0.691447  0.00053752
       1.175          14   -0.690928    -0.69141 0.000500405
       1.175          15     -0.6926    -0.69149 0.000473288
       1.175          16   -0.692228   -0.691536 0.000445952
       1.175          17    -0.69316   -0.691631 0.000429833
       1.175          18   -0.689328   -0.691503 0.000424573
       1.175          19   -0.691472   -0.691502  0.00040223
       1.175          20    -0.69118   -0.691486  0.00038244
         1.2           1   -0.677524   -0.677524           0
         1.2           2   -0.681896    -0.67971  0.00154574
         1.2           3   -0.680916   -0.680112   0.0010815
         1.2           4   -0.683656   -0.680998  0.00111655
         1.2           5   -0.682644   -0.681327 0.000940515
         1.2           6   -0.683636   -0.681712 0.000858881
         1.2           7   -0.681772   -0.681721 0.000736226
         1.2           8   -0.679812   -0.681482 0.000681757
         1.2           9   -0.684628   -0.681832 0.000689823
         1.2          10   -0.684048   -0.682053 0.000655482
         1.2          11   -0.685904   -0.682403 0.000683007
         1.2          12    -0.68262   -0.682421 0.000626329
         1.2          13   -0.681624    -0.68236 0.000581145
         1.2          14   -0.680412   -0.682221 0.000556042
         1.2          15   -0.681912     -0.6822 0.000519354
         1.2          16   -0.682036    -0.68219 0.000486996
         1.2          17   -0.683696   -0.682279 0.000466337
         1.2          18    -0.68178   -0.682251 0.000441251
         1.2          19   -0.682072   -0.682241 0.000418128
         1.2          20   -0.684452   -0.682352  0.00041157
       1.225           1   -0.674944   -0.674944           0
       1.225           2   -0.673136    -0.67404 0.000639225
       1.225           3   -0.674088   -0.674056  0.00042635
       1.225           4   -0.673316   -0.673871 0.000357655
       1.225           5   -0.673564    -0.67381 0.000291346
       1.225           6   -0.674116   -0.673861 0.000247224
       1.225           7   -0.672976   -0.673734 0.000242063
       1.225           8   -0.673336   -0.673685 0.000216865
       1.225           9   -0.674412   -0.673765 0.000207287
       1.225          10    -0.67164   -0.673553 0.000274695
       1.225          11   -0.673912   -0.673585 0.000251656
       1.225          12   -0.672568   -0.673501 0.000244551
       1.225          13   -0.671348   -0.673335 0.000276169
       1.225          14     -0.6698   -0.673083 0.000353507
       1.225          15    -0.67406   -0.673148 0.000335892
       1.225          16     -0.6726   -0.673114 0.000316639
       1.225          17   -0.673152   -0.673116 0.000298021
       1.225          18    -0.67318   -0.673119 0.000281486
       1.225          19   -0.672476   -0.673085 0.000268699
       1.225          20    -0.67496   -0.673179 0.000271119
        1.25           1   -0.662984   -0.662984           0
        1.25           2   -0.666812   -0.664898   0.0013534
        1.25           3   -0.663032   -0.664276  0.00103538
        1.25           4    -0.66332   -0.664037 0.000803646
        1.25           5     -0.6611    -0.66345 0.000830285
        1.25           6   -0.662968   -0.663369 0.000695773
        1.25           7    -0.66586   -0.663725 0.000681308
        1.25           8    -0.66474   -0.663852  0.00060784
        1.25           9    -0.66416   -0.663886 0.000541264
        1.25          10   -0.664876   -0.663985 0.000496105
        1.25          11   -0.665892   -0.664159 0.000480335
        1.25          12    -0.66426   -0.664167 0.000440382
        1.25          13   -0.662896   -0.664069 0.000417218
        1.25          14      -0.667   -0.664279  0.00043679
        1.25          15   -0.663868   -0.664251 0.000408527
        1.25          16   -0.666632     -0.6644 0.000409197
        1.25          17    -0.66458   -0.664411 0.000385263
        1.25          18   -0.663184   -0.664342 0.000369837
        1.25          19   -0.666324   -0.664447 0.000364781
        1.25          20   -0.668452   -0.664647 0.000397733
       1.275           1   -0.653756   -0.653756           0
       1.275           2    -0.65512   -0.654438 0.000482247
       1.275           3   -0.653728   -0.654201 0.000375102
       1.275           4   -0.655076    -0.65442 0.000339125
       1.275           5   -0.654676   -0.654471 0.000275138
       1.275           6   -0.656088   -0.654741 0.000336274
       1.275           7   -0.652556   -0.654429 0.000408128
       1.275           8    -0.65408   -0.654385  0.00035943
       1.275           9   -0.656436   -0.654613 0.000385018
       1.275          10   -0.653768   -0.654528 0.000355666
       1.275          11    -0.65596   -0.654659 0.000346326
       1.275          12   -0.654964   -0.654684   0.0003184
       1.275          13   -0.653468    -0.65459  0.00030734
       1.275          14   -0.657052   -0.654766 0.000331891
       1.275          15   -0.655952   -0.654845  0.00031904
       1.275          16   -0.656552   -0.654952 0.000316429
       1.275          17   -0.656964    -0.65507 0.000319183
       1.275          18   -0.655832   -0.655113 0.000304242
       1.275          19   -0.655952   -0.655157 0.000291419
       1.275          20   -0.654432   -0.655121 0.000279093
         1.3           1    -0.64636    -0.64636           0
         1.3           2   -0.646416   -0.646388  1.9799e-05
         1.3           3   -0.646716   -0.646497 9.02408e-05
         1.3           4   -0.648268    -0.64694 0.000389289
         1.3           5   -0.644356   -0.646423 0.000557365
         1.3           6   -0.647736   -0.646642 0.000505596
         1.3           7   -0.645316   -0.646453 0.000467509
         1.3           8   -0.645484   -0.646332 0.000424458
         1.3           9   -0.647364   -0.646446 0.000392494
         1.3          10   -0.642936   -0.646095 0.000485465
         1.3          11    -0.64448   -0.645948 0.000463006
         1.3          12    -0.64388   -0.645776 0.000455377
         1.3          13   -0.647544   -0.645912 0.000440188
         1.3          14   -0.648288   -0.646082 0.000440248
         1.3          15    -0.64834   -0.646232 0.000435881
         1.3          16   -0.644308   -0.646112 0.000424907
         1.3          17   -0.646732   -0.646148 0.000401474
         1.3          18   -0.646308   -0.646157 0.000379268
         1.3          19   -0.646112   -0.646155 0.000359314
         1.3          20   -0.647908   -0.646243 0.000351877
       1.325           1   -0.637484   -0.637484           0
       1.325           2   -0.636608   -0.637046 0.000309713
       1.325           3   -0.637796   -0.637296 0.000290342
       1.325           4   -0.641804   -0.638423  0.00100001
       1.325           5   -0.639604   -0.638659 0.000827431
       1.325           6   -0.636732   -0.638338  0.00074928
       1.325           7    -0.64018   -0.638601 0.000686895
       1.325           8   -0.640424   -0.638829 0.000637706
       1.325           9    -0.63894   -0.638841 0.000566969
       1.325          10     -0.6386   -0.638817 0.000510786
       1.325          11    -0.63986   -0.638912 0.000473066
       1.325          12   -0.638304   -0.638861 0.000436349
       1.325          13   -0.635728    -0.63862 0.000464607
       1.325          14   -0.638732   -0.638628 0.000431489
       1.325          15   -0.638016   -0.638587 0.000404649
       1.325          16   -0.636056   -0.638429 0.000409122
       1.325          17    -0.63928   -0.638479 0.000388105
       1.325          18   -0.637764    -0.63844 0.000368572
       1.325          19   -0.635936   -0.638308 0.000371982
       1.325          20   -0.637956    -0.63829 0.000353799
        1.35           1   -0.627892   -0.627892           0
        1.35           2   -0.627268    -0.62758 0.000220617
        1.35           3    -0.62934   -0.628167 0.000501083
        1.35           4   -0.630912   -0.628853 0.000703225
        1.35           5   -0.624716   -0.628026 0.000929607
        1.35           6   -0.629544   -0.628279 0.000808385
        1.35           7   -0.629348   -0.628431 0.000707188
        1.35           8   -0.629436   -0.628557 0.000629839
        1.35           9   -0.628008   -0.628496 0.000562803
        1.35          10   -0.628368   -0.628483 0.000506668
        1.35          11   -0.628492   -0.628484 0.000460608
        1.35          12   -0.627632   -0.628413 0.000427661
        1.35          13   -0.630032   -0.628538 0.000412499
        1.35          14    -0.63094   -0.628709 0.000417206
        1.35          15   -0.628076   -0.628667 0.000391521
        1.35          16    -0.63048    -0.62878 0.000383099
        1.35          17   -0.630068   -0.628856 0.000367976
        1.35          18   -0.627268   -0.628768 0.000357953
        1.35          19   -0.628436    -0.62875 0.000339539
        1.35          20   -0.629572   -0.628791 0.000325038
       1.375           1   -0.618028   -0.618028           0
       1.375           2   -0.621564   -0.619796  0.00125016
       1.375           3   -0.619416   -0.619669 0.000839836
       1.375           4   -0.622108   -0.620279 0.000821897
       1.375           5    -0.62424   -0.621071 0.000966641
       1.375           6   -0.619068   -0.620737 0.000861263
       1.375           7   -0.620076   -0.620643 0.000743389
       1.375           8   -0.623392   -0.620987 0.000725558
       1.375           9   -0.619504   -0.620822 0.000663375
       1.375          10   -0.620732   -0.620813 0.000597099
       1.375          11   -0.621684   -0.620892 0.000548044
       1.375          12   -0.620984     -0.6209 0.000502428
       1.375          13   -0.619272   -0.620774 0.000479126
       1.375          14    -0.62232   -0.620885 0.000457444
       1.375          15   -0.622672   -0.621004 0.000442191
       1.375          16   -0.621596   -0.621041 0.000416099
       1.375          17   -0.623284   -0.621173 0.000412011
       1.375          18   -0.620852   -0.621155 0.000389507
       1.375          19   -0.621904   -0.621195 0.000370996
       1.375          20   -0.620428   -0.621156  0.00035442
         1.4           1   -0.613444   -0.613444           0
         1.4           2   -0.613388   -0.613416  1.9799e-05
         1.4           3   -0.614012   -0.613615 0.000162747
         1.4           4   -0.613656   -0.613625 0.000122388
         1.4           5    -0.61368   -0.613636 9.84033e-05
         1.4           6   -0.611972   -0.613359 0.000266119
         1.4           7   -0.614148   -0.613471 0.000250857
         1.4           8   -0.615644   -0.613743 0.000335727
         1.4           9   -0.611408   -0.613484 0.000385861
         1.4          10   -0.614676   -0.613603 0.000365236
         1.4          11   -0.612896   -0.613539 0.000337638
         1.4          12   -0.612236    -0.61343 0.000326483
         1.4          13    -0.61082   -0.613229 0.000357814
         1.4          14   -0.613236    -0.61323 0.000332256
         1.4          15     -0.6149   -0.613341 0.000328235
         1.4          16   -0.612816   -0.613308 0.000309357
         1.4          17   -0.613932   -0.613345 0.000293327
         1.4          18   -0.613076    -0.61333 0.000277411
         1.4          19   -0.614464    -0.61339 0.000269155
         1.4          20   -0.610272   -0.613234 0.000297432
       1.425           1   -0.606588   -0.606588           0
       1.425           2   -0.607444   -0.607016 0.000302642
       1.425           3   -0.607124   -0.607052 0.000203891
       1.425           4   -0.605876   -0.606758 0.000297003
       1.425           5   -0.607884   -0.606983 0.000311492
       1.425           6   -0.606436   -0.606892 0.000272601
       1.425           7   -0.604732   -0.606583 0.000369066
       1.425           8   -0.606992   -0.606635 0.000326447
       1.425           9   -0.604136   -0.606357 0.000390777
       1.425          10   -0.604332   -0.606154 0.000400742
       1.425          11   -0.603684    -0.60593  0.00042258
       1.425          12    -0.60398   -0.605767 0.000417436
       1.425          13   -0.603052   -0.605558 0.000434451
       1.425          14   -0.608516    -0.60577  0.00045187
       1.425          15    -0.60362   -0.605626 0.000443891
       1.425          16   -0.607396   -0.605737 0.000429705
       1.425          17    -0.60732    -0.60583 0.000414395
       1.425          18   -0.605196   -0.605795 0.000392868
       1.425          19   -0.606072   -0.605809 0.000372461
       1.425          20    -0.60512   -0.605775  0.00035543
        1.45           1   -0.595876   -0.595876           0
        1.45           2   -0.598444    -0.59716 0.000907925
        1.45           3   -0.598028   -0.597449 0.000649752
        1.45           4   -0.600152   -0.598125 0.000761491
        1.45           5   -0.598288   -0.598158  0.00060989
        1.45           6   -0.597048   -0.597973 0.000535547
        1.45           7   -0.597424   -0.597894  0.00046474
        1.45           8    -0.59648   -0.597718 0.000438986
        1.45           9   -0.598484   -0.597803 0.000398386
        1.45          10   -0.593592   -0.597382 0.000536771
        1.45          11   -0.599336   -0.597559 0.000516543
        1.45          12   -0.597952   -0.597592 0.000474533
        1.45          13   -0.598756   -0.597682 0.000446398
        1.45          14   -0.598892   -0.597768 0.000422803
        1.45          15   -0.598288   -0.597803 0.000396035
        1.45          16    -0.60022   -0.597954 0.000399062
        1.45          17    -0.59612   -0.597846 0.000389894
        1.45          18   -0.598716   -0.597894 0.000371217
        1.45          19    -0.59858    -0.59793  0.00035343
        1.45          20   -0.596848   -0.597876 0.000339876
       1.475           1   -0.590236   -0.590236           0
       1.475           2   -0.591136   -0.590686 0.000318198
       1.475           3    -0.58942   -0.590264 0.000404627
       1.475           4   -0.591864   -0.590664 0.000460537
       1.475           5   -0.589196    -0.59037 0.000452439
       1.475           6   -0.588824   -0.590113  0.00044442
       1.475           7     -0.5922   -0.590411  0.00047045
       1.475           8    -0.59296    -0.59073 0.000508225
       1.475           9   -0.590296   -0.590681 0.000454032
       1.475          10     -0.5899   -0.590603 0.000415297
       1.475          11   -0.590028   -0.590551 0.000380821
       1.475          12    -0.59212   -0.590682 0.000370855
       1.475          13   -0.594628   -0.590985 0.000449723
       1.475          14    -0.59072   -0.590966 0.000417999
       1.475          15   -0.589724   -0.590883 0.000398253
       1.475          16   -0.589516   -0.590798 0.000382423
       1.475          17   -0.592296   -0.590886  0.00036994
       1.475          18    -0.59036   -0.590857  0.00035054
       1.475          19   -0.589392    -0.59078 0.000340464
       1.475          20   -0.590824   -0.590782 0.000323448
         1.5           1    -0.58312    -0.58312           0
         1.5           2   -0.583744   -0.583432 0.000220617
         1.5           3   -0.584892   -0.583919 0.000423708
         1.5           4   -0.583076   -0.583708 0.000366429
         1.5           5   -0.582208   -0.583408 0.000397408
         1.5           6   -0.582336   -0.583229 0.000369157
         1.5           7   -0.582668   -0.583149 0.000325013
         1.5           8   -0.584664   -0.583339 0.000335037
         1.5           9    -0.58276   -0.583274 0.000303914
         1.5          10   -0.580588   -0.583006 0.000373841
         1.5          11   -0.581036   -0.582827 0.000380325
         1.5          12     -0.5815   -0.582716 0.000364343
         1.5          13   -0.580912   -0.582577  0.00036178
         1.5          14    -0.58178    -0.58252 0.000340391
         1.5          15   -0.580448   -0.582382 0.000344595
         1.5          16    -0.58152   -0.582328 0.000327243
         1.5          17   -0.582524    -0.58234 0.000308196
         1.5          18     -0.5825   -0.582349 0.000291203
         1.5          19   -0.581056   -0.582281 0.000283713
         1.5          20   -0.582852   -0.582309 0.000270962
       1.525           1   -0.576388   -0.576388           0
       1.525           2   -0.576176   -0.576282 7.49533e-05
       1.525           3    -0.57696   -0.576508 0.000191174
       1.525           4   -0.576184   -0.576427 0.000159621
       1.525           5   -0.578244    -0.57679 0.000349219
       1.525           6    -0.57442   -0.576395 0.000463417
       1.525           7   -0.573944   -0.576045 0.000512731
       1.525           8   -0.575732   -0.576006 0.000450132
       1.525           9   -0.576156   -0.576023 0.000400425
       1.525          10    -0.57484   -0.575904 0.000377444
       1.525          11   -0.576524   -0.575961 0.000347309
       1.525          12    -0.57646   -0.576002 0.000320849
       1.525          13   -0.572928   -0.575766 0.000373282
       1.525          14   -0.573544   -0.575607 0.000378857
       1.525          15   -0.578548   -0.575803 0.000401134
       1.525          16   -0.576396    -0.57584 0.000377771
       1.525          17   -0.576728   -0.575892  0.00035914
       1.525          18   -0.574936   -0.575839 0.000343096
       1.525          19   -0.574432   -0.575765 0.000332938
       1.525          20   -0.576124   -0.575783 0.000316774
        1.55           1   -0.567056   -0.567056           0
        1.55           2   -0.570928   -0.568992  0.00136896
        1.55           3   -0.568592   -0.568859 0.000919109
        1.55           4   -0.568444   -0.568755 0.000695154
        1.55           5   -0.570616   -0.569127 0.000648151
        1.55           6   -0.568664    -0.56905 0.000544704
        1.55           7   -0.566564   -0.568695 0.000571046
        1.55           8   -0.567124   -0.568499 0.000532355
        1.55           9   -0.569724   -0.568635  0.00049031
        1.55          10   -0.568076   -0.568579  0.00044445
        1.55          11   -0.567488    -0.56848 0.000414961
        1.55          12     -0.5683   -0.568465 0.000380651
        1.55          13   -0.568412   -0.568461 0.000351391
        1.55          14   -0.567748    -0.56841 0.000329958
        1.55          15   -0.567396   -0.568342 0.000314806
        1.55          16   -0.567272   -0.568275 0.000302152
        1.55          17   -0.569796   -0.568365 0.000297326
        1.55          18   -0.568252   -0.568358 0.000280873
        1.55          19   -0.567636    -0.56832 0.000268652
        1.55          20    -0.56878   -0.568343   0.0002562
       1.575           1   -0.561208   -0.561208           0
       1.575           2   -0.560376   -0.560792 0.000294156
       1.575           3   -0.560252   -0.560612 0.000245065
       1.575           4   -0.561292   -0.560782 0.000235493
       1.575           5   -0.560736   -0.560773 0.000188574
       1.575           6   -0.562464   -0.561055 0.000301499
       1.575           7    -0.56308   -0.561344 0.000372209
       1.575           8   -0.561508   -0.561365 0.000326247
       1.575           9   -0.564232   -0.561683 0.000417531
       1.575          10   -0.563524   -0.561867 0.000414378
       1.575          11   -0.561592   -0.561842 0.000377462
       1.575          12   -0.563456   -0.561977 0.000369188
       1.575          13   -0.560688   -0.561878 0.000353847
       1.575          14   -0.561684   -0.561864 0.000328842
       1.575          15   -0.561904   -0.561866  0.00030693
       1.575          16   -0.561736   -0.561858 0.000287855
       1.575          17   -0.561848   -0.561858 0.000270923
       1.575          18    -0.56022   -0.561767 0.000270717
       1.575          19   -0.561536   -0.561755 0.000256741
       1.575          20    -0.56268   -0.561801 0.000248039
         1.6           1   -0.558284   -0.558284           0
         1.6           2   -0.555088   -0.556686  0.00112996
         1.6           3   -0.555492   -0.556288 0.000820409
         1.6           4   -0.554536    -0.55585 0.000722831
         1.6           5   -0.557712   -0.556222 0.000667335
         1.6           6   -0.555532   -0.556107 0.000565946
         1.6           7   -0.552948   -0.555656  0.00064025
         1.6           8   -0.552176   -0.555221 0.000692399
         1.6           9     -0.5561   -0.555319 0.000622316
         1.6          10   -0.556276   -0.555414   0.0005674
         1.6          11   -0.551544   -0.555063 0.000615317
         1.6          12   -0.555924   -0.555134 0.000568213
         1.6          13   -0.555076    -0.55513 0.000524522
         1.6          14   -0.555016   -0.555122 0.000487119
         1.6          15   -0.557544   -0.555283 0.000480667
         1.6          16   -0.555708    -0.55531 0.000451358
         1.6          17   -0.555756   -0.555336  0.00042557
         1.6          18   -0.556316    -0.55539 0.000405395
         1.6          19   -0.553536   -0.555293 0.000395634
         1.6          20   -0.553796   -0.555218 0.000382865
       1.625           1   -0.547684   -0.547684           0
       1.625           2   -0.545344   -0.546514 0.000827315
       1.625           3   -0.547168   -0.546732 0.000579554
       1.625           4   -0.548072   -0.547067 0.000522592
       1.625           5   -0.547748   -0.547203 0.000435461
       1.625           6   -0.549028   -0.547507 0.000456909
       1.625           7   -0.545504   -0.547221 0.000472846
       1.625           8    -0.54778   -0.547291 0.000418869
       1.625           9   -0.549496   -0.547536 0.000438159
       1.625          10   -0.546848   -0.547467 0.000399708
       1.625          11   -0.549124   -0.547618  0.00039072
       1.625          12   -0.547796   -0.547633 0.000358442
       1.625          13    -0.54668   -0.547559 0.000338278
       1.625          14    -0.54862   -0.547635 0.000322487
       1.625          15   -0.547264    -0.54761 0.000301935
       1.625          16   -0.549792   -0.547747 0.000312338
       1.625          17   -0.546052   -0.547647 0.000309466
       1.625          18    -0.54754   -0.547641  0.00029233
       1.625          19    -0.54864   -0.547694 0.000281632
       1.625          20   -0.547576   -0.547688 0.000267612
        1.65           1   -0.541696   -0.541696           0
        1.65           2   -0.541348   -0.541522 0.000123037
        1.65           3    -0.54438   -0.542475 0.000782162
        1.65           4   -0.539984   -0.541852 0.000796812
        1.65           5   -0.537748   -0.541031 0.000972272
        1.65           6   -0.540892   -0.541008 0.000810503
        1.65           7   -0.540768   -0.540974 0.000695442
        1.65           8    -0.54206    -0.54111 0.000621626
        1.65           9   -0.541868   -0.541194 0.000558241
        1.65          10   -0.542576   -0.541332 0.000519247
        1.65          11    -0.54106   -0.541307 0.000472631
        1.65          12     -0.5395   -0.541157 0.000456611
        1.65          13   -0.542332   -0.541247 0.000430344
        1.65          14     -0.5416   -0.541272 0.000400343
        1.65          15   -0.541804   -0.541308  0.00037522
        1.65          16    -0.54106   -0.541292 0.000352088
        1.65          17     -0.5409   -0.541269 0.000332132
        1.65          18   -0.541264   -0.541269  0.00031368
        1.65          19   -0.540724    -0.54124 0.000298479
        1.65          20   -0.541792   -0.541268 0.000284827
       1.675           1   -0.536504   -0.536504           0
       1.675           2   -0.534416    -0.53546 0.000738219
       1.675           3   -0.534652   -0.535191 0.000539044
       1.675           4   -0.535912   -0.535371 0.000433399
       1.675           5   -0.535424   -0.535382 0.000346849
       1.675           6   -0.534724   -0.535272 0.000305867
       1.675           7    -0.53576   -0.535342     0.00027
       1.675           8   -0.533564    -0.53512 0.000314676
       1.675           9    -0.53634   -0.535255 0.000307548
       1.675          10   -0.535536   -0.535283 0.000278073
       1.675          11    -0.53606   -0.535354 0.000261607
       1.675          12   -0.533804   -0.535225 0.000269809
       1.675          13   -0.534768    -0.53519 0.000251331
       1.675          14    -0.53568   -0.535225 0.000235808
       1.675          15   -0.534736   -0.535192 0.000222325
       1.675          16   -0.535452   -0.535208 0.000209023
       1.675          17   -0.535216   -0.535209 0.000196728
       1.675          18    -0.53428   -0.535157 0.000192446
       1.675          19   -0.531968   -0.534989 0.000244805
       1.675          20   -0.536088   -0.535044  0.00023865
         1.7           1   -0.528396   -0.528396           0
         1.7           2   -0.528076   -0.528236 0.000113137
         1.7           3    -0.52782   -0.528097 0.000136044
         1.7           4   -0.529356   -0.528412 0.000290985
         1.7           5    -0.52762   -0.528254 0.000272512
         1.7           6    -0.53046   -0.528621 0.000405291
         1.7           7      -0.528   -0.528533  0.00035698
         1.7           8   -0.529664   -0.528674 0.000339218
         1.7           9    -0.52934   -0.528748 0.000309494
         1.7          10   -0.526656   -0.528539 0.000342016
         1.7          11   -0.528472   -0.528533 0.000310978
         1.7          12    -0.52718    -0.52842  0.00030481
         1.7          13   -0.527104   -0.528319 0.000297699
         1.7          14   -0.528208   -0.528311  0.00027654
         1.7          15   -0.527736   -0.528273 0.000260746
         1.7          16   -0.526792    -0.52818 0.000260351
         1.7          17   -0.526288   -0.528069  0.00026777
         1.7          18    -0.52622   -0.527966 0.000271878
         1.7          19     -0.5309    -0.52812 0.000298215
         1.7          20   -0.528256   -0.528127 0.000283382
       1.725           1   -0.519352   -0.519352           0
       1.725           2   -0.525528    -0.52244  0.00218355
       1.725           3   -0.523092   -0.522657  0.00146647
       1.725           4    -0.52494   -0.523228  0.00120579
       1.725           5   -0.522036    -0.52299 0.000987917
       1.725           6   -0.521828   -0.522796  0.00084202
       1.725           7   -0.522316   -0.522727 0.000724518
       1.725           8   -0.521848   -0.522618 0.000642239
       1.725           9   -0.524156   -0.522788 0.000593193
       1.725          10   -0.522972   -0.522807 0.000534158
       1.725          11   -0.521196    -0.52266 0.000505272
       1.725          12    -0.52138   -0.522554 0.000474297
       1.725          13   -0.522636    -0.52256 0.000437855
       1.725          14   -0.525084    -0.52274 0.000442141
       1.725          15   -0.525796   -0.522944 0.000457193
       1.725          16   -0.521144   -0.522832 0.000442243
       1.725          17     -0.5222   -0.522794 0.000417786
       1.725          18   -0.521408   -0.522717 0.000401612
       1.725          19   -0.522212   -0.522691 0.000381354
       1.725          20   -0.524964   -0.522804 0.000378847
        1.75           1   -0.517268   -0.517268           0
        1.75           2   -0.518128   -0.517698 0.000304056
        1.75           3   -0.514276   -0.516557 0.000953154
        1.75           4   -0.515988   -0.516415 0.000725415
        1.75           5   -0.517936   -0.516719 0.000640949
        1.75           6    -0.51744   -0.516839 0.000545266
        1.75           7   -0.517492   -0.516933 0.000475276
        1.75           8   -0.516652   -0.516898 0.000417158
        1.75           9   -0.516388   -0.516841 0.000374629
        1.75          10   -0.515744   -0.516731 0.000352859
        1.75          11   -0.514612   -0.516539 0.000369651
        1.75          12   -0.515768   -0.516474 0.000344379
        1.75          13   -0.519504   -0.516707 0.000388829
        1.75          14   -0.513848   -0.516503 0.000411213
        1.75          15   -0.514576   -0.516375  0.00040337
        1.75          16   -0.517252    -0.51643 0.000381868
        1.75          17   -0.517168   -0.516473 0.000361868
        1.75          18    -0.51534    -0.51641 0.000347195
        1.75          19    -0.51808   -0.516498 0.000339865
        1.75          20   -0.520084   -0.516677 0.000367136
       1.775           1   -0.509368   -0.509368           0
       1.775           2   -0.510744   -0.510056 0.000486489
       1.775           3   -0.510816   -0.510309 0.000384672
       1.775           4   -0.512388   -0.510829 0.000534579
       1.775           5   -0.511328   -0.510929  0.00043688
       1.775           6   -0.512868   -0.511252 0.000468607
       1.775           7   -0.511916   -0.511347 0.000411152
       1.775           8   -0.511536   -0.511371 0.000360437
       1.775           9   -0.511408   -0.511375 0.000320413
       1.775          10   -0.510872   -0.511324 0.000292288
       1.775          11    -0.51262   -0.511442 0.000288473
       1.775          12   -0.511568   -0.511453 0.000264624
       1.775          13   -0.511476   -0.511454 0.000244274
       1.775          14   -0.510408    -0.51138 0.000237988
       1.775          15   -0.510676   -0.511333 0.000226699
       1.775          16   -0.507604     -0.5111 0.000309979
       1.775          17    -0.51026    -0.51105 0.000295654
       1.775          18   -0.506844   -0.510817 0.000359923
       1.775          19   -0.509108   -0.510727 0.000352035
       1.775          20   -0.510224   -0.510702 0.000335329
         1.8           1   -0.503868   -0.503868           0
         1.8           2   -0.503232    -0.50355  0.00022486
         1.8           3   -0.503796   -0.503632 0.000164179
         1.8           4   -0.504196   -0.503773 0.000173415
         1.8           5   -0.507012   -0.504421 0.000595787
         1.8           6   -0.505088   -0.504532 0.000506761
         1.8           7    -0.50672   -0.504845 0.000521936
         1.8           8     -0.5042   -0.504764 0.000462871
         1.8           9   -0.506356   -0.504941 0.000443956
         1.8          10   -0.504444   -0.504891 0.000402332
         1.8          11   -0.504108    -0.50482 0.000372003
         1.8          12   -0.504516   -0.504795 0.000341864
         1.8          13     -0.5058   -0.504872 0.000324196
         1.8          14   -0.506588   -0.504995 0.000323381
         1.8          15   -0.503672   -0.504906 0.000313612
         1.8          16    -0.50478   -0.504899  0.00029411
         1.8          17    -0.50458    -0.50488 0.000277406
         1.8          18   -0.505456   -0.504912 0.000263835
         1.8          19   -0.503908   -0.504859 0.000255184
         1.8          20    -0.50498   -0.504865 0.000242496
       1.825           1    -0.49974    -0.49974           0
       1.825           2   -0.498732   -0.499236 0.000356382
       1.825           3   -0.497784   -0.498752 0.000461106
       1.825           4   -0.497272   -0.498382 0.000471458
       1.825           5    -0.50124   -0.498954 0.000635324
       1.825           6   -0.498404   -0.498862 0.000535999
       1.825           7   -0.498072   -0.498749 0.000471159
       1.825           8   -0.498964   -0.498776 0.000413029
       1.825           9   -0.499644   -0.498872  0.00037823
       1.825          10   -0.500684   -0.499054  0.00038133
       1.825          11   -0.496812    -0.49885 0.000397401
       1.825          12   -0.498684   -0.498836 0.000364524
       1.825          13   -0.498824   -0.498835 0.000336485
       1.825          14    -0.50046   -0.498951 0.000331865
       1.825          15   -0.497368   -0.498846 0.000326092
       1.825          16     -0.4994    -0.49888 0.000307546
       1.825          17   -0.498648   -0.498867 0.000289759
       1.825          18    -0.49894   -0.498871  0.00027369
       1.825          19   -0.499424     -0.4989  0.00026083
       1.825          20   -0.496928   -0.498801 0.000265769
        1.85           1   -0.492884   -0.492884           0
        1.85           2    -0.49568   -0.494282 0.000988535
        1.85           3   -0.491572   -0.493379   0.0009891
        1.85           4    -0.49434   -0.493619  0.00077047
        1.85           5    -0.49466   -0.493827 0.000643893
        1.85           6   -0.491376   -0.493419 0.000653451
        1.85           7   -0.494476    -0.49357 0.000577294
        1.85           8    -0.49174   -0.493341 0.000548571
        1.85           9   -0.492564   -0.493255 0.000494366
        1.85          10     -0.4923   -0.493159 0.000454053
        1.85          11    -0.49374   -0.493212 0.000415834
        1.85          12   -0.493524   -0.493238 0.000381993
        1.85          13   -0.494308    -0.49332 0.000361368
        1.85          14   -0.492812   -0.493284 0.000337375
        1.85          15   -0.492564   -0.493236  0.00031828
        1.85          16   -0.493164   -0.493232 0.000298419
        1.85          17   -0.492388   -0.493182  0.00028496
        1.85          18   -0.493524   -0.493201 0.000269762
        1.85          19   -0.493336   -0.493208 0.000255658
        1.85          20   -0.494128   -0.493254 0.000246978
       1.875           1   -0.489304   -0.489304           0
       1.875           2   -0.490476    -0.48989 0.000414365
       1.875           3   -0.487884   -0.489221 0.000611872
       1.875           4    -0.49022   -0.489471  0.00050729
       1.875           5   -0.486592   -0.488895 0.000655695
       1.875           6     -0.4876   -0.488679  0.00058086
       1.875           7   -0.483944   -0.488003 0.000800082
       1.875           8   -0.486444   -0.487808 0.000723411
       1.875           9   -0.486372   -0.487648 0.000660393
       1.875          10    -0.48762   -0.487646  0.00059436
       1.875          11     -0.4893   -0.487796 0.000559032
       1.875          12   -0.487632   -0.487782 0.000512613
       1.875          13   -0.485764   -0.487627 0.000496136
       1.875          14    -0.48904   -0.487728 0.000470851
       1.875          15    -0.49182   -0.488001  0.00051243
       1.875          16   -0.486516   -0.487908 0.000488734
       1.875          17   -0.488628    -0.48795 0.000461816
       1.875          18   -0.489448   -0.488034 0.000443591
       1.875          19   -0.486152   -0.487935 0.000431157
       1.875          20   -0.486404   -0.487858 0.000416335
         1.9           1    -0.48098    -0.48098           0
         1.9           2   -0.482756   -0.481868 0.000627911
         1.9           3    -0.48174   -0.481825 0.000420054
         1.9           4   -0.482692   -0.482042 0.000366687
         1.9           5   -0.482612   -0.482156 0.000310565
         1.9           6   -0.484032   -0.482469 0.000385288
         1.9           7   -0.480496   -0.482187 0.000420873
         1.9           8   -0.482704   -0.482252 0.000373195
         1.9           9    -0.48198   -0.482221 0.000332946
         1.9          10   -0.482712    -0.48227 0.000303245
         1.9          11   -0.483812   -0.482411 0.000306355
         1.9          12    -0.48076   -0.482273  0.00031017
         1.9          13   -0.482112   -0.482261 0.000286557
         1.9          14   -0.482232   -0.482259 0.000266096
         1.9          15   -0.478896   -0.482034  0.00032952
         1.9          16   -0.482844   -0.482085 0.000312786
         1.9          17   -0.482096   -0.482086 0.000294388
         1.9          18   -0.482268   -0.482096 0.000278207
         1.9          19   -0.480928   -0.482034 0.000270268
         1.9          20   -0.483076   -0.482086 0.000261726
       1.925           1   -0.476512   -0.476512           0
       1.925           2   -0.480292   -0.478402  0.00133643
       1.925           3   -0.477252   -0.478019 0.000944332
       1.925           4    -0.47878   -0.478209 0.000727177
       1.925           5     -0.4768   -0.477927 0.000633997
       1.925           6    -0.47952   -0.478193 0.000581258
       1.925           7   -0.478608   -0.478252  0.00050124
       1.925           8     -0.4773   -0.478133 0.000452491
       1.925           9   -0.476912   -0.477997 0.000422062
       1.925          10     -0.4799   -0.478188 0.000420561
       1.925          11   -0.477928   -0.478164  0.00038299
       1.925          12   -0.475844   -0.477971 0.000396883
       1.925          13     -0.4769   -0.477888 0.000374801
       1.925          14   -0.475088   -0.477688 0.000397839
       1.925          15   -0.475948   -0.477572 0.000387865
       1.925          16   -0.476016   -0.477475 0.000375621
       1.925          17   -0.474164    -0.47728 0.000400852
       1.925          18   -0.476292   -0.477225 0.000382324
       1.925          19   -0.474888   -0.477102  0.00038148
       1.925          20    -0.47578   -0.477036  0.00036809
        1.95           1   -0.473836   -0.473836           0
        1.95           2   -0.472476   -0.473156 0.000480833
        1.95           3   -0.473708    -0.47334 0.000354014
        1.95           4    -0.47166    -0.47292 0.000450329
        1.95           5   -0.472476   -0.472831 0.000368914
        1.95           6   -0.471716   -0.472645 0.000351142
        1.95           7   -0.470932   -0.472401 0.000376747
        1.95           8   -0.470848   -0.472207 0.000376334
        1.95           9   -0.472412   -0.472229 0.000335211
        1.95          10   -0.470024   -0.472009 0.000367135
        1.95          11   -0.471616   -0.471973 0.000335492
        1.95          12     -0.4714   -0.471925 0.000310915
        1.95          13   -0.472952   -0.472004 0.000296859
        1.95          14   -0.473472   -0.472109 0.000293583
        1.95          15   -0.471496   -0.472068 0.000276841
        1.95          16   -0.472136   -0.472073 0.000259571
        1.95          17   -0.470668    -0.47199 0.000257114
        1.95          18   -0.473668   -0.472083 0.000259182
        1.95          19   -0.472404     -0.4721  0.00024609
        1.95          20   -0.472148   -0.472102 0.000233798
       1.975           1   -0.468664   -0.468664           0
       1.975           2   -0.465936     -0.4673 0.000964494
       1.975           3   -0.468812   -0.467804 0.000763405
       1.975           4   -0.470524   -0.468484 0.000821351
       1.975           5   -0.466092   -0.468006 0.000784123
       1.975           6   -0.468412   -0.468073 0.000656355
       1.975           7   -0.468116   -0.468079 0.000562618
       1.975           8   -0.469992   -0.468319 0.000540704
       1.975           9   -0.467332   -0.468209 0.000491611
       1.975          10   -0.467468   -0.468135 0.000447998
       1.975          11   -0.468712   -0.468187 0.000410332
       1.975          12   -0.468016   -0.468173 0.000376386
       1.975          13   -0.470724   -0.468369  0.00039529
       1.975          14   -0.466292   -0.468221 0.000393918
       1.975          15   -0.468604   -0.468246 0.000368484
       1.975          16   -0.465508   -0.468075 0.000383145
       1.975          17   -0.466396   -0.467976 0.000373123
       1.975          18   -0.468636   -0.468013 0.000354188
       1.975          19   -0.467044   -0.467962   0.0003392
       1.975          20     -0.4684   -0.467984 0.000322946
           2           1   -0.463296   -0.463296           0
           2           2    -0.46126   -0.462278 0.000719835
           2           3   -0.461352   -0.461969 0.000542043
           2           4    -0.46084   -0.461687 0.000474397
           2           5   -0.461344   -0.461618 0.000384446
           2           6   -0.463384   -0.461913 0.000418089
           2           7    -0.46186   -0.461905  0.00035843
           2           8    -0.46104   -0.461797 0.000329537
           2           9   -0.461056   -0.461715 0.000303032
           2          10   -0.461304   -0.461674 0.000275498
           2          11    -0.46046   -0.461563 0.000271647
           2          12   -0.462692   -0.461657 0.000264794
           2          13   -0.460176   -0.461543 0.000267823
           2          14   -0.464208   -0.461734 0.000309008
           2          15   -0.463188   -0.461831 0.000303236
           2          16    -0.46088   -0.461771 0.000290046
           2          17   -0.463212   -0.461856 0.000285098
           2          18   -0.461244   -0.461822 0.000271279
           2          19   -0.464156   -0.461945 0.000283453
           2          20   -0.461844    -0.46194 0.000269325
