#   T     BLOCK:   ACTUAL_TE:    TE_AVE:      ERROR:
         0.5           1    -0.97418    -0.97418           0
         0.5           2   -0.969212   -0.971696  0.00175645
         0.5           3   -0.970832   -0.971408  0.00119435
         0.5           4   -0.975112   -0.972334  0.00120229
         0.5           5   -0.973092   -0.972486  0.00097134
         0.5           6    -0.96858   -0.971835  0.00100414
         0.5           7    -0.97576   -0.972395  0.00100515
         0.5           8   -0.975896   -0.972833 0.000970086
         0.5           9   -0.978896   -0.973507  0.00107096
         0.5          10    -0.97844      -0.974  0.00107148
         0.5          11    -0.97442   -0.974038 0.000974756
         0.5          12   -0.972188   -0.973884 0.000905639
         0.5          13   -0.970544   -0.973627 0.000871656
         0.5          14     -0.9792   -0.974025 0.000895689
         0.5          15    -0.97886   -0.974347 0.000892089
         0.5          16   -0.980616   -0.974739 0.000918343
         0.5          17   -0.966632   -0.974262 0.000980361
         0.5          18   -0.975608   -0.974337 0.000928742
         0.5          19   -0.970856   -0.974154 0.000897751
         0.5          20   -0.975224   -0.974207 0.000854456
       0.525           1   -0.963112   -0.963112           0
       0.525           2   -0.967312   -0.965212  0.00148492
       0.525           3     -0.9652   -0.965208 0.000989955
       0.525           4   -0.965932   -0.965389 0.000758832
       0.525           5   -0.961392    -0.96459 0.000937956
       0.525           6   -0.964004   -0.964492 0.000786692
       0.525           7   -0.968648   -0.965086  0.00086996
       0.525           8     -0.9658   -0.965175 0.000765783
       0.525           9   -0.958204     -0.9644  0.00099831
       0.525          10   -0.967312   -0.964692 0.000939978
       0.525          11   -0.960272    -0.96429 0.000936466
       0.525          12   -0.970476   -0.964805 0.000990205
       0.525          13   -0.966764   -0.964956 0.000925427
       0.525          14   -0.966116   -0.965039 0.000863026
       0.525          15    -0.96118   -0.964782 0.000842962
       0.525          16   -0.973776   -0.965344 0.000959583
       0.525          17   -0.965428   -0.965349  0.00090315
       0.525          18     -0.9638   -0.965263 0.000857063
       0.525          19   -0.965348   -0.965267 0.000811966
       0.525          20   -0.963484   -0.965178 0.000776248
        0.55           1    -0.96156    -0.96156           0
        0.55           2     -0.9553    -0.95843  0.00221324
        0.55           3   -0.955828   -0.957563  0.00163664
        0.55           4   -0.956892   -0.957395  0.00123604
        0.55           5   -0.956212   -0.957158  0.00101122
        0.55           6   -0.951108    -0.95615    0.001248
        0.55           7   -0.954148   -0.955864    0.001102
        0.55           8   -0.954708   -0.955719 0.000973678
        0.55           9    -0.95756   -0.955924 0.000886707
        0.55          10   -0.958568   -0.956188 0.000836528
        0.55          11   -0.959124   -0.956455  0.00080192
        0.55          12   -0.961036   -0.956837 0.000820936
        0.55          13   -0.955588   -0.956741 0.000763388
        0.55          14   -0.957804   -0.956817 0.000712627
        0.55          15   -0.954992   -0.956695 0.000675423
        0.55          16     -0.9576   -0.956752 0.000635572
        0.55          17     -0.9557    -0.95669 0.000601189
        0.55          18   -0.958324   -0.956781 0.000574603
        0.55          19   -0.959144   -0.956905 0.000557662
        0.55          20   -0.948948   -0.956507 0.000656535
       0.575           1   -0.946984   -0.946984           0
       0.575           2   -0.946212   -0.946598 0.000272943
       0.575           3   -0.948748   -0.947315 0.000612795
       0.575           4    -0.94458   -0.946631 0.000749519
       0.575           5   -0.949724    -0.94725 0.000815887
       0.575           6   -0.947624   -0.947312 0.000682288
       0.575           7   -0.949996   -0.947695 0.000684125
       0.575           8    -0.95204   -0.948238 0.000785108
       0.575           9   -0.942484   -0.947599 0.000922183
       0.575          10   -0.950668   -0.947906 0.000879548
       0.575          11   -0.947304   -0.947851  0.00080129
       0.575          12   -0.946244   -0.947717 0.000745626
       0.575          13   -0.947192   -0.947677 0.000689364
       0.575          14   -0.946376   -0.947584 0.000646356
       0.575          15   -0.942956   -0.947275 0.000672886
       0.575          16   -0.944188   -0.947082 0.000657918
       0.575          17   -0.945848    -0.94701 0.000623212
       0.575          18   -0.945308   -0.946915 0.000595718
       0.575          19   -0.946664   -0.946902 0.000564511
       0.575          20   -0.952476   -0.947181 0.000601157
         0.6           1   -0.933516   -0.933516           0
         0.6           2   -0.936732   -0.935124  0.00113703
         0.6           3   -0.935884   -0.935377 0.000785734
         0.6           4   -0.937388    -0.93588 0.000732653
         0.6           5   -0.934368   -0.935578  0.00064552
         0.6           6   -0.931168   -0.934843 0.000859929
         0.6           7   -0.940008   -0.935581  0.00100499
         0.6           8   -0.932212   -0.935159 0.000963548
         0.6           9   -0.937452   -0.935414 0.000889519
         0.6          10   -0.933244   -0.935197 0.000826618
         0.6          11   -0.943448   -0.935947  0.00103739
         0.6          12   -0.927196   -0.935218  0.00117975
         0.6          13   -0.937656   -0.935406   0.0011038
         0.6          14   -0.934064    -0.93531  0.00102911
         0.6          15    -0.93772    -0.93547 0.000972967
         0.6          16   -0.941676   -0.935858 0.000986435
         0.6          17    -0.93128   -0.935589 0.000964472
         0.6          18   -0.934904   -0.935551  0.00091164
         0.6          19   -0.939216   -0.935744 0.000883832
         0.6          20   -0.933032   -0.935608 0.000849977
       0.625           1   -0.926044   -0.926044           0
       0.625           2    -0.92782   -0.926932 0.000627911
       0.625           3   -0.921304   -0.925056  0.00158792
       0.625           4   -0.921384   -0.924138  0.00143191
       0.625           5   -0.924004   -0.924111  0.00114578
       0.625           6   -0.925628   -0.924364 0.000982311
       0.625           7    -0.91548   -0.923095  0.00144553
       0.625           8   -0.923964   -0.923203  0.00126891
       0.625           9   -0.925688    -0.92348  0.00115756
       0.625          10   -0.926132   -0.923745  0.00107176
       0.625          11   -0.920884   -0.923485  0.00100539
       0.625          12   -0.917688   -0.923002  0.00103115
       0.625          13   -0.923604   -0.923048 0.000952868
       0.625          14   -0.925676   -0.923236 0.000903106
       0.625          15   -0.926548   -0.923457 0.000869477
       0.625          16    -0.92724   -0.923693 0.000846679
       0.625          17   -0.918856   -0.923408 0.000843329
       0.625          18   -0.925012   -0.923498 0.000801169
       0.625          19    -0.92672   -0.923667 0.000776746
       0.625          20    -0.92752    -0.92386 0.000761423
        0.65           1   -0.909388   -0.909388           0
        0.65           2   -0.905956   -0.907672   0.0012134
        0.65           3   -0.919124   -0.911489   0.0032201
        0.65           4   -0.911572    -0.91151  0.00241514
        0.65           5    -0.91318   -0.911844  0.00195507
        0.65           6   -0.911284   -0.911751  0.00163145
        0.65           7   -0.913648   -0.912022  0.00142073
        0.65           8   -0.909752   -0.911738  0.00127115
        0.65           9   -0.911024   -0.911659  0.00113238
        0.65          10   -0.915528   -0.912046  0.00108324
        0.65          11   -0.909924   -0.911853  0.00100178
        0.65          12   -0.917516   -0.912325  0.00102345
        0.65          13   -0.915812   -0.912593 0.000979246
        0.65          14   -0.912756   -0.912605 0.000909369
        0.65          15   -0.914908   -0.912758 0.000861613
        0.65          16   -0.913108    -0.91278 0.000808039
        0.65          17   -0.914052   -0.912855 0.000763964
        0.65          18   -0.912564   -0.912839 0.000721693
        0.65          19    -0.91042   -0.912711 0.000694845
        0.65          20   -0.913392   -0.912745 0.000660936
       0.675           1   -0.901884   -0.901884           0
       0.675           2    -0.89956   -0.900722 0.000821658
       0.675           3    -0.90236   -0.901268 0.000706256
       0.675           4   -0.897324   -0.900282  0.00100485
       0.675           5   -0.906028   -0.901431  0.00130489
       0.675           6    -0.90328   -0.901739   0.0011232
       0.675           7   -0.902168   -0.901801 0.000964414
       0.675           8   -0.900296   -0.901612 0.000862005
       0.675           9   -0.901864    -0.90164  0.00076668
       0.675          10   -0.904356   -0.901912 0.000736535
       0.675          11   -0.901284   -0.901855 0.000671787
       0.675          12   -0.902704   -0.901926  0.00061952
       0.675          13    -0.90276    -0.90199 0.000575179
       0.675          14   -0.904604   -0.902177 0.000563589
       0.675          15   -0.905044   -0.902368 0.000557495
       0.675          16   -0.902636   -0.902384 0.000522903
       0.675          17   -0.904232   -0.902493 0.000503311
       0.675          18   -0.898792   -0.902288 0.000515643
       0.675          19   -0.906556   -0.902512  0.00053521
       0.675          20   -0.903028   -0.902538 0.000509071
         0.7           1   -0.892364   -0.892364           0
         0.7           2   -0.889356    -0.89086  0.00106349
         0.7           3   -0.895164   -0.892295  0.00136925
         0.7           4   -0.895896   -0.893195   0.0012894
         0.7           5   -0.888612   -0.892278  0.00131763
         0.7           6   -0.892376   -0.892295  0.00109813
         0.7           7   -0.891112   -0.892126 0.000954161
         0.7           8   -0.890984   -0.891983 0.000845497
         0.7           9   -0.892104   -0.891996  0.00075166
         0.7          10   -0.888448   -0.891642 0.000755623
         0.7          11   -0.889952   -0.891488 0.000702369
         0.7          12   -0.890028   -0.891366 0.000654291
         0.7          13    -0.89238   -0.891444 0.000608589
         0.7          14   -0.891116   -0.891421  0.00056557
         0.7          15   -0.894168   -0.891604 0.000556729
         0.7          16   -0.890316   -0.891524 0.000527721
         0.7          17   -0.891228   -0.891506 0.000496965
         0.7          18    -0.89162   -0.891512 0.000469396
         0.7          19   -0.896536   -0.891777 0.000513787
         0.7          20   -0.892816   -0.891829 0.000490718
       0.725           1   -0.884252   -0.884252           0
       0.725           2   -0.879348     -0.8818  0.00173383
       0.725           3   -0.879108   -0.880903  0.00136853
       0.725           4   -0.876336   -0.879761  0.00142515
       0.725           5   -0.880616   -0.879932  0.00115033
       0.725           6   -0.878944   -0.879767 0.000970323
       0.725           7       -0.88   -0.879801 0.000832274
       0.725           8   -0.880236   -0.879855 0.000730018
       0.725           9   -0.883076   -0.880213 0.000731389
       0.725          10   -0.877712   -0.879963 0.000699702
       0.725          11   -0.879544   -0.879925 0.000637128
       0.725          12   -0.880888   -0.880005 0.000589069
       0.725          13   -0.884724   -0.880368  0.00064599
       0.725          14   -0.883864   -0.880618 0.000646313
       0.725          15   -0.883724   -0.880825 0.000635537
       0.725          16    -0.88248   -0.880928 0.000604177
       0.725          17   -0.881268   -0.880948 0.000568967
       0.725          18   -0.879904    -0.88089 0.000540307
       0.725          19   -0.879188   -0.880801 0.000519245
       0.725          20   -0.879472   -0.880734 0.000497514
        0.75           1   -0.870304   -0.870304           0
        0.75           2    -0.87056   -0.870432 9.05097e-05
        0.75           3   -0.871204   -0.870689 0.000218604
        0.75           4   -0.870596   -0.870666 0.000165194
        0.75           5   -0.871824   -0.870898 0.000245715
        0.75           6    -0.87168   -0.871028  0.00023685
        0.75           7   -0.871536   -0.871101 0.000213843
        0.75           8   -0.869728   -0.870929 0.000246512
        0.75           9    -0.87018   -0.870846 0.000232746
        0.75          10   -0.868676   -0.870629 0.000293683
        0.75          11    -0.86684   -0.870284  0.00042324
        0.75          12    -0.86598   -0.869926 0.000518134
        0.75          13   -0.874348   -0.870266 0.000579283
        0.75          14   -0.868884   -0.870167  0.00054625
        0.75          15   -0.867508    -0.86999 0.000537831
        0.75          16   -0.873664    -0.87022 0.000551063
        0.75          17   -0.868448   -0.870115 0.000528408
        0.75          18   -0.866936   -0.869939 0.000527747
        0.75          19   -0.874584   -0.870183 0.000553715
        0.75          20   -0.869968   -0.870172 0.000526134
       0.775           1   -0.858984   -0.858984           0
       0.775           2   -0.860956    -0.85997 0.000697207
       0.775           3   -0.860724   -0.860221  0.00050809
       0.775           4   -0.859796   -0.860115 0.000392037
       0.775           5   -0.859076   -0.859907 0.000364566
       0.775           6   -0.858344   -0.859647 0.000385826
       0.775           7   -0.859236   -0.859588 0.000335139
       0.775           8   -0.857608   -0.859341 0.000373621
       0.775           9   -0.857956   -0.859187 0.000362396
       0.775          10   -0.859284   -0.859196 0.000326287
       0.775          11   -0.856384   -0.858941 0.000383943
       0.775          12   -0.860092   -0.859037 0.000363737
       0.775          13   -0.858048   -0.858961 0.000343616
       0.775          14   -0.859752   -0.859017 0.000323688
       0.775          15   -0.857656   -0.858926 0.000314571
       0.775          16   -0.858128   -0.858877 0.000298842
       0.775          17     -0.8606   -0.858978 0.000297964
       0.775          18   -0.862288   -0.859162 0.000333363
       0.775          19    -0.86186   -0.859304 0.000344741
       0.775          20     -0.8607   -0.859374 0.000334498
         0.8           1   -0.848244   -0.848244           0
         0.8           2   -0.848256    -0.84825 4.24264e-06
         0.8           3   -0.846656   -0.847719 0.000433841
         0.8           4    -0.84946   -0.848154 0.000498005
         0.8           5   -0.845028   -0.847529 0.000686605
         0.8           6   -0.852036    -0.84828 0.000893101
         0.8           7   -0.849388   -0.848438 0.000779416
         0.8           8   -0.851156   -0.848778 0.000752389
         0.8           9   -0.851852    -0.84912 0.000742279
         0.8          10    -0.84662    -0.84887 0.000708888
         0.8          11   -0.845508   -0.848564 0.000707254
         0.8          12   -0.848132   -0.848528 0.000649232
         0.8          13    -0.84494   -0.848252 0.000655337
         0.8          14   -0.846168   -0.848103 0.000625205
         0.8          15   -0.847752    -0.84808 0.000583962
         0.8          16   -0.848624   -0.848114 0.000548455
         0.8          17   -0.849264   -0.848181  0.00052035
         0.8          18   -0.846984   -0.848115 0.000495675
         0.8          19   -0.847628   -0.848089 0.000470249
         0.8          20   -0.851524   -0.848261 0.000477066
       0.825           1   -0.836468   -0.836468           0
       0.825           2     -0.8363   -0.836384  5.9397e-05
       0.825           3   -0.838808   -0.837192 0.000660917
       0.825           4   -0.835752   -0.836832 0.000585582
       0.825           5   -0.840588   -0.837583 0.000819085
       0.825           6   -0.837148   -0.837511 0.000685775
       0.825           7   -0.838924   -0.837713 0.000616814
       0.825           8   -0.835584   -0.837447 0.000594335
       0.825           9    -0.83718   -0.837417 0.000529035
       0.825          10   -0.836508   -0.837326 0.000483876
       0.825          11   -0.837948   -0.837383 0.000443179
       0.825          12    -0.83836   -0.837464 0.000413665
       0.825          13   -0.837584   -0.837473 0.000381948
       0.825          14    -0.83598   -0.837367 0.000369258
       0.825          15     -0.8379   -0.837402 0.000346349
       0.825          16   -0.839456   -0.837531 0.000347677
       0.825          17   -0.839988   -0.837675 0.000356012
       0.825          18   -0.836276   -0.837597 0.000344614
       0.825          19   -0.841532   -0.837804 0.000383686
       0.825          20   -0.838068   -0.837818 0.000364728
        0.85           1   -0.825952   -0.825952           0
        0.85           2    -0.82486   -0.825406  0.00038608
        0.85           3     -0.8227   -0.824504 0.000780161
        0.85           4   -0.831408    -0.82623   0.0016052
        0.85           5   -0.824188   -0.825822   0.0013351
        0.85           6   -0.823548   -0.825443  0.00116512
        0.85           7   -0.824656    -0.82533  0.00100408
        0.85           8   -0.823348   -0.825083 0.000908631
        0.85           9   -0.826248   -0.825212 0.000816848
        0.85          10     -0.8246   -0.825151 0.000737452
        0.85          11   -0.827072   -0.825325 0.000690784
        0.85          12   -0.826076   -0.825388 0.000636043
        0.85          13   -0.825152    -0.82537 0.000587376
        0.85          14    -0.82482   -0.825331 0.000546732
        0.85          15    -0.82492   -0.825303 0.000510968
        0.85          16   -0.825156   -0.825294 0.000479115
        0.85          17   -0.825612   -0.825313 0.000451297
        0.85          18   -0.825616    -0.82533 0.000426539
        0.85          19    -0.82938   -0.825543  0.00045425
        0.85          20   -0.827436   -0.825637 0.000441291
       0.875           1   -0.812068   -0.812068           0
       0.875           2   -0.814472    -0.81327 0.000849942
       0.875           3   -0.816772   -0.814437  0.00110883
       0.875           4   -0.812848    -0.81404 0.000900003
       0.875           5   -0.811796   -0.813591 0.000824343
       0.875           6    -0.81668   -0.814106 0.000832318
       0.875           7   -0.813592   -0.814033 0.000716647
       0.875           8   -0.815344   -0.814197 0.000645543
       0.875           9   -0.817072   -0.814516 0.000648076
       0.875          10   -0.817064   -0.814771 0.000631374
       0.875          11   -0.814856   -0.814779 0.000574024
       0.875          12   -0.816696   -0.814938 0.000547977
       0.875          13    -0.81542   -0.814975 0.000507076
       0.875          14   -0.811896   -0.814755 0.000516363
       0.875          15   -0.810568   -0.814476 0.000552269
       0.875          16   -0.813716   -0.814429 0.000519792
       0.875          17   -0.816452   -0.814548 0.000502656
       0.875          18   -0.819004   -0.814795 0.000532217
       0.875          19   -0.814728   -0.814792 0.000504217
       0.875          20   -0.815684   -0.814836 0.000480976
         0.9           1   -0.804916   -0.804916           0
         0.9           2   -0.804332   -0.804624 0.000206475
         0.9           3   -0.807752   -0.805667  0.00086239
         0.9           4   -0.804196   -0.805299 0.000720919
         0.9           5     -0.8035   -0.804939 0.000660446
         0.9           6   -0.806144    -0.80514 0.000580094
         0.9           7   -0.806488   -0.805333 0.000528221
         0.9           8   -0.804416   -0.805218 0.000474456
         0.9           9   -0.805036   -0.805198 0.000422169
         0.9          10   -0.805256   -0.805204 0.000379993
         0.9          11   -0.801932   -0.804906 0.000446934
         0.9          12   -0.803212   -0.804765 0.000431413
         0.9          13   -0.806684   -0.804913 0.000422728
         0.9          14   -0.802424   -0.804735 0.000428279
         0.9          15   -0.805032   -0.804755 0.000400185
         0.9          16   -0.807408   -0.804921  0.00040809
         0.9          17    -0.80424    -0.80488 0.000386043
         0.9          18   -0.802084   -0.804725 0.000394621
         0.9          19   -0.805604   -0.804771 0.000376553
         0.9          20     -0.8016   -0.804613 0.000389685
       0.925           1   -0.794112   -0.794112           0
       0.925           2   -0.796308    -0.79521 0.000776403
       0.925           3   -0.790664   -0.793695  0.00134117
       0.925           4   -0.796136   -0.794305   0.0011363
       0.925           5   -0.793612   -0.794166 0.000917451
       0.925           6   -0.795492   -0.794387 0.000790697
       0.925           7    -0.79322   -0.794221 0.000695103
       0.925           8   -0.795548   -0.794387 0.000627707
       0.925           9   -0.791804     -0.7941 0.000620089
       0.925          10   -0.792732   -0.793963 0.000572962
       0.925          11   -0.794516   -0.794013 0.000523077
       0.925          12    -0.79296   -0.793925 0.000486793
       0.925          13   -0.791652    -0.79375  0.00047973
       0.925          14   -0.795864   -0.793901 0.000468616
       0.925          15    -0.79148    -0.79374 0.000464348
       0.925          16     -0.7923    -0.79365 0.000443962
       0.925          17   -0.796968   -0.793845 0.000458747
       0.925          18   -0.792708   -0.793782  0.00043759
       0.925          19   -0.795716   -0.793884 0.000426233
       0.925          20   -0.794844   -0.793932 0.000407616
        0.95           1    -0.78216    -0.78216           0
        0.95           2   -0.780056   -0.781108 0.000743876
        0.95           3   -0.783752   -0.781989 0.000873937
        0.95           4   -0.784016   -0.782496 0.000788766
        0.95           5   -0.783316    -0.78266 0.000647838
        0.95           6    -0.78586   -0.783193 0.000726974
        0.95           7   -0.780932    -0.78287 0.000691181
        0.95           8   -0.783564   -0.782957 0.000610198
        0.95           9   -0.781108   -0.782752 0.000575946
        0.95          10   -0.781768   -0.782653 0.000526683
        0.95          11   -0.786832   -0.783033 0.000600374
        0.95          12   -0.782176   -0.782962 0.000554575
        0.95          13   -0.781032   -0.782813 0.000531409
        0.95          14   -0.783952   -0.782895 0.000499638
        0.95          15   -0.782224    -0.78285 0.000468325
        0.95          16   -0.782892   -0.782853 0.000439062
        0.95          17   -0.782372   -0.782824 0.000414143
        0.95          18   -0.782628   -0.782813 0.000391279
        0.95          19   -0.780792   -0.782707 0.000384876
        0.95          20    -0.78512   -0.782828 0.000384079
       0.975           1   -0.772388   -0.772388           0
       0.975           2   -0.773888   -0.773138  0.00053033
       0.975           3   -0.776912   -0.774396   0.0010863
       0.975           4   -0.774664   -0.774463 0.000816787
       0.975           5   -0.774464   -0.774463  0.00065343
       0.975           6   -0.775128   -0.774574 0.000553839
       0.975           7   -0.774952   -0.774628 0.000477344
       0.975           8   -0.774592   -0.774624 0.000417698
       0.975           9    -0.77444   -0.774603 0.000371784
       0.975          10   -0.775428   -0.774686 0.000343635
       0.975          11   -0.774076    -0.77463 0.000316832
       0.975          12   -0.772048   -0.774415 0.000356081
       0.975          13    -0.77234   -0.774255 0.000362705
       0.975          14   -0.771392   -0.774051 0.000390226
       0.975          15    -0.77238   -0.773939 0.000379776
       0.975          16     -0.7734   -0.773906 0.000357534
       0.975          17    -0.77166   -0.773774 0.000360081
       0.975          18    -0.77058   -0.773596 0.000381291
       0.975          19     -0.7729    -0.77356  0.00036298
       0.975          20   -0.771004   -0.773432 0.000366632
           1           1    -0.76114    -0.76114           0
           1           2   -0.760972   -0.761056  5.9397e-05
           1           3    -0.76042   -0.760844 0.000177569
           1           4     -0.7627   -0.761308  0.00042333
           1           5   -0.764212   -0.761889 0.000620126
           1           6   -0.762272   -0.761953  0.00052005
           1           7   -0.764464   -0.762311 0.000555898
           1           8   -0.761696   -0.762235 0.000491705
           1           9   -0.758388   -0.761807 0.000594472
           1          10   -0.762688   -0.761895 0.000541512
           1          11   -0.760044   -0.761727 0.000517774
           1          12   -0.759524   -0.761543 0.000506124
           1          13   -0.763616   -0.761703 0.000491663
           1          14   -0.760828    -0.76164 0.000460497
           1          15   -0.760288    -0.76155 0.000438533
           1          16   -0.761116   -0.761523 0.000411964
           1          17   -0.765332   -0.761747 0.000444504
           1          18   -0.760548    -0.76168 0.000424772
           1          19   -0.763132   -0.761757 0.000409228
           1          20   -0.761016    -0.76172  0.00039044
       1.025           1   -0.748648   -0.748648           0
       1.025           2   -0.750996   -0.749822 0.000830143
       1.025           3   -0.752912   -0.750852  0.00100675
       1.025           4   -0.749264   -0.750455 0.000829656
       1.025           5   -0.752336   -0.750831 0.000744145
       1.025           6   -0.751788   -0.750991 0.000636978
       1.025           7   -0.753076   -0.751289  0.00061169
       1.025           8   -0.752916   -0.751492 0.000568049
       1.025           9   -0.751408   -0.751483 0.000505009
       1.025          10   -0.749792   -0.751314 0.000481978
       1.025          11   -0.747916   -0.751005 0.000527935
       1.025          12   -0.754288   -0.751278 0.000550291
       1.025          13   -0.750648    -0.75123 0.000510093
       1.025          14   -0.751216   -0.751229 0.000473658
       1.025          15   -0.750864   -0.751205 0.000442705
       1.025          16   -0.751608    -0.75123 0.000415754
       1.025          17    -0.74912   -0.751106 0.000409401
       1.025          18   -0.756732   -0.751418  0.00049171
       1.025          19   -0.751108   -0.751402 0.000466102
       1.025          20   -0.752284   -0.751446 0.000444878
        1.05           1   -0.740512   -0.740512           0
        1.05           2     -0.7403   -0.740406 7.49533e-05
        1.05           3   -0.739908    -0.74024 0.000144456
        1.05           4   -0.740304   -0.740256 0.000109225
        1.05           5   -0.740956   -0.740396 0.000152693
        1.05           6   -0.739676   -0.740276 0.000167902
        1.05           7   -0.743648   -0.740758 0.000468626
        1.05           8   -0.741772   -0.740885 0.000426854
        1.05           9   -0.741164   -0.740916 0.000380554
        1.05          10   -0.741828   -0.741007 0.000353268
        1.05          11   -0.742092   -0.741105 0.000334645
        1.05          12   -0.742148   -0.741192 0.000317835
        1.05          13    -0.74142    -0.74121 0.000293868
        1.05          14   -0.741276   -0.741215 0.000272916
        1.05          15   -0.740436   -0.741163  0.00025961
        1.05          16   -0.741012   -0.741153 0.000243555
        1.05          17   -0.740084    -0.74109 0.000237211
        1.05          18    -0.73984   -0.741021 0.000233982
        1.05          19   -0.741452   -0.741044 0.000222765
        1.05          20   -0.741456   -0.741064 0.000212579
       1.075           1   -0.731816   -0.731816           0
       1.075           2   -0.729708   -0.730762 0.000745291
       1.075           3   -0.729392   -0.730305 0.000621208
       1.075           4     -0.7295   -0.730104 0.000497464
       1.075           5   -0.733492   -0.730782 0.000725048
       1.075           6   -0.730204   -0.730685 0.000610564
       1.075           7   -0.731576   -0.730813 0.000536434
       1.075           8   -0.731816   -0.730938 0.000483822
       1.075           9   -0.729472   -0.730775 0.000456661
       1.075          10   -0.730704   -0.730768 0.000411051
       1.075          11    -0.73012   -0.730709  0.00037788
       1.075          12   -0.729968   -0.730647   0.0003514
       1.075          13   -0.731052   -0.730678 0.000325745
       1.075          14   -0.728496   -0.730523 0.000337726
       1.075          15   -0.730124   -0.730496 0.000316254
       1.075          16     -0.7284   -0.730365 0.000322481
       1.075          17   -0.729664   -0.730324 0.000306136
       1.075          18   -0.731936   -0.730413 0.000301947
       1.075          19   -0.729756   -0.730379 0.000288031
       1.075          20   -0.728684   -0.730294 0.000285822
         1.1           1   -0.724688   -0.724688           0
         1.1           2   -0.721896   -0.723292 0.000987121
         1.1           3   -0.719624   -0.722069  0.00119569
         1.1           4    -0.71954   -0.721437  0.00105075
         1.1           5   -0.720012   -0.721152 0.000878402
         1.1           6   -0.722168   -0.721321 0.000748145
         1.1           7   -0.721088   -0.721288  0.00064201
         1.1           8    -0.72092   -0.721242 0.000563404
         1.1           9   -0.719748   -0.721076 0.000524689
         1.1          10   -0.720068   -0.720975 0.000481805
         1.1          11    -0.72066   -0.720947 0.000438856
         1.1          12   -0.723008   -0.721118 0.000434609
         1.1          13   -0.720264   -0.721053 0.000406116
         1.1          14   -0.722168   -0.721132 0.000384843
         1.1          15    -0.72304   -0.721259  0.00037962
         1.1          16   -0.718396   -0.721081 0.000395838
         1.1          17   -0.719632   -0.720995 0.000381614
         1.1          18   -0.722944   -0.721104 0.000375456
         1.1          19   -0.720668   -0.721081 0.000356394
         1.1          20   -0.720364   -0.721045 0.000340371
       1.125           1   -0.709488   -0.709488           0
       1.125           2   -0.710936   -0.710212 0.000511945
       1.125           3    -0.71182   -0.710748  0.00055499
       1.125           4   -0.710352   -0.710649 0.000424981
       1.125           5   -0.708516   -0.710222 0.000511057
       1.125           6     -0.7084   -0.709919 0.000508186
       1.125           7   -0.712312   -0.710261 0.000538457
       1.125           8   -0.709736   -0.710195 0.000475126
       1.125           9   -0.712576    -0.71046 0.000490488
       1.125          10   -0.711548   -0.710568 0.000453356
       1.125          11   -0.706932   -0.710238 0.000518855
       1.125          12   -0.711396   -0.710334  0.00048451
       1.125          13     -0.7103   -0.710332 0.000447247
       1.125          14   -0.711344   -0.710404 0.000421106
       1.125          15   -0.712744    -0.71056 0.000420937
       1.125          16   -0.713488   -0.710743 0.000432582
       1.125          17   -0.711008   -0.710759 0.000407417
       1.125          18    -0.71174   -0.710813 0.000388414
       1.125          19     -0.7114   -0.710844 0.000369197
       1.125          20   -0.713724   -0.710988 0.000377778
        1.15           1    -0.69996    -0.69996           0
        1.15           2   -0.700044   -0.700002 2.96985e-05
        1.15           3   -0.702412   -0.700805 0.000656218
        1.15           4   -0.700332   -0.700687 0.000502719
        1.15           5    -0.70382   -0.701314 0.000689817
        1.15           6   -0.699172   -0.700957  0.00066077
        1.15           7   -0.700336   -0.700868 0.000572292
        1.15           8    -0.70232    -0.70105 0.000528754
        1.15           9   -0.700264   -0.700962 0.000477153
        1.15          10   -0.700384   -0.700904 0.000432927
        1.15          11   -0.700148   -0.700836 0.000398993
        1.15          12   -0.702112   -0.700942 0.000379656
        1.15          13   -0.698936   -0.700788 0.000380521
        1.15          14    -0.70106   -0.700807 0.000353837
        1.15          15   -0.701268   -0.700838 0.000331579
        1.15          16   -0.702932   -0.700969 0.000335695
        1.15          17   -0.701624   -0.701007 0.000318153
        1.15          18   -0.699656   -0.700932 0.000309208
        1.15          19   -0.703372   -0.701061 0.000318483
        1.15          20   -0.702332   -0.701124 0.000308838
       1.175           1   -0.690744   -0.690744           0
       1.175           2   -0.691556    -0.69115 0.000287085
       1.175           3   -0.692768   -0.691689 0.000480157
       1.175           4   -0.692332    -0.69185 0.000386063
       1.175           5   -0.693392   -0.692158 0.000414098
       1.175           6   -0.691076   -0.691978 0.000382363
       1.175           7   -0.694404   -0.692325 0.000458657
       1.175           8   -0.690756   -0.692129 0.000441248
       1.175           9   -0.693556   -0.692287 0.000419761
       1.175          10   -0.690248   -0.692083 0.000424433
       1.175          11   -0.693976   -0.692255  0.00041928
       1.175          12   -0.692852   -0.692305 0.000387278
       1.175          13   -0.691016   -0.692206 0.000369963
       1.175          14   -0.692208   -0.692206 0.000343537
       1.175          15   -0.691192   -0.692138 0.000327218
       1.175          16    -0.69264    -0.69217 0.000308265
       1.175          17   -0.692424   -0.692185 0.000290494
       1.175          18   -0.691292   -0.692135 0.000278557
       1.175          19   -0.690132    -0.69203 0.000283145
       1.175          20    -0.69224    -0.69204 0.000269183
         1.2           1   -0.685864   -0.685864           0
         1.2           2   -0.681416    -0.68364  0.00157261
         1.2           3   -0.683276   -0.683519  0.00105307
         1.2           4   -0.682956   -0.683378 0.000799145
         1.2           5   -0.684172   -0.683537 0.000654904
         1.2           6   -0.682984   -0.683445 0.000552196
         1.2           7    -0.68222    -0.68327 0.000500259
         1.2           8   -0.681204   -0.683012 0.000499945
         1.2           9   -0.680216   -0.682701 0.000532209
         1.2          10   -0.681812   -0.682612 0.000486355
         1.2          11   -0.683708   -0.682712 0.000452231
         1.2          12    -0.68228   -0.682676 0.000415973
         1.2          13   -0.684908   -0.682847 0.000417919
         1.2          14   -0.681976   -0.682785 0.000392675
         1.2          15   -0.682652   -0.682776 0.000366597
         1.2          16   -0.683172   -0.682801 0.000344518
         1.2          17   -0.681776   -0.682741 0.000329486
         1.2          18   -0.683412   -0.682778 0.000313285
         1.2          19   -0.681444   -0.682708 0.000304562
         1.2          20   -0.682208   -0.682683 0.000290357
       1.225           1   -0.674488   -0.674488           0
       1.225           2    -0.67372   -0.674104 0.000271529
       1.225           3   -0.671828   -0.673345 0.000645356
       1.225           4   -0.675956   -0.673998 0.000744146
       1.225           5   -0.672688   -0.673736 0.000639779
       1.225           6   -0.674908   -0.673931 0.000562178
       1.225           7   -0.675212   -0.674114 0.000510769
       1.225           8   -0.671264   -0.673758 0.000557506
       1.225           9   -0.675044   -0.673901 0.000513545
       1.225          10   -0.673972   -0.673908  0.00046224
       1.225          11   -0.673212   -0.673845 0.000424527
       1.225          12   -0.671496   -0.673649 0.000431919
       1.225          13   -0.674816   -0.673739 0.000407917
       1.225          14   -0.671716   -0.673594 0.000403557
       1.225          15   -0.675068   -0.673693 0.000388429
       1.225          16   -0.672868   -0.673641 0.000367555
       1.225          17    -0.67262   -0.673581 0.000350806
       1.225          18   -0.674328   -0.673622 0.000333763
       1.225          19   -0.672168   -0.673546 0.000324856
       1.225          20   -0.671996   -0.673468 0.000317722
        1.25           1    -0.66174    -0.66174           0
        1.25           2    -0.66418    -0.66296  0.00086267
        1.25           3   -0.664808   -0.663576  0.00076402
        1.25           4   -0.664568   -0.663824 0.000611943
        1.25           5   -0.664292   -0.663918 0.000496661
        1.25           6   -0.662188   -0.663629 0.000490457
        1.25           7   -0.667064    -0.66412 0.000618942
        1.25           8   -0.664496   -0.664167 0.000543356
        1.25           9   -0.664128   -0.664163    0.000483
        1.25          10     -0.6634   -0.664086 0.000440681
        1.25          11   -0.664204   -0.664097 0.000400748
        1.25          12   -0.663216   -0.664024 0.000374019
        1.25          13     -0.6627   -0.663922  0.00035884
        1.25          14    -0.66484   -0.663987 0.000339148
        1.25          15   -0.665516   -0.664089 0.000331495
        1.25          16    -0.66482   -0.664135 0.000313906
        1.25          17   -0.661856   -0.664001   0.0003228
        1.25          18   -0.664784   -0.664044 0.000307785
        1.25          19   -0.665968   -0.664146 0.000307786
        1.25          20   -0.663828    -0.66413 0.000292806
       1.275           1   -0.655276   -0.655276           0
       1.275           2   -0.656372   -0.655824 0.000387495
       1.275           3   -0.654956   -0.655535 0.000350062
       1.275           4   -0.654696   -0.655325 0.000319219
       1.275           5   -0.655812   -0.655422 0.000269826
       1.275           6   -0.654588   -0.655283 0.000258217
       1.275           7   -0.655616   -0.655331  0.00022566
       1.275           8   -0.655592   -0.655364 0.000199799
       1.275           9   -0.656792   -0.655522 0.000232239
       1.275          10   -0.656268   -0.655597 0.000220665
       1.275          11   -0.654796   -0.655524 0.000212274
       1.275          12   -0.655644   -0.655534  0.00019482
       1.275          13   -0.655292   -0.655515 0.000180721
       1.275          14   -0.656932   -0.655617 0.000194083
       1.275          15   -0.656532   -0.655678 0.000190498
       1.275          16    -0.65514   -0.655644 0.000181531
       1.275          17   -0.655792   -0.655653 0.000171061
       1.275          18   -0.657044    -0.65573 0.000178167
       1.275          19   -0.655896   -0.655739 0.000169004
       1.275          20   -0.653064   -0.655605 0.000206806
         1.3           1   -0.647484   -0.647484           0
         1.3           2   -0.647524   -0.647504 1.41421e-05
         1.3           3   -0.647484   -0.647497 1.08866e-05
         1.3           4   -0.648572   -0.647766 0.000232815
         1.3           5   -0.645296   -0.647272 0.000479498
         1.3           6   -0.649396   -0.647626 0.000513902
         1.3           7    -0.64544   -0.647314 0.000526897
         1.3           8   -0.646296   -0.647187 0.000476144
         1.3           9   -0.648772   -0.647363 0.000454663
         1.3          10   -0.644996   -0.647126 0.000466746
         1.3          11   -0.646644   -0.647082 0.000426366
         1.3          12   -0.645908   -0.646984 0.000401907
         1.3          13   -0.644044   -0.646758 0.000429949
         1.3          14   -0.647564   -0.646816 0.000403073
         1.3          15   -0.646148   -0.646771 0.000378651
         1.3          16   -0.646988   -0.646785 0.000355228
         1.3          17   -0.648808   -0.646904 0.000353708
         1.3          18   -0.646236   -0.646867 0.000335998
         1.3          19   -0.649776    -0.64702 0.000351477
         1.3          20   -0.646936   -0.647016 0.000333928
       1.325           1   -0.642384   -0.642384           0
       1.325           2   -0.635776    -0.63908  0.00233628
       1.325           3   -0.638888   -0.639016   0.0015584
       1.325           4   -0.636076   -0.638281  0.00133089
       1.325           5    -0.63752   -0.638129  0.00107338
       1.325           6   -0.638428   -0.638179 0.000895638
       1.325           7   -0.637404   -0.638068 0.000774496
       1.325           8   -0.640244    -0.63834 0.000723873
       1.325           9   -0.638616   -0.638371 0.000644092
       1.325          10   -0.638404   -0.638374 0.000579691
       1.325          11   -0.639312   -0.638459 0.000533227
       1.325          12   -0.640404   -0.638621 0.000512828
       1.325          13     -0.6401   -0.638735  0.00048583
       1.325          14   -0.638356   -0.638708 0.000451881
       1.325          15   -0.635568   -0.638499 0.000467736
       1.325          16   -0.638004   -0.638468 0.000439523
       1.325          17   -0.638988   -0.638498 0.000414733
       1.325          18   -0.635496   -0.638332 0.000423909
       1.325          19   -0.635396   -0.638177  0.00042883
       1.325          20   -0.637936   -0.638165 0.000407558
        1.35           1   -0.629096   -0.629096           0
        1.35           2   -0.629768   -0.629432 0.000237588
        1.35           3   -0.630148   -0.629671 0.000251123
        1.35           4    -0.63056   -0.629893 0.000269345
        1.35           5   -0.629164   -0.629747 0.000251865
        1.35           6   -0.630088   -0.629804 0.000216197
        1.35           7   -0.627548   -0.629482 0.000351241
        1.35           8   -0.629044   -0.629427 0.000311568
        1.35           9   -0.631336   -0.629639 0.000341604
        1.35          10   -0.630444    -0.62972 0.000316784
        1.35          11   -0.631208   -0.629855 0.000315563
        1.35          12   -0.630904   -0.629942 0.000301132
        1.35          13   -0.629024   -0.629872 0.000286134
        1.35          14   -0.632028   -0.630026  0.00030434
        1.35          15   -0.629012   -0.629958 0.000291457
        1.35          16   -0.629052   -0.629902 0.000278689
        1.35          17   -0.628488   -0.629818 0.000274419
        1.35          18   -0.629508   -0.629801 0.000259715
        1.35          19   -0.628764   -0.629747 0.000251716
        1.35          20   -0.628192   -0.629669 0.000250844
       1.375           1   -0.620376   -0.620376           0
       1.375           2    -0.62274   -0.621558   0.0008358
       1.375           3   -0.621896   -0.621671 0.000564743
       1.375           4   -0.622884   -0.621974 0.000498406
       1.375           5    -0.62146   -0.621871 0.000409189
       1.375           6   -0.620588   -0.621657 0.000392926
       1.375           7   -0.622088   -0.621719 0.000341576
       1.375           8   -0.622952   -0.621873 0.000331842
       1.375           9   -0.620432   -0.621713 0.000331353
       1.375          10    -0.62258     -0.6218 0.000309355
       1.375          11   -0.623984   -0.621998  0.00033903
       1.375          12   -0.621788   -0.621981 0.000311229
       1.375          13   -0.617872   -0.621665 0.000418019
       1.375          14    -0.62062    -0.62159 0.000394763
       1.375          15   -0.618984   -0.621416 0.000404874
       1.375          16    -0.62296   -0.621513 0.000390897
       1.375          17   -0.621696   -0.621524 0.000368052
       1.375          18   -0.620872   -0.621487  0.00034938
       1.375          19     -0.6241   -0.621625 0.000357028
       1.375          20    -0.62152    -0.62162 0.000339215
         1.4           1    -0.61396    -0.61396           0
         1.4           2   -0.612732   -0.613346 0.000434164
         1.4           3   -0.613512   -0.613401 0.000292947
         1.4           4     -0.6107   -0.612726 0.000624763
         1.4           5   -0.614124   -0.613006 0.000558884
         1.4           6   -0.614852   -0.613313   0.0005439
         1.4           7   -0.612916   -0.613257 0.000469153
         1.4           8   -0.616844   -0.613705 0.000586915
         1.4           9   -0.612488    -0.61357 0.000537054
         1.4          10   -0.614076    -0.61362 0.000485728
         1.4          11   -0.612548   -0.613523 0.000451249
         1.4          12   -0.613128    -0.61349 0.000414843
         1.4          13   -0.610456   -0.613257 0.000443752
         1.4          14   -0.614552   -0.613349 0.000421591
         1.4          15   -0.612448   -0.613289 0.000397743
         1.4          16   -0.615744   -0.613443 0.000401388
         1.4          17   -0.612312   -0.613376 0.000383246
         1.4          18   -0.613748   -0.613397 0.000362512
         1.4          19   -0.613256   -0.613389 0.000343508
         1.4          20   -0.611652   -0.613302 0.000337136
       1.425           1     -0.6051     -0.6051           0
       1.425           2   -0.601872   -0.603486  0.00114127
       1.425           3   -0.605812   -0.604261 0.000989772
       1.425           4    -0.60568   -0.604616 0.000803364
       1.425           5    -0.60602   -0.604897 0.000690023
       1.425           6   -0.606004   -0.605081 0.000599186
       1.425           7   -0.604488   -0.604997 0.000519549
       1.425           8   -0.605132   -0.605014 0.000454881
       1.425           9   -0.607072   -0.605242 0.000458247
       1.425          10   -0.604476   -0.605166  0.00041878
       1.425          11    -0.60818    -0.60544 0.000461745
       1.425          12   -0.604916   -0.605396 0.000425323
       1.425          13   -0.605316    -0.60539  0.00039265
       1.425          14   -0.604796   -0.605347 0.000366888
       1.425          15   -0.602956   -0.605188 0.000375473
       1.425          16    -0.60572   -0.605221 0.000353476
       1.425          17   -0.605948   -0.605264 0.000335258
       1.425          18   -0.605552    -0.60528 0.000317014
       1.425          19   -0.605204   -0.605276 0.000300354
       1.425          20   -0.603252   -0.605175 0.000301905
        1.45           1    -0.59794    -0.59794           0
        1.45           2   -0.598996   -0.598468 0.000373352
        1.45           3   -0.599484   -0.598807 0.000372042
        1.45           4   -0.597724   -0.598536 0.000364423
        1.45           5   -0.598688   -0.598566 0.000292803
        1.45           6   -0.596212   -0.598174 0.000433419
        1.45           7    -0.59736   -0.598058 0.000386787
        1.45           8   -0.596432   -0.597855 0.000388169
        1.45           9   -0.596956   -0.597755 0.000357647
        1.45          10    -0.59584   -0.597563 0.000369596
        1.45          11   -0.598184    -0.59762 0.000340278
        1.45          12    -0.59882    -0.59772 0.000326293
        1.45          13   -0.599752   -0.597876 0.000336568
        1.45          14   -0.599052    -0.59796 0.000322839
        1.45          15    -0.59568   -0.597808 0.000335195
        1.45          16     -0.5956    -0.59767 0.000341473
        1.45          17   -0.596196   -0.597583 0.000332212
        1.45          18    -0.59914    -0.59767 0.000324818
        1.45          19    -0.59874   -0.597726 0.000312568
        1.45          20   -0.596888   -0.597684 0.000299735
       1.475           1   -0.587216   -0.587216           0
       1.475           2   -0.588708   -0.587962 0.000527502
       1.475           3   -0.588912   -0.588279 0.000436488
       1.475           4   -0.588596   -0.588358 0.000334498
       1.475           5   -0.588936   -0.588474 0.000286879
       1.475           6   -0.588948   -0.588553 0.000249724
       1.475           7   -0.589768   -0.588726 0.000267683
       1.475           8   -0.590424   -0.588939 0.000307028
       1.475           9   -0.591596   -0.589234  0.00038985
       1.475          10   -0.591016   -0.589412 0.000389478
       1.475          11    -0.59172   -0.589622 0.000406679
       1.475          12    -0.58982   -0.589638 0.000373124
       1.475          13   -0.591668   -0.589794  0.00037567
       1.475          14   -0.591048   -0.589884 0.000359348
       1.475          15   -0.587392   -0.589718 0.000371817
       1.475          16   -0.589684   -0.589716 0.000348584
       1.475          17   -0.590676   -0.589772 0.000332624
       1.475          18   -0.591516   -0.589869 0.000327949
       1.475          19    -0.58868   -0.589807 0.000316604
       1.475          20    -0.58936   -0.589784  0.00030156
         1.5           1   -0.581588   -0.581588           0
         1.5           2    -0.58258   -0.582084 0.000350725
         1.5           3   -0.582408   -0.582192 0.000249892
         1.5           4   -0.581852   -0.582107 0.000201357
         1.5           5   -0.581332   -0.581952 0.000212529
         1.5           6   -0.581144   -0.581817 0.000215592
         1.5           7   -0.583972   -0.582125 0.000339647
         1.5           8   -0.583588   -0.582308 0.000342899
         1.5           9   -0.581228   -0.582188 0.000325119
         1.5          10   -0.583952   -0.582364 0.000337082
         1.5          11   -0.584528   -0.582561 0.000359269
         1.5          12   -0.581368   -0.582462 0.000342812
         1.5          13   -0.582764   -0.582485 0.000317229
         1.5          14     -0.5836   -0.582565 0.000304405
         1.5          15   -0.581508   -0.582494 0.000292147
         1.5          16   -0.584412   -0.582614 0.000297464
         1.5          17   -0.581928   -0.582574  0.00028269
         1.5          18   -0.579812    -0.58242 0.000305798
         1.5          19   -0.584188   -0.582513 0.000303527
         1.5          20    -0.58458   -0.582617 0.000305436
       1.525           1   -0.573572   -0.573572           0
       1.525           2   -0.575204   -0.574388 0.000576999
       1.525           3      -0.574   -0.574259 0.000398898
       1.525           4   -0.576808   -0.574896 0.000627814
       1.525           5   -0.575452   -0.575007 0.000512004
       1.525           6   -0.573388   -0.574737 0.000492684
       1.525           7   -0.576556   -0.574997    0.000486
       1.525           8   -0.575976    -0.57512 0.000440383
       1.525           9   -0.573944   -0.574989 0.000410363
       1.525          10   -0.575804    -0.57507 0.000377336
       1.525          11    -0.57556   -0.575115 0.000345647
       1.525          12   -0.576412   -0.575223 0.000333316
       1.525          13   -0.575864   -0.575272 0.000311302
       1.525          14    -0.57354   -0.575149 0.000312692
       1.525          15   -0.576308   -0.575226 0.000301248
       1.525          16   -0.577532    -0.57537 0.000315019
       1.525          17   -0.574764   -0.575334 0.000298499
       1.525          18   -0.574444   -0.575285 0.000285984
       1.525          19   -0.574648   -0.575251  0.00027289
       1.525          20   -0.576336   -0.575306 0.000264579
        1.55           1    -0.57072    -0.57072           0
        1.55           2   -0.569732   -0.570226 0.000349311
        1.55           3    -0.56826   -0.569571 0.000583556
        1.55           4   -0.565948   -0.568665  0.00089818
        1.55           5   -0.570168   -0.568966 0.000767198
        1.55           6   -0.567188   -0.568669 0.000694183
        1.55           7   -0.568472   -0.568641 0.000595586
        1.55           8   -0.570724   -0.568902 0.000575237
        1.55           9   -0.568184   -0.568822 0.000516817
        1.55          10   -0.568076   -0.568747 0.000470485
        1.55          11   -0.568484   -0.568723 0.000428322
        1.55          12   -0.569044    -0.56875 0.000393461
        1.55          13   -0.569096   -0.568777 0.000364094
        1.55          14   -0.570952   -0.568932  0.00036976
        1.55          15   -0.568476   -0.568902 0.000346357
        1.55          16   -0.567064   -0.568787 0.000343224
        1.55          17   -0.565312   -0.568582 0.000379041
        1.55          18   -0.568724    -0.56859 0.000358064
        1.55          19   -0.564996   -0.568401 0.000385968
        1.55          20   -0.569528   -0.568457  0.00037076
       1.575           1   -0.561208   -0.561208           0
       1.575           2    -0.55842   -0.559814 0.000985707
       1.575           3   -0.561804   -0.560477  0.00085157
       1.575           4   -0.562232   -0.560916 0.000743122
       1.575           5   -0.562484    -0.56123 0.000657346
       1.575           6   -0.560308   -0.561076 0.000565449
       1.575           7   -0.562356   -0.561259 0.000513386
       1.575           8   -0.561764   -0.561322 0.000453079
       1.575           9   -0.559768   -0.561149 0.000434394
       1.575          10   -0.561448   -0.561179  0.00039198
       1.575          11   -0.563236   -0.561366 0.000398455
       1.575          12    -0.56068   -0.561309  0.00036933
       1.575          13   -0.560528   -0.561249 0.000345772
       1.575          14   -0.558636   -0.561062 0.000368013
       1.575          15   -0.560732    -0.56104 0.000344137
       1.575          16   -0.560116   -0.560983 0.000327441
       1.575          17   -0.560552   -0.560957 0.000309158
       1.575          18   -0.559276   -0.560864 0.000305765
       1.575          19   -0.561796   -0.560913 0.000293582
       1.575          20    -0.56292   -0.561013 0.000295559
         1.6           1   -0.554348   -0.554348           0
         1.6           2   -0.554964   -0.554656 0.000217789
         1.6           3   -0.553652   -0.554321 0.000309433
         1.6           4   -0.553324   -0.554072 0.000316992
         1.6           5    -0.55412   -0.554082 0.000253739
         1.6           6   -0.554908   -0.554219 0.000246007
         1.6           7   -0.553612   -0.554133 0.000225645
         1.6           8    -0.55568   -0.554326 0.000267806
         1.6           9   -0.556288   -0.554544 0.000314502
         1.6          10   -0.555796   -0.554669 0.000306962
         1.6          11    -0.55336    -0.55455 0.000301247
         1.6          12   -0.554724   -0.554565 0.000276491
         1.6          13   -0.556624   -0.554723 0.000297157
         1.6          14   -0.553172   -0.554612 0.000295865
         1.6          15   -0.555868   -0.554696  0.00028774
         1.6          16    -0.55458   -0.554689 0.000269848
         1.6          17    -0.55432   -0.554667 0.000254845
         1.6          18    -0.55472    -0.55467 0.000240704
         1.6          19   -0.557088   -0.554797 0.000259506
         1.6          20   -0.553356   -0.554725 0.000256342
       1.625           1   -0.547472   -0.547472           0
       1.625           2   -0.546616   -0.547044 0.000302642
       1.625           3   -0.546088   -0.546725 0.000329251
       1.625           4   -0.548484   -0.547165 0.000453827
       1.625           5   -0.547976   -0.547327 0.000390974
       1.625           6    -0.54866   -0.547549 0.000383761
       1.625           7    -0.54868   -0.547711 0.000361335
       1.625           8    -0.54814   -0.547765 0.000320125
       1.625           9   -0.550004   -0.548013 0.000368796
       1.625          10   -0.547016   -0.547914 0.000345138
       1.625          11   -0.547732   -0.547897 0.000314157
       1.625          12   -0.547268   -0.547845 0.000292318
       1.625          13   -0.548668   -0.547908 0.000276608
       1.625          14   -0.549956   -0.548054  0.00029299
       1.625          15   -0.549744   -0.548167 0.000294317
       1.625          16   -0.547628   -0.548133 0.000277843
       1.625          17   -0.547788   -0.548113  0.00026224
       1.625          18   -0.545352    -0.54796 0.000289069
       1.625          19   -0.547548   -0.547938 0.000274666
       1.625          20   -0.547188     -0.5479 0.000263479
        1.65           1    -0.54116    -0.54116           0
        1.65           2   -0.540516   -0.540838 0.000227688
        1.65           3   -0.540692   -0.540789 0.000156907
        1.65           4    -0.53946   -0.540457 0.000310938
        1.65           5   -0.540504   -0.540466 0.000248893
        1.65           6   -0.540692   -0.540504 0.000210232
        1.65           7   -0.541808    -0.54069 0.000249432
        1.65           8   -0.541468   -0.540788  0.00023644
        1.65           9   -0.540288   -0.540732 0.000216584
        1.65          10   -0.540032   -0.540662 0.000205928
        1.65          11   -0.541432   -0.540732 0.000198748
        1.65          12   -0.542008   -0.540838 0.000208702
        1.65          13   -0.540128   -0.540784 0.000199672
        1.65          14   -0.542232   -0.540887  0.00021051
        1.65          15   -0.540648   -0.540871 0.000197079
        1.65          16   -0.539752   -0.540801 0.000196784
        1.65          17   -0.541592   -0.540848 0.000190627
        1.65          18   -0.539636    -0.54078 0.000191555
        1.65          19   -0.541368   -0.540811 0.000183952
        1.65          20   -0.543184    -0.54093 0.000209545
       1.675           1    -0.53392    -0.53392           0
       1.675           2    -0.53402    -0.53397 3.53553e-05
       1.675           3   -0.536272   -0.534737 0.000626968
       1.675           4   -0.533872   -0.534521 0.000506175
       1.675           5   -0.536648   -0.534946 0.000555651
       1.675           6   -0.533196   -0.534655 0.000534165
       1.675           7   -0.534432   -0.534623 0.000458802
       1.675           8    -0.53596    -0.53479 0.000430822
       1.675           9    -0.53532   -0.534849 0.000386957
       1.675          10   -0.533332   -0.534697 0.000376822
       1.675          11   -0.533932   -0.534628 0.000348927
       1.675          12    -0.53498   -0.534657 0.000321083
       1.675          13   -0.537092   -0.534844 0.000346741
       1.675          14   -0.534832   -0.534843 0.000321974
       1.675          15   -0.535436   -0.534883 0.000302923
       1.675          16   -0.534788   -0.534877 0.000284049
       1.675          17   -0.534272   -0.534841  0.00026956
       1.675          18   -0.534752   -0.534836  0.00025463
       1.675          19   -0.535328   -0.534862  0.00024254
       1.675          20      -0.534   -0.534819 0.000234214
         1.7           1   -0.528164   -0.528164           0
         1.7           2   -0.529436     -0.5288  0.00044972
         1.7           3   -0.528452   -0.528684 0.000314418
         1.7           4    -0.52958   -0.528908 0.000305352
         1.7           5   -0.525764   -0.528279 0.000613176
         1.7           6   -0.529088   -0.528414 0.000525589
         1.7           7   -0.527716   -0.528314 0.000459866
         1.7           8   -0.528212   -0.528302 0.000402561
         1.7           9   -0.527996   -0.528268  0.00035926
         1.7          10   -0.530076   -0.528448 0.000366031
         1.7          11    -0.52802   -0.528409 0.000334821
         1.7          12   -0.528376   -0.528407 0.000306931
         1.7          13   -0.529932   -0.528524 0.000304924
         1.7          14   -0.527584   -0.528457 0.000290442
         1.7          15   -0.529092   -0.528499 0.000274149
         1.7          16   -0.528644   -0.528508 0.000257164
         1.7          17   -0.529104   -0.528543 0.000244413
         1.7          18   -0.528244   -0.528527 0.000231399
         1.7          19   -0.530008   -0.528605 0.000231983
         1.7          20   -0.528016   -0.528575 0.000222243
       1.725           1   -0.521908   -0.521908           0
       1.725           2   -0.523812    -0.52286 0.000673166
       1.725           3   -0.523836   -0.523185   0.0005215
       1.725           4   -0.521132   -0.522672 0.000592125
       1.725           5   -0.520472   -0.522232  0.00061585
       1.725           6   -0.519432   -0.521765 0.000666982
       1.725           7   -0.523904   -0.522071 0.000637847
       1.725           8   -0.521744    -0.52203 0.000559423
       1.725           9   -0.522268   -0.522056  0.00049789
       1.725          10   -0.522032   -0.522054 0.000448107
       1.725          11   -0.520736   -0.521934 0.000423086
       1.725          12   -0.524836   -0.522176 0.000451679
       1.725          13   -0.523592   -0.522285 0.000429867
       1.725          14   -0.523428   -0.522367 0.000406843
       1.725          15   -0.521016   -0.522277 0.000389556
       1.725          16   -0.523348   -0.522344  0.00037092
       1.725          17    -0.52224   -0.522337 0.000349151
       1.725          18   -0.521856   -0.522311 0.000330776
       1.725          19   -0.524412   -0.522421 0.000331341
       1.725          20   -0.521824   -0.522391 0.000316117
        1.75           1   -0.516684   -0.516684           0
        1.75           2    -0.51554   -0.516112 0.000404465
        1.75           3   -0.515912   -0.516045 0.000275083
        1.75           4   -0.515836   -0.515993 0.000211232
        1.75           5   -0.516424   -0.516079 0.000185743
        1.75           6   -0.517052   -0.516241  0.00021416
        1.75           7   -0.517464   -0.516416 0.000244636
        1.75           8   -0.515216   -0.516266 0.000255944
        1.75           9   -0.515276   -0.516156 0.000250029
        1.75          10   -0.517328   -0.516273 0.000250996
        1.75          11   -0.515544   -0.516207 0.000236771
        1.75          12   -0.516832   -0.516259 0.000222696
        1.75          13   -0.517972   -0.516391 0.000241422
        1.75          14   -0.516012   -0.516364 0.000225689
        1.75          15   -0.515924   -0.516334 0.000212538
        1.75          16   -0.517192   -0.516388 0.000205902
        1.75          17    -0.51596   -0.516363 0.000195324
        1.75          18   -0.518684   -0.516492 0.000223014
        1.75          19   -0.517992   -0.516571  0.00022482
        1.75          20   -0.516872   -0.516586 0.000214083
       1.775           1   -0.512148   -0.512148           0
       1.775           2   -0.509772    -0.51096 0.000840043
       1.775           3   -0.510512   -0.510811 0.000573148
       1.775           4   -0.511284   -0.510929 0.000441908
       1.775           5   -0.508796   -0.510502 0.000520164
       1.775           6   -0.510604   -0.510519 0.000433746
       1.775           7     -0.5094   -0.510359 0.000400173
       1.775           8   -0.511068   -0.510448  0.00035982
       1.775           9   -0.511376   -0.510551 0.000334288
       1.775          10   -0.512184   -0.510714 0.000338398
       1.775          11   -0.512144   -0.510844 0.000331653
       1.775          12   -0.509352    -0.51072 0.000326501
       1.775          13    -0.50914   -0.510598 0.000323216
       1.775          14   -0.510664   -0.510603 0.000300163
       1.775          15   -0.509476   -0.510528 0.000289405
       1.775          16   -0.512284   -0.510638 0.000291385
       1.775          17    -0.51116   -0.510668 0.000275859
       1.775          18   -0.508564   -0.510552 0.000284232
       1.775          19   -0.510252   -0.510536 0.000269709
       1.775          20   -0.508928   -0.510455 0.000267936
         1.8           1    -0.50464    -0.50464           0
         1.8           2   -0.502788   -0.503714 0.000654781
         1.8           3   -0.504956   -0.504128   0.0005521
         1.8           4   -0.505308   -0.504423 0.000486546
         1.8           5   -0.504248   -0.504388 0.000390493
         1.8           6   -0.503356   -0.504216 0.000361311
         1.8           7   -0.505132   -0.504347 0.000332549
         1.8           8     -0.5053   -0.504466 0.000311593
         1.8           9   -0.504684    -0.50449 0.000277911
         1.8          10   -0.505516   -0.504593 0.000268384
         1.8          11   -0.502372   -0.504391 0.000310779
         1.8          12    -0.50566   -0.504497  0.00030234
         1.8          13   -0.503784   -0.504442  0.00028401
         1.8          14   -0.507324   -0.504648 0.000330007
         1.8          15    -0.50284   -0.504527 0.000329277
         1.8          16    -0.50362   -0.504471 0.000313541
         1.8          17   -0.503696   -0.504425 0.000298389
         1.8          18   -0.504044   -0.504404 0.000282561
         1.8          19   -0.504032   -0.504384 0.000268366
         1.8          20   -0.506548   -0.504492 0.000275895
       1.825           1   -0.499192   -0.499192           0
       1.825           2   -0.498884   -0.499038 0.000108894
       1.825           3   -0.498464   -0.498847 0.000172267
       1.825           4   -0.499556   -0.499024 0.000200694
       1.825           5   -0.499692   -0.499158 0.000200143
       1.825           6   -0.498276   -0.499011 0.000214029
       1.825           7    -0.49874   -0.498972 0.000186914
       1.825           8   -0.500376   -0.499148  0.00023173
       1.825           9   -0.497264   -0.498938 0.000285236
       1.825          10     -0.4991   -0.498954 0.000257171
       1.825          11   -0.497804    -0.49885 0.000254168
       1.825          12     -0.4983   -0.498804 0.000237081
       1.825          13   -0.499584   -0.498864 0.000226309
       1.825          14   -0.499028   -0.498876 0.000210447
       1.825          15   -0.500252   -0.498967 0.000215493
       1.825          16   -0.501536   -0.499128   0.0002549
       1.825          17   -0.497972    -0.49906 0.000248811
       1.825          18     -0.4995   -0.499084 0.000236186
       1.825          19    -0.49852   -0.499055 0.000225616
       1.825          20   -0.500336   -0.499119 0.000223245
        1.85           1   -0.493136   -0.493136           0
        1.85           2   -0.494096   -0.493616 0.000339411
        1.85           3   -0.491452   -0.492895 0.000630937
        1.85           4   -0.494304   -0.493247  0.00056305
        1.85           5   -0.494216   -0.493441 0.000482641
        1.85           6   -0.493788   -0.493499 0.000405655
        1.85           7   -0.494276    -0.49361 0.000362586
        1.85           8   -0.494112   -0.493673 0.000322653
        1.85           9   -0.492796   -0.493575 0.000301142
        1.85          10   -0.493748   -0.493592 0.000271523
        1.85          11   -0.495072   -0.493727 0.000278168
        1.85          12   -0.492648   -0.493637 0.000269126
        1.85          13   -0.494464   -0.493701 0.000255832
        1.85          14   -0.493396   -0.493679 0.000238482
        1.85          15   -0.492624   -0.493609 0.000232721
        1.85          16   -0.492104   -0.493515 0.000236411
        1.85          17    -0.48976   -0.493294 0.000308893
        1.85          18   -0.493648   -0.493313 0.000292359
        1.85          19   -0.494208    -0.49336 0.000280738
        1.85          20   -0.492648   -0.493325 0.000268952
       1.875           1    -0.48836    -0.48836           0
       1.875           2   -0.488696   -0.488528 0.000118794
       1.875           3   -0.484796   -0.487284   0.0010188
       1.875           4   -0.488768   -0.487655 0.000828906
       1.875           5   -0.487384   -0.487601 0.000664894
       1.875           6    -0.48634   -0.487391 0.000586344
       1.875           7   -0.485588   -0.487133 0.000556266
       1.875           8   -0.487292   -0.487153 0.000487087
       1.875           9   -0.488472     -0.4873  0.00045448
       1.875          10   -0.487084   -0.487278 0.000409543
       1.875          11   -0.488556   -0.487394 0.000388442
       1.875          12   -0.490304   -0.487637 0.000425072
       1.875          13   -0.487192   -0.487602 0.000393748
       1.875          14    -0.48828   -0.487651 0.000368585
       1.875          15     -0.4897   -0.487787  0.00036846
       1.875          16    -0.48824   -0.487816 0.000346515
       1.875          17   -0.487824   -0.487816 0.000326132
       1.875          18   -0.488852   -0.487874 0.000313049
       1.875          19   -0.488164   -0.487889 0.000296945
       1.875          20    -0.48608   -0.487799 0.000295553
         1.9           1   -0.483252   -0.483252           0
         1.9           2   -0.482092   -0.482672 0.000410122
         1.9           3   -0.483112   -0.482819  0.00029849
         1.9           4   -0.481668   -0.482531 0.000334934
         1.9           5   -0.484356   -0.482896 0.000422345
         1.9           6   -0.481644   -0.482687 0.000400196
         1.9           7   -0.481704   -0.482547 0.000366852
         1.9           8   -0.482912   -0.482593 0.000323823
         1.9           9    -0.48314   -0.482653 0.000293501
         1.9          10    -0.48368   -0.482756 0.000281535
         1.9          11   -0.482896   -0.482769 0.000256229
         1.9          12   -0.481288   -0.482645 0.000262915
         1.9          13   -0.483492    -0.48271 0.000250627
         1.9          14   -0.482848    -0.48272 0.000232918
         1.9          15   -0.483152   -0.482749 0.000219161
         1.9          16   -0.482448    -0.48273  0.00020627
         1.9          17   -0.481724   -0.482671 0.000202451
         1.9          18   -0.482532   -0.482663 0.000191351
         1.9          19     -0.4814   -0.482597 0.000192486
         1.9          20    -0.48104   -0.482519 0.000197977
       1.925           1     -0.4764     -0.4764           0
       1.925           2   -0.478076   -0.477238 0.000592555
       1.925           3    -0.47816   -0.477545 0.000467999
       1.925           4   -0.477548   -0.477546    0.000351
       1.925           5   -0.479088   -0.477854  0.00039362
       1.925           6   -0.477376   -0.477775 0.000335996
       1.925           7    -0.47504   -0.477384 0.000462341
       1.925           8    -0.47754   -0.477404  0.00040496
       1.925           9   -0.475844    -0.47723 0.000395301
       1.925          10    -0.47704   -0.477211 0.000356229
       1.925          11    -0.47928   -0.477399 0.000370177
       1.925          12   -0.475776   -0.477264 0.000363205
       1.925          13   -0.474368   -0.477041 0.000397759
       1.925          14   -0.477876   -0.477101  0.00037379
       1.925          15   -0.476868   -0.477085 0.000349193
       1.925          16   -0.476696   -0.477061 0.000328215
       1.925          17   -0.478144   -0.477125  0.00031503
       1.925          18   -0.476124   -0.477069 0.000302394
       1.925          19   -0.480048   -0.477226 0.000324588
       1.925          20     -0.4766   -0.477195 0.000309864
        1.95           1   -0.475972   -0.475972           0
        1.95           2   -0.471668    -0.47382  0.00152169
        1.95           3   -0.471352   -0.472997  0.00121668
        1.95           4   -0.473952   -0.473236 0.000935629
        1.95           5   -0.474184   -0.473426 0.000767474
        1.95           6    -0.47234   -0.473245 0.000660545
        1.95           7   -0.473316   -0.473255  0.00056626
        1.95           8   -0.470676   -0.472933  0.00058002
        1.95           9    -0.47436   -0.473091 0.000536822
        1.95          10   -0.472324   -0.473014  0.00048859
        1.95          11   -0.474296   -0.473131 0.000457853
        1.95          12   -0.470532   -0.472914 0.000468128
        1.95          13   -0.471376   -0.472796 0.000446824
        1.95          14   -0.472256   -0.472757 0.000416569
        1.95          15     -0.4715   -0.472674 0.000397143
        1.95          16   -0.471724   -0.472614  0.00037673
        1.95          17   -0.472876    -0.47263 0.000354884
        1.95          18   -0.473356    -0.47267 0.000337455
        1.95          19   -0.472264   -0.472649  0.00032037
        1.95          20   -0.471244   -0.472578 0.000311954
       1.975           1   -0.466696   -0.466696           0
       1.975           2   -0.467448   -0.467072 0.000265872
       1.975           3   -0.467768   -0.467304 0.000259422
       1.975           4   -0.469572   -0.467871 0.000528179
       1.975           5   -0.465396   -0.467376 0.000612015
       1.975           6   -0.465344   -0.467037 0.000596399
       1.975           7   -0.467352   -0.467082 0.000512891
       1.975           8   -0.467804   -0.467173 0.000456645
       1.975           9   -0.466092   -0.467052 0.000421393
       1.975          10   -0.467908   -0.467138 0.000387841
       1.975          11   -0.466512   -0.467081 0.000356734
       1.975          12   -0.468828   -0.467227  0.00035547
       1.975          13   -0.466096    -0.46714   0.0003386
       1.975          14   -0.468044   -0.467204 0.000320516
       1.975          15   -0.466964   -0.467188 0.000299548
       1.975          16   -0.466124   -0.467122 0.000288117
       1.975          17   -0.468072   -0.467178 0.000276538
       1.975          18   -0.468888   -0.467273 0.000277019
       1.975          19   -0.465744   -0.467192 0.000273873
       1.975          20   -0.468448   -0.467255 0.000267281
           2           1   -0.462952   -0.462952           0
           2           2   -0.461124   -0.462038 0.000646296
           2           3   -0.459932   -0.461336 0.000717063
           2           4    -0.46048   -0.461122 0.000568835
           2           5   -0.462232   -0.461344 0.000496502
           2           6   -0.461908   -0.461438 0.000422556
           2           7   -0.465024    -0.46195 0.000596765
           2           8   -0.463836   -0.462186 0.000566813
           2           9   -0.461536   -0.462114 0.000508414
           2          10   -0.462216   -0.462124 0.000457675
           2          11   -0.462668   -0.462173 0.000418732
           2          12   -0.464044   -0.462329 0.000411831
           2          13   -0.461252   -0.462246   0.0003884
           2          14   -0.461692   -0.462207 0.000362671
           2          15   -0.464844   -0.462383 0.000378716
           2          16   -0.461352   -0.462318 0.000360483
           2          17   -0.461568   -0.462274 0.000341969
           2          18   -0.460596   -0.462181 0.000335438
           2          19   -0.464132   -0.462284 0.000333131
           2          20   -0.460036   -0.462171 0.000334894
